ISO3,Date,Tests_diff,Tests
ALB,2020-02-25,8,8
ALB,2020-02-26,5,13
ALB,2020-02-27,4,17
ALB,2020-02-28,1,18
ALB,2020-02-29,8,26
ALB,2020-03-01,3,29
ALB,2020-03-02,2,31
ALB,2020-03-03,5,36
ALB,2020-03-04,6,42
ALB,2020-03-05,8,50
ALB,2020-03-06,3,53
ALB,2020-03-07,5,58
ALB,2020-03-08,1,59
ALB,2020-03-09,18,77
ALB,2020-03-10,37,114
ALB,2020-03-11,43,157
ALB,2020-03-12,141,298
ALB,2020-03-13,159,457
ALB,2020-03-14,48,505
ALB,2020-03-15,27,532
ALB,2020-03-16,31,563
ALB,2020-03-17,42,605
ALB,2020-03-18,60,665
ALB,2020-03-19,32,697
ALB,2020-03-20,35,732
ALB,2020-03-21,46,778
ALB,2020-03-22,33,811
ALB,2020-03-23,0,811
ALB,2020-03-24,0,811
ALB,2020-03-25,111,922
ALB,2020-03-26,103,1025
ALB,2020-03-27,102,1127
ALB,2020-03-28,79,1206
ALB,2020-03-29,111,1317
ALB,2020-03-30,90,1407
ALB,2020-03-31,145,1552
ALB,2020-04-01,152,1704
ALB,2020-04-02,96,1800
ALB,2020-04-03,112,1912
ALB,2020-04-04,216,2128
ALB,2020-04-05,149,2277
ALB,2020-04-06,175,2452
ALB,2020-04-07,182,2634
ALB,2020-04-08,236,2870
ALB,2020-04-09,234,3104
ALB,2020-04-10,162,3266
ALB,2020-04-11,259,3525
ALB,2020-04-12,233,3758
ALB,2020-04-13,193,3951
ALB,2020-04-14,236,4187
ALB,2020-04-15,252,4439
ALB,2020-04-16,269,4708
ALB,2020-04-17,253,4961
ALB,2020-04-18,231,5192
ALB,2020-04-19,231,5423
ALB,2020-04-20,233,5656
ALB,2020-04-21,242,5898
ALB,2020-04-22,252,6150
ALB,2020-04-23,240,6390
ALB,2020-04-24,259,6649
ALB,2020-04-25,247,6896
ALB,2020-04-26,264,7160
ALB,2020-04-27,212,7372
ALB,2020-04-28,267,7639
ALB,2020-04-29,270,7909
ALB,2020-04-30,225,8134
ALB,2020-05-01,245,8379
ALB,2020-05-02,171,8550
ALB,2020-05-03,197,8747
ALB,2020-05-04,140,8887
ALB,2020-05-05,270,9157
ALB,2020-05-06,255,9412
ALB,2020-05-07,275,9687
ALB,2020-05-08,238,9925
ALB,2020-05-09,224,10149
ALB,2020-05-10,170,10319
ALB,2020-05-11,121,10440
ALB,2020-05-12,243,10683
ALB,2020-05-13,246,10929
ALB,2020-05-14,191,11120
ALB,2020-05-15,219,11339
ALB,2020-05-16,306,11645
ALB,2020-05-17,260,11905
ALB,2020-05-18,168,12073
ALB,2020-05-19,177,12250
ALB,2020-05-20,186,12436
ALB,2020-05-21,204,12640
ALB,2020-05-22,174,12814
ALB,2020-05-23,200,13014
ALB,2020-05-24,146,13160
ALB,2020-05-25,54,13214
ALB,2020-05-26,173,13387
ALB,2020-05-27,262,13649
ALB,2020-05-28,225,13874
ALB,2020-05-29,276,14150
ALB,2020-05-30,229,14379
ALB,2020-05-31,225,14604
ALB,2020-06-01,102,14706
ALB,2020-06-02,243,14949
ALB,2020-06-03,297,15246
ALB,2020-06-04,282,15528
ALB,2020-06-05,162,15690
ALB,2020-06-06,253,15943
ALB,2020-06-07,193,16136
ALB,2020-06-08,102,16238
ALB,2020-06-09,359,16597
ALB,2020-06-10,311,16908
ALB,2020-06-11,291,17199
ALB,2020-06-12,300,17499
ALB,2020-06-13,270,17769
ALB,2020-06-14,362,18131
ALB,2020-06-15,319,18450
ALB,2020-06-16,364,18814
ALB,2020-06-17,333,19147
ALB,2020-06-18,280,19427
ALB,2020-06-19,330,19757
ALB,2020-06-20,320,20077
ALB,2020-06-21,327,20404
ALB,2020-06-22,239,20643
ALB,2020-06-23,328,20971
ALB,2020-06-24,347,21318
ALB,2020-06-25,344,21662
ALB,2020-06-26,402,22064
ALB,2020-06-27,355,22419
ALB,2020-06-28,374,22793
ALB,2020-06-29,371,23164
ALB,2020-06-30,371,23535
ALB,2020-07-01,269,23804
ALB,2020-07-02,368,24172
ALB,2020-07-03,362,24534
ALB,2020-07-04,376,24910
ALB,2020-07-05,392,25302
ALB,2020-07-06,459,25761
ALB,2020-07-07,409,26170
ALB,2020-07-08,397,26567
ALB,2020-07-09,401,26968
ALB,2020-07-10,420,27388
ALB,2020-07-11,420,27808
ALB,2020-07-12,420,28228
ALB,2020-07-13,585,28813
ALB,2020-07-14,451,29264
ALB,2020-07-15,361,29625
ALB,2020-07-16,425,30050
ALB,2020-07-17,431,30481
ALB,2020-07-18,501,30982
ALB,2020-07-19,331,31313
ALB,2020-07-20,267,31580
ALB,2020-07-21,482,32062
ALB,2020-07-22,496,32558
ALB,2020-07-23,477,33035
ALB,2020-07-24,564,33599
ALB,2020-07-25,304,33903
ALB,2020-07-26,504,34407
ALB,2020-07-27,500,34907
ALB,2020-07-28,507,35414
ALB,2020-07-29,502,35916
ALB,2020-07-30,507,36423
ALB,2020-07-31,500,36923
ALB,2020-08-01,510,37433
ALB,2020-08-02,474,37907
ALB,2020-08-03,474,38381
ALB,2020-08-04,546,38927
ALB,2020-08-05,561,39488
ALB,2020-08-06,531,40019
ALB,2020-08-07,586,40605
ALB,2020-08-08,500,41105
ALB,2020-08-09,561,41666
ALB,2020-08-10,506,42172
ALB,2020-08-11,603,42775
ALB,2020-08-12,625,43400
ALB,2020-08-13,643,44043
ALB,2020-08-14,639,44682
ALB,2020-08-15,650,45332
ALB,2020-08-16,626,45958
ALB,2020-08-17,501,46459
ALB,2020-08-18,932,47391
ALB,2020-08-19,864,48255
ALB,2020-08-20,847,49102
ALB,2020-08-21,864,49966
ALB,2020-08-22,837,50803
ALB,2020-08-23,785,51588
ALB,2020-08-24,947,52535
ALB,2020-08-25,870,53405
ALB,2020-08-26,878,54283
ALB,2020-08-27,865,55148
ALB,2020-08-28,801,55949
ALB,2020-08-29,796,56745
ALB,2020-08-30,803,57548
ALB,2020-08-31,820,58368
ALB,2020-09-01,812,59180
ALB,2020-09-02,856,60036
ALB,2020-09-03,835,60871
ALB,2020-09-04,857,61728
ALB,2020-09-05,860,62588
ALB,2020-09-06,847,63435
ALB,2020-09-07,824,64259
ALB,2020-09-08,830,65089
ALB,2020-09-09,852,65941
ALB,2020-09-10,870,66811
ALB,2020-09-11,875,67686
ALB,2020-09-12,872,68558
ALB,2020-09-13,877,69435
ALB,2020-09-14,862,70297
ALB,2020-09-15,810,71107
ALB,2020-09-16,824,71931
ALB,2020-09-17,817,72748
ALB,2020-09-18,833,73581
ALB,2020-09-19,836,74417
ALB,2020-09-20,844,75261
ALB,2020-09-21,809,76070
ALB,2020-09-22,825,76895
ALB,2020-09-23,887,77782
ALB,2020-09-24,852,78634
ALB,2020-09-25,808,79442
ALB,2020-09-26,811,80253
ALB,2020-09-27,832,81085
ALB,2020-09-28,824,81909
ALB,2020-09-29,820,82729
ALB,2020-09-30,842,83571
ALB,2020-10-01,1013,84584
ALB,2020-10-02,1085,85669
ALB,2020-10-03,1008,86677
ALB,2020-10-04,963,87640
ALB,2020-10-05,912,88552
ALB,2020-10-06,905,89457
ALB,2020-10-07,914,90371
ALB,2020-10-08,971,91342
ALB,2020-10-09,932,92274
ALB,2020-10-10,960,93234
ALB,2020-10-11,943,94177
ALB,2020-10-12,952,95129
ALB,2020-10-13,1055,96184
ALB,2020-10-14,1351,97535
ALB,2020-10-15,1398,98933
ALB,2020-10-16,1402,100335
ALB,2020-10-17,1289,101624
ALB,2020-10-18,1276,102900
ALB,2020-10-19,1413,104313
ALB,2020-10-20,1407,105720
ALB,2020-10-21,1375,107095
ALB,2020-10-22,1405,108500
ALB,2020-10-23,1412,109912
ALB,2020-10-24,1329,111241
ALB,2020-10-25,1315,112556
ALB,2020-10-26,1304,113860
ALB,2020-10-27,1278,115138
ALB,2020-10-28,1397,116535
ALB,2020-10-29,1422,117957
ALB,2020-10-30,1534,119491
ALB,2020-10-31,1260,120751
ALB,2020-11-01,1472,122223
ALB,2020-11-02,1446,123669
ALB,2020-11-03,1684,125353
ALB,2020-11-04,1725,127078
ALB,2020-11-05,1744,128822
ALB,2020-11-06,1954,130776
ALB,2020-11-07,1927,132703
ALB,2020-11-08,1942,134645
ALB,2020-11-09,1967,136612
ALB,2020-11-10,1739,138351
ALB,2020-11-11,1864,140215
ALB,2020-11-12,1559,141774
ALB,2020-11-13,2051,143825
ALB,2020-11-14,2055,145880
ALB,2020-11-15,2106,147986
ALB,2020-11-16,2086,150072
ALB,2020-11-17,2137,152209
ALB,2020-11-18,2117,154326
ALB,2020-11-19,2152,156478
ALB,2020-11-20,2198,158676
ALB,2020-11-21,1942,160618
ALB,2020-11-22,1627,162245
ALB,2020-11-23,2032,164277
ALB,2020-11-24,2095,166372
ALB,2020-11-25,1727,168099
ALB,2020-11-26,1777,169876
ALB,2020-11-27,1778,171654
ALB,2020-11-28,1416,173070
ALB,2020-11-29,2120,175190
ALB,2020-11-30,1948,177138
ALB,2020-12-01,1702,178840
ALB,2020-12-02,1830,180670
ALB,2020-12-03,2125,182795
ALB,2020-12-04,1915,184710
ALB,2020-12-05,1851,186561
ALB,2020-12-06,2063,188624
ALB,2020-12-07,1963,190587
ALB,2020-12-08,2532,193119
ALB,2020-12-09,2620,195739
ALB,2020-12-10,2714,198453
ALB,2020-12-11,2604,201057
ALB,2020-12-12,2734,203791
ALB,2020-12-13,2501,206292
ALB,2020-12-14,2108,208400
ALB,2020-12-15,2711,211111
ALB,2020-12-16,2657,213768
ALB,2020-12-17,2745,216513
ALB,2020-12-18,2615,219128
ALB,2020-12-19,2276,221404
ALB,2020-12-20,1927,223331
ALB,2020-12-21,1908,225239
ALB,2020-12-22,2420,227659
ALB,2020-12-23,2210,229869
ALB,2020-12-24,2198,232067
ALB,2020-12-25,2184,234251
ALB,2020-12-26,1889,236140
ALB,2020-12-27,2165,238305
ALB,2020-12-28,1508,239813
ALB,2020-12-29,2682,242495
ALB,2020-12-30,2681,245176
ALB,2020-12-31,2350,247526
ALB,2021-01-01,1858,249384
ALB,2021-01-02,1025,250409
ALB,2021-01-03,2309,252718
ALB,2021-01-04,1281,253999
ALB,2021-01-05,3424,257423
ALB,2021-01-06,3906,261329
ALB,2021-01-07,3668,264997
ALB,2021-01-08,3927,268924
ALB,2021-01-09,4499,273423
ALB,2021-01-10,2997,276420
ALB,2021-01-11,1575,277995
ALB,2021-01-12,3727,281722
ALB,2021-01-13,3307,285029
ALB,2021-01-14,3695,288724
ALB,2021-01-15,3530,292254
ALB,2021-01-16,3029,295283
ALB,2021-01-17,2521,297804
ALB,2021-01-18,2343,300147
ALB,2021-01-19,2510,302657
ALB,2021-01-20,3331,305988
ALB,2021-01-21,3088,309076
ALB,2021-01-22,3314,312390
ALB,2021-01-23,3513,315903
ALB,2021-01-24,3511,319414
ALB,2021-01-25,1918,321332
ALB,2021-01-26,3605,324937
ALB,2021-01-27,3512,328449
ALB,2021-01-28,3891,332340
ALB,2021-01-29,3761,336101
ALB,2021-01-30,3864,339965
ALB,2021-01-31,3144,343109
ALB,2021-02-01,2960,346069
ALB,2021-02-02,3856,349925
ALB,2021-02-03,3849,353774
ALB,2021-02-04,3974,357748
ALB,2021-02-05,4270,362018
ALB,2021-02-06,4539,366557
ALB,2021-02-07,0,366557
ALB,2021-02-08,3485,370042
ALB,2021-02-09,4562,374604
ALB,2021-02-10,4083,378687
ALB,2021-02-11,4092,382779
ALB,2021-02-12,3982,386761
ALB,2021-02-13,3994,390755
ALB,2021-02-14,3885,394640
ALB,2021-02-15,0,394640
ALB,2021-02-16,3842,398482
ALB,2021-02-17,3901,402383
ALB,2021-02-18,3935,406318
ALB,2021-02-19,3848,410166
ALB,2021-02-20,3975,414141
ALB,2021-02-21,4013,418154
ALB,2021-02-22,3258,421412
ALB,2021-02-23,3998,425410
ALB,2021-02-24,3897,429307
ALB,2021-02-25,3691,432998
ALB,2021-02-26,3689,436687
ALB,2021-02-27,3957,440644
ALB,2021-02-28,3805,444449
ALB,2021-03-01,2714,447163
ALB,2021-03-02,3369,450532
ALB,2021-03-03,3149,453681
ALB,2021-03-04,3268,456949
ALB,2021-03-05,3171,460120
ALB,2021-03-06,3308,463428
ALB,2021-03-07,3372,466800
ALB,2021-03-08,2708,469508
ALB,2021-03-09,3197,472705
ALB,2021-03-10,3035,475740
ALB,2021-03-11,3077,478817
ALB,2021-03-12,3340,482157
ALB,2021-03-13,3463,485620
ALB,2021-03-14,3119,488739
ALB,2021-03-15,3001,491740
ALB,2021-03-16,3005,494745
ALB,2021-03-17,2997,497742
ALB,2021-03-18,2994,500736
ALB,2021-03-19,2986,503722
ALB,2021-03-20,3251,506973
ALB,2021-03-21,3487,510460
ALB,2021-03-22,1993,512453
ALB,2021-03-23,2174,514627
ALB,2021-03-24,2475,517102
ALB,2021-03-25,2794,519896
ALB,2021-03-26,3012,522908
ALB,2021-03-27,3070,525978
ALB,2021-03-28,2993,528971
ALB,2021-03-29,1893,530864
ALB,2021-03-30,2730,533594
ALB,2021-03-31,2991,536585
ALB,2021-04-01,2899,539484
ALB,2021-04-02,2865,542349
ALB,2021-04-03,3007,545356
ALB,2021-04-04,3056,548412
ALB,2021-04-05,2092,550504
ALB,2021-04-06,2334,552838
ALB,2021-04-07,2538,555376
ALB,2021-04-08,3024,558400
ALB,2021-04-09,2966,561366
ALB,2021-04-10,3342,564708
ALB,2021-04-11,2684,567392
ALB,2021-04-12,1983,569375
ALB,2021-04-13,2862,572237
ALB,2021-04-14,2698,574935
ALB,2021-04-15,2520,577455
ALB,2021-04-16,2652,580107
ALB,2021-04-17,2886,582993
ALB,2021-04-18,2480,585473
ALB,2021-04-19,1867,587340
ALB,2021-04-20,3008,590348
ALB,2021-04-21,2584,592932
ALB,2021-04-22,2517,595449
ALB,2021-04-23,3079,598528
ALB,2021-04-24,3457,601985
ALB,2021-04-25,2789,604774
ALB,2021-04-26,994,605768
ALB,2021-04-27,2839,608607
ALB,2021-04-28,2258,610865
ALB,2021-04-29,2079,612944
ALB,2021-04-30,2808,615752
ALB,2021-05-01,2962,618714
ALB,2021-05-02,1535,620249
ALB,2021-05-03,1762,622011
ALB,2021-05-04,1995,624006
ALB,2021-05-05,2851,626857
ALB,2021-05-06,2818,629675
ALB,2021-05-07,2728,632403
ALB,2021-05-08,4516,636919
ALB,2021-05-09,1952,638871
ALB,2021-05-10,1444,640315
ALB,2021-05-11,2956,643271
ALB,2021-05-12,2707,645978
ALB,2021-05-13,2596,648574
ALB,2021-05-14,2964,651538
ALB,2021-05-15,3400,654938
ALB,2021-05-16,1862,656800
ALB,2021-05-17,2639,659439
ALB,2021-05-18,3169,662608
ALB,2021-05-19,3051,665659
ALB,2021-05-20,3093,668752
ALB,2021-05-21,3167,671919
ALB,2021-05-22,3862,675781
ALB,2021-05-23,2512,678293
ALB,2021-05-24,2020,680313
ALB,2021-05-25,3366,683679
ALB,2021-05-26,2691,686370
ALB,2021-05-27,3137,689507
ALB,2021-05-28,2807,692314
ALB,2021-05-29,3255,695569
ALB,2021-05-30,2170,697739
ALB,2021-05-31,2325,700064
ALB,2021-06-01,3661,703725
ALB,2021-06-02,3057,706782
ALB,2021-06-03,3340,710122
ALB,2021-06-04,2919,713041
ALB,2021-06-05,3593,716634
ALB,2021-06-06,1881,718515
ALB,2021-06-07,2103,720618
ALB,2021-06-08,2872,723490
ALB,2021-06-09,2821,726311
ALB,2021-06-10,2648,728959
ALB,2021-06-11,2915,731874
ALB,2021-06-12,2916,734790
ALB,2021-06-13,2224,737014
AND,2020-11-02,0,0
AND,2020-11-03,0,0
AND,2020-11-04,0,0
AND,2020-11-05,0,0
AND,2020-11-06,0,0
AND,2020-11-07,0,0
AND,2020-11-08,0,0
AND,2020-11-09,0,0
AND,2020-11-10,0,0
AND,2020-11-11,0,0
AND,2020-11-12,0,0
AND,2020-11-13,0,0
AND,2020-11-14,0,0
AND,2020-11-15,0,0
AND,2020-11-16,0,0
AND,2021-01-04,0,0
AND,2021-01-05,0,0
AND,2021-01-06,0,0
AND,2021-01-07,0,0
AND,2021-01-08,0,0
AND,2021-01-09,0,0
AND,2021-01-10,0,0
AND,2021-01-11,0,0
AND,2021-01-12,0,0
AND,2021-01-13,0,0
AND,2021-01-14,0,0
AND,2021-01-15,0,0
AND,2021-01-16,0,0
AND,2021-01-17,0,0
AND,2021-01-18,0,0
AND,2021-01-19,0,0
AND,2021-01-20,0,0
AND,2021-01-21,0,0
AND,2021-01-22,0,0
AND,2021-01-23,0,0
AND,2021-01-24,0,0
AND,2021-01-25,0,0
AND,2021-01-26,0,0
AND,2021-01-27,0,0
AND,2021-01-28,0,0
AND,2021-01-29,0,0
AND,2021-01-30,0,0
AND,2021-01-31,0,0
AND,2021-02-01,0,0
AND,2021-02-02,0,0
AND,2021-02-03,0,0
AND,2021-02-04,0,0
AND,2021-02-05,0,0
AND,2021-02-06,0,0
AND,2021-02-07,0,0
AND,2021-02-08,0,0
AND,2021-02-09,0,0
AND,2021-02-10,0,0
AND,2021-02-11,0,0
AND,2021-02-12,0,0
AND,2021-02-13,0,0
AND,2021-02-14,0,0
AND,2021-02-15,0,0
AND,2021-02-16,0,0
AND,2021-02-17,0,0
AND,2021-02-18,0,0
AND,2021-02-19,0,0
AND,2021-02-20,0,0
AND,2021-02-21,0,0
AND,2021-02-22,0,0
AND,2021-02-23,0,0
AND,2021-02-24,0,0
AND,2021-02-25,0,0
AND,2021-02-26,0,0
AND,2021-02-27,0,0
AND,2021-02-28,0,0
AND,2021-03-01,0,0
AND,2021-03-02,0,0
AND,2021-03-03,0,0
AND,2021-03-04,0,0
AND,2021-03-05,0,0
AND,2021-03-06,0,0
AND,2021-03-07,0,0
AND,2021-03-08,0,0
AND,2021-03-09,0,0
AND,2021-03-10,0,0
AND,2021-03-11,0,0
AND,2021-03-12,0,0
AND,2021-03-13,0,0
AND,2021-03-14,0,0
AND,2021-03-15,0,0
AND,2021-03-16,0,0
AND,2021-03-17,0,0
AND,2021-03-18,0,0
AND,2021-03-19,0,0
AND,2021-03-20,0,0
AND,2021-03-21,0,0
AND,2021-03-22,0,0
AND,2021-03-23,0,0
AND,2021-03-24,0,0
AND,2021-03-25,0,0
AND,2021-03-26,0,0
AND,2021-03-27,0,0
AND,2021-03-28,0,0
AND,2021-03-29,0,0
AND,2021-03-30,0,0
AND,2021-03-31,0,0
AND,2021-04-01,0,0
AND,2021-04-02,0,0
AND,2021-04-03,0,0
AND,2021-04-04,0,0
AND,2021-04-05,0,0
AND,2021-04-06,0,0
AND,2021-04-07,0,0
AND,2021-04-08,0,0
AND,2021-04-09,0,0
AND,2021-04-10,0,0
AND,2021-04-11,0,0
AND,2021-04-12,0,0
AND,2021-04-13,0,0
AND,2021-04-14,0,0
AND,2021-04-15,0,0
AND,2021-04-16,0,0
AND,2021-04-17,0,0
AND,2021-04-18,0,0
AND,2021-04-19,0,0
AND,2021-04-20,0,0
AND,2021-04-21,0,0
AND,2021-04-22,0,0
AND,2021-04-23,0,0
AND,2021-04-24,0,0
AND,2021-04-25,0,0
AND,2021-04-26,0,0
AND,2021-04-27,0,0
AND,2021-04-28,0,0
AND,2021-04-29,0,0
AND,2021-04-30,0,0
AND,2021-05-01,0,0
AND,2021-05-02,0,0
AND,2021-05-03,0,0
AND,2021-05-04,0,0
AND,2021-05-05,0,0
AND,2021-05-06,0,0
AND,2021-05-07,0,0
AND,2021-05-08,0,0
AND,2021-05-09,0,0
AND,2021-05-10,0,0
AND,2021-05-11,0,0
AND,2021-05-12,0,0
AND,2021-05-13,0,0
AND,2021-05-14,0,0
AND,2021-05-15,0,0
AND,2021-05-16,0,0
AND,2021-05-17,0,0
AND,2021-05-18,0,0
AND,2021-05-19,0,0
AND,2021-05-20,0,0
AND,2021-05-21,0,0
AND,2021-05-22,0,0
AND,2021-05-23,0,0
AND,2021-05-24,0,0
AND,2021-05-25,0,0
AND,2021-05-26,0,0
AND,2021-05-27,0,0
AND,2021-05-28,0,0
AND,2021-05-29,0,0
AND,2021-05-30,0,0
AND,2021-05-31,0,0
AND,2021-06-01,0,0
AND,2021-06-02,0,0
AND,2021-06-03,0,0
AND,2021-06-04,0,0
AND,2021-06-05,0,0
AND,2021-06-06,0,0
AND,2021-06-07,0,0
AND,2021-06-08,0,0
AND,2021-06-09,0,0
AND,2021-06-10,0,0
AND,2021-06-11,0,0
AND,2021-06-12,0,0
AND,2021-06-13,0,0
AND,2021-06-14,0,0
AND,2021-06-15,0,0
AND,2021-06-16,0,0
AND,2021-06-17,0,0
AND,2021-06-18,0,0
AND,2021-06-19,0,0
AND,2021-06-20,0,0
AND,2021-06-21,0,0
ATG,2021-06-29,0,0
ARG,2020-01-01,1,1
ARG,2020-01-02,36,37
ARG,2020-01-03,4,41
ARG,2020-01-04,65,106
ARG,2020-01-05,4,110
ARG,2020-01-06,46,156
ARG,2020-01-07,24,180
ARG,2020-01-08,0,180
ARG,2020-01-09,0,180
ARG,2020-01-10,77,257
ARG,2020-01-11,0,257
ARG,2020-01-12,36,293
ARG,2020-01-13,2,295
ARG,2020-01-14,0,295
ARG,2020-01-15,64,359
ARG,2020-01-16,1,360
ARG,2020-01-17,0,360
ARG,2020-01-18,0,360
ARG,2020-01-19,35,395
ARG,2020-01-20,1,396
ARG,2020-01-21,0,396
ARG,2020-01-22,0,396
ARG,2020-01-23,0,396
ARG,2020-01-24,0,396
ARG,2020-01-25,0,396
ARG,2020-01-26,0,396
ARG,2020-01-27,19,415
ARG,2020-01-28,0,415
ARG,2020-01-29,1,416
ARG,2020-01-30,15,431
ARG,2020-01-31,1,432
ARG,2020-02-01,37,469
ARG,2020-02-02,0,469
ARG,2020-02-03,0,469
ARG,2020-02-04,0,469
ARG,2020-02-05,0,469
ARG,2020-02-06,0,469
ARG,2020-02-07,0,469
ARG,2020-02-08,0,469
ARG,2020-02-09,0,469
ARG,2020-02-10,0,469
ARG,2020-02-11,2,471
ARG,2020-02-12,7,478
ARG,2020-02-13,0,478
ARG,2020-02-14,0,478
ARG,2020-02-15,0,478
ARG,2020-02-16,0,478
ARG,2020-02-17,0,478
ARG,2020-02-18,0,478
ARG,2020-02-19,0,478
ARG,2020-02-20,2,480
ARG,2020-02-21,0,480
ARG,2020-02-22,0,480
ARG,2020-02-23,0,480
ARG,2020-02-24,1,481
ARG,2020-02-25,20,501
ARG,2020-02-26,0,501
ARG,2020-02-27,5,506
ARG,2020-02-28,11,517
ARG,2020-02-29,0,517
ARG,2020-03-01,0,517
ARG,2020-03-02,6,523
ARG,2020-03-03,8,531
ARG,2020-03-04,6,537
ARG,2020-03-05,7,544
ARG,2020-03-06,11,555
ARG,2020-03-07,9,564
ARG,2020-03-08,29,593
ARG,2020-03-09,14,607
ARG,2020-03-10,37,644
ARG,2020-03-11,35,679
ARG,2020-03-12,47,726
ARG,2020-03-13,87,813
ARG,2020-03-14,49,862
ARG,2020-03-15,81,943
ARG,2020-03-16,106,1049
ARG,2020-03-17,128,1177
ARG,2020-03-18,203,1380
ARG,2020-03-19,152,1532
ARG,2020-03-20,232,1764
ARG,2020-03-21,323,2087
ARG,2020-03-22,247,2334
ARG,2020-03-23,288,2622
ARG,2020-03-24,445,3067
ARG,2020-03-25,550,3617
ARG,2020-03-26,586,4203
ARG,2020-03-27,457,4660
ARG,2020-03-28,482,5142
ARG,2020-03-29,718,5860
ARG,2020-03-30,659,6519
ARG,2020-03-31,670,7189
ARG,2020-04-01,1071,8260
ARG,2020-04-02,1671,9931
ARG,2020-04-03,1604,11535
ARG,2020-04-04,1403,12938
ARG,2020-04-05,1086,14024
ARG,2020-04-06,1368,15392
ARG,2020-04-07,1686,17078
ARG,2020-04-08,2006,19084
ARG,2020-04-09,1855,20939
ARG,2020-04-10,1720,22659
ARG,2020-04-11,1821,24480
ARG,2020-04-12,1588,26068
ARG,2020-04-13,1865,27933
ARG,2020-04-14,2113,30046
ARG,2020-04-15,2301,32347
ARG,2020-04-16,2359,34706
ARG,2020-04-17,2194,36900
ARG,2020-04-18,2281,39181
ARG,2020-04-19,1631,40812
ARG,2020-04-20,2383,43195
ARG,2020-04-21,2894,46089
ARG,2020-04-22,2658,48747
ARG,2020-04-23,2715,51462
ARG,2020-04-24,3303,54765
ARG,2020-04-25,2645,57410
ARG,2020-04-26,1732,59142
ARG,2020-04-27,2233,61375
ARG,2020-04-28,2935,64310
ARG,2020-04-29,3083,67393
ARG,2020-04-30,2851,70244
ARG,2020-05-01,3047,73291
ARG,2020-05-02,2293,75584
ARG,2020-05-03,2131,77715
ARG,2020-05-04,2852,80567
ARG,2020-05-05,4059,84626
ARG,2020-05-06,4082,88708
ARG,2020-05-07,3924,92632
ARG,2020-05-08,3676,96308
ARG,2020-05-09,3597,99905
ARG,2020-05-10,2282,102187
ARG,2020-05-11,3660,105847
ARG,2020-05-12,3762,109609
ARG,2020-05-13,4349,113958
ARG,2020-05-14,4210,118168
ARG,2020-05-15,4404,122572
ARG,2020-05-16,3753,126325
ARG,2020-05-17,2810,129135
ARG,2020-05-18,4126,133261
ARG,2020-05-19,5599,138860
ARG,2020-05-20,5877,144737
ARG,2020-05-21,5916,150653
ARG,2020-05-22,5695,156348
ARG,2020-05-23,4813,161161
ARG,2020-05-24,3728,164889
ARG,2020-05-25,4166,169055
ARG,2020-05-26,4937,173992
ARG,2020-05-27,5972,179964
ARG,2020-05-28,6008,185972
ARG,2020-05-29,6831,192803
ARG,2020-05-30,5587,198390
ARG,2020-05-31,3828,202218
ARG,2020-06-01,5249,207467
ARG,2020-06-02,5776,213243
ARG,2020-06-03,6961,220204
ARG,2020-06-04,6570,226774
ARG,2020-06-05,6831,233605
ARG,2020-06-06,6399,240004
ARG,2020-06-07,3416,243420
ARG,2020-06-08,6301,249721
ARG,2020-06-09,7422,257143
ARG,2020-06-10,8023,265166
ARG,2020-06-11,8425,273591
ARG,2020-06-12,9301,282892
ARG,2020-06-13,8159,291051
ARG,2020-06-14,5227,296278
ARG,2020-06-15,5859,302137
ARG,2020-06-16,7836,309973
ARG,2020-06-17,9745,319718
ARG,2020-06-18,10467,330185
ARG,2020-06-19,10368,340553
ARG,2020-06-20,9990,350543
ARG,2020-06-21,6598,357141
ARG,2020-06-22,9513,366654
ARG,2020-06-23,11518,378172
ARG,2020-06-24,11336,389508
ARG,2020-06-25,11849,401357
ARG,2020-06-26,12346,413703
ARG,2020-06-27,10192,423895
ARG,2020-06-28,6569,430464
ARG,2020-06-29,9789,440253
ARG,2020-06-30,11116,451369
ARG,2020-07-01,11369,462738
ARG,2020-07-02,11586,474324
ARG,2020-07-03,12824,487148
ARG,2020-07-04,11748,498896
ARG,2020-07-05,7122,506018
ARG,2020-07-06,10610,516628
ARG,2020-07-07,12909,529537
ARG,2020-07-08,14727,544264
ARG,2020-07-09,13046,557310
ARG,2020-07-10,12020,569330
ARG,2020-07-11,11435,580765
ARG,2020-07-12,7853,588618
ARG,2020-07-13,12301,600919
ARG,2020-07-14,14900,615819
ARG,2020-07-15,15162,630981
ARG,2020-07-16,15023,646004
ARG,2020-07-17,16765,662769
ARG,2020-07-18,14337,677106
ARG,2020-07-19,10166,687272
ARG,2020-07-20,14702,701974
ARG,2020-07-21,17432,719406
ARG,2020-07-22,18233,737639
ARG,2020-07-23,18064,755703
ARG,2020-07-24,19090,774793
ARG,2020-07-25,15426,790219
ARG,2020-07-26,11181,801400
ARG,2020-07-27,15992,817392
ARG,2020-07-28,19263,836655
ARG,2020-07-29,20010,856665
ARG,2020-07-30,19504,876169
ARG,2020-07-31,21508,897677
ARG,2020-08-01,15825,913502
ARG,2020-08-02,13266,926768
ARG,2020-08-03,18171,944939
ARG,2020-08-04,21990,966929
ARG,2020-08-05,22707,989636
ARG,2020-08-06,22917,1012553
ARG,2020-08-07,23146,1035699
ARG,2020-08-08,19833,1055532
ARG,2020-08-09,12986,1068518
ARG,2020-08-10,21282,1089800
ARG,2020-08-11,25240,1115040
ARG,2020-08-12,24655,1139695
ARG,2020-08-13,23794,1163489
ARG,2020-08-14,24956,1188445
ARG,2020-08-15,20794,1209239
ARG,2020-08-16,12816,1222055
ARG,2020-08-17,16397,1238452
ARG,2020-08-18,20731,1259183
ARG,2020-08-19,23558,1282741
ARG,2020-08-20,24136,1306877
ARG,2020-08-21,24288,1331165
ARG,2020-08-22,20285,1351450
ARG,2020-08-23,13522,1364972
ARG,2020-08-24,22675,1387647
ARG,2020-08-25,25168,1412815
ARG,2020-08-26,26609,1439424
ARG,2020-08-27,27793,1467217
ARG,2020-08-28,27025,1494242
ARG,2020-08-29,22168,1516410
ARG,2020-08-30,17170,1533580
ARG,2020-08-31,23289,1556869
ARG,2020-09-01,27461,1584330
ARG,2020-09-02,27529,1611859
ARG,2020-09-03,27454,1639313
ARG,2020-09-04,27342,1666655
ARG,2020-09-05,23704,1690359
ARG,2020-09-06,15334,1705693
ARG,2020-09-07,25752,1731445
ARG,2020-09-08,28849,1760294
ARG,2020-09-09,30864,1791158
ARG,2020-09-10,29437,1820595
ARG,2020-09-11,31928,1852523
ARG,2020-09-12,24291,1876814
ARG,2020-09-13,16377,1893191
ARG,2020-09-14,26779,1919970
ARG,2020-09-15,27619,1947589
ARG,2020-09-16,29334,1976923
ARG,2020-09-17,30036,2006959
ARG,2020-09-18,30332,2037291
ARG,2020-09-19,24494,2061785
ARG,2020-09-20,14979,2076764
ARG,2020-09-21,23648,2100412
ARG,2020-09-22,27905,2128317
ARG,2020-09-23,29311,2157628
ARG,2020-09-24,29291,2186919
ARG,2020-09-25,29825,2216744
ARG,2020-09-26,22662,2239406
ARG,2020-09-27,16183,2255589
ARG,2020-09-28,24869,2280458
ARG,2020-09-29,29993,2310451
ARG,2020-09-30,30492,2340943
ARG,2020-10-01,30351,2371294
ARG,2020-10-02,31747,2403041
ARG,2020-10-03,22820,2425861
ARG,2020-10-04,13802,2439663
ARG,2020-10-05,25659,2465322
ARG,2020-10-06,30498,2495820
ARG,2020-10-07,30047,2525867
ARG,2020-10-08,30045,2555912
ARG,2020-10-09,29343,2585255
ARG,2020-10-10,23308,2608563
ARG,2020-10-11,15624,2624187
ARG,2020-10-12,16618,2640805
ARG,2020-10-13,26000,2666805
ARG,2020-10-14,32630,2699435
ARG,2020-10-15,32424,2731859
ARG,2020-10-16,31689,2763548
ARG,2020-10-17,25604,2789152
ARG,2020-10-18,14456,2803608
ARG,2020-10-19,27447,2831055
ARG,2020-10-20,30862,2861917
ARG,2020-10-21,32469,2894386
ARG,2020-10-22,29838,2924224
ARG,2020-10-23,30295,2954519
ARG,2020-10-24,22954,2977473
ARG,2020-10-25,13861,2991334
ARG,2020-10-26,24898,3016232
ARG,2020-10-27,26603,3042835
ARG,2020-10-28,29140,3071975
ARG,2020-10-29,27036,3099011
ARG,2020-10-30,26388,3125399
ARG,2020-10-31,19516,3144915
ARG,2020-11-01,13138,3158053
ARG,2020-11-02,21207,3179260
ARG,2020-11-03,24712,3203972
ARG,2020-11-04,24074,3228046
ARG,2020-11-05,26971,3255017
ARG,2020-11-06,24098,3279115
ARG,2020-11-07,19672,3298787
ARG,2020-11-08,12536,3311323
ARG,2020-11-09,19867,3331190
ARG,2020-11-10,24588,3355778
ARG,2020-11-11,24497,3380275
ARG,2020-11-12,22995,3403270
ARG,2020-11-13,24642,3427912
ARG,2020-11-14,19336,3447248
ARG,2020-11-15,10776,3458024
ARG,2020-11-16,20177,3478201
ARG,2020-11-17,23548,3501749
ARG,2020-11-18,25114,3526863
ARG,2020-11-19,23775,3550638
ARG,2020-11-20,22957,3573595
ARG,2020-11-21,16924,3590519
ARG,2020-11-22,10196,3600715
ARG,2020-11-23,10986,3611701
ARG,2020-11-24,19953,3631654
ARG,2020-11-25,22548,3654202
ARG,2020-11-26,22906,3677108
ARG,2020-11-27,21542,3698650
ARG,2020-11-28,17052,3715702
ARG,2020-11-29,9351,3725053
ARG,2020-11-30,19423,3744476
ARG,2020-12-01,23543,3768019
ARG,2020-12-02,22917,3790936
ARG,2020-12-03,21469,3812405
ARG,2020-12-04,20579,3832984
ARG,2020-12-05,16712,3849696
ARG,2020-12-06,8547,3858243
ARG,2020-12-07,12124,3870367
ARG,2020-12-08,10373,3880740
ARG,2020-12-09,20519,3901259
ARG,2020-12-10,23916,3925175
ARG,2020-12-11,23914,3949089
ARG,2020-12-12,19171,3968260
ARG,2020-12-13,11709,3979969
ARG,2020-12-14,20477,4000446
ARG,2020-12-15,24997,4025443
ARG,2020-12-16,25652,4051095
ARG,2020-12-17,27890,4078985
ARG,2020-12-18,27944,4106929
ARG,2020-12-19,23750,4130679
ARG,2020-12-20,15362,4146041
ARG,2020-12-21,26925,4172966
ARG,2020-12-22,30651,4203617
ARG,2020-12-23,31939,4235556
ARG,2020-12-24,19833,4255389
ARG,2020-12-25,5939,4261328
ARG,2020-12-26,22152,4283480
ARG,2020-12-27,16703,4300183
ARG,2020-12-28,32553,4332736
ARG,2020-12-29,37078,4369814
ARG,2020-12-30,39304,4409118
ARG,2020-12-31,27725,4436843
ARG,2021-01-01,7819,4444662
ARG,2021-01-02,23555,4468217
ARG,2021-01-03,21846,4490063
ARG,2021-01-04,36112,4526175
ARG,2021-01-05,42011,4568186
ARG,2021-01-06,43738,4611924
ARG,2021-01-07,40252,4652176
ARG,2021-01-08,40497,4692673
ARG,2021-01-09,36687,4729360
ARG,2021-01-10,22872,4752232
ARG,2021-01-11,38441,4790673
ARG,2021-01-12,40688,4831361
ARG,2021-01-13,42450,4873811
ARG,2021-01-14,40895,4914706
ARG,2021-01-15,45619,4960325
ARG,2021-01-16,38270,4998595
ARG,2021-01-17,27405,5026000
ARG,2021-01-18,42062,5068062
ARG,2021-01-19,46010,5114072
ARG,2021-01-20,43301,5157373
ARG,2021-01-21,39621,5196994
ARG,2021-01-22,38427,5235421
ARG,2021-01-23,30113,5265534
ARG,2021-01-24,21564,5287098
ARG,2021-01-25,37789,5324887
ARG,2021-01-26,38672,5363559
ARG,2021-01-27,39624,5403183
ARG,2021-01-28,37337,5440520
ARG,2021-01-29,40061,5480581
ARG,2021-01-30,36575,5517156
ARG,2021-01-31,33843,5550999
ARG,2021-02-01,44378,5595377
ARG,2021-02-02,47940,5643317
ARG,2021-02-03,43318,5686635
ARG,2021-02-04,36938,5723573
ARG,2021-02-05,35737,5759310
ARG,2021-02-06,28467,5787777
ARG,2021-02-07,21403,5809180
ARG,2021-02-08,37668,5846848
ARG,2021-02-09,39737,5886585
ARG,2021-02-10,38219,5924804
ARG,2021-02-11,37305,5962109
ARG,2021-02-12,37503,5999612
ARG,2021-02-13,33562,6033174
ARG,2021-02-14,22988,6056162
ARG,2021-02-15,30753,6086915
ARG,2021-02-16,31451,6118366
ARG,2021-02-17,42671,6161037
ARG,2021-02-18,43303,6204340
ARG,2021-02-19,41465,6245805
ARG,2021-02-20,31852,6277657
ARG,2021-02-21,23501,6301158
ARG,2021-02-22,37354,6338512
ARG,2021-02-23,38069,6376581
ARG,2021-02-24,37168,6413749
ARG,2021-02-25,32846,6446595
ARG,2021-02-26,35511,6482106
ARG,2021-02-27,29437,6511543
ARG,2021-02-28,24608,6536151
ARG,2021-03-01,32032,6568183
ARG,2021-03-02,35052,6603235
ARG,2021-03-03,34834,6638069
ARG,2021-03-04,34320,6672389
ARG,2021-03-05,35088,6707477
ARG,2021-03-06,26596,6734073
ARG,2021-03-07,18129,6752202
ARG,2021-03-08,32761,6784963
ARG,2021-03-09,36477,6821440
ARG,2021-03-10,36286,6857726
ARG,2021-03-11,33758,6891484
ARG,2021-03-12,37761,6929245
ARG,2021-03-13,29577,6958822
ARG,2021-03-14,20222,6979044
ARG,2021-03-15,36547,7015591
ARG,2021-03-16,38541,7054132
ARG,2021-03-17,37450,7091582
ARG,2021-03-18,35468,7127050
ARG,2021-03-19,38469,7165519
ARG,2021-03-20,28387,7193906
ARG,2021-03-21,18646,7212552
ARG,2021-03-22,36456,7249008
ARG,2021-03-23,41756,7290764
ARG,2021-03-24,28388,7319152
ARG,2021-03-25,40357,7359509
ARG,2021-03-26,47191,7406700
ARG,2021-03-27,37455,7444155
ARG,2021-03-28,24419,7468574
ARG,2021-03-29,44304,7512878
ARG,2021-03-30,48985,7561863
ARG,2021-03-31,50980,7612843
ARG,2021-04-01,44537,7657380
ARG,2021-04-02,34138,7691518
ARG,2021-04-03,38572,7730090
ARG,2021-04-04,34532,7764622
ARG,2021-04-05,60503,7825125
ARG,2021-04-06,67875,7893000
ARG,2021-04-07,70782,7963782
ARG,2021-04-08,56445,8020227
ARG,2021-04-09,60052,8080279
ARG,2021-04-10,46366,8126645
ARG,2021-04-11,27772,8154417
ARG,2021-04-12,50605,8205022
ARG,2021-04-13,53496,8258518
ARG,2021-04-14,53202,8311720
ARG,2021-04-15,59711,8371431
ARG,2021-04-16,58771,8430202
ARG,2021-04-17,40727,8470929
ARG,2021-04-18,26143,8497072
ARG,2021-04-19,47155,8544227
ARG,2021-04-20,51157,8595384
ARG,2021-04-21,49547,8644931
ARG,2021-04-22,48623,8693554
ARG,2021-04-23,46658,8740212
ARG,2021-04-24,36649,8776861
ARG,2021-04-25,19995,8796856
ARG,2021-04-26,41372,8838228
ARG,2021-04-27,44317,8882545
ARG,2021-04-28,42529,8925074
ARG,2021-04-29,42332,8967406
ARG,2021-04-30,44365,9011771
ARG,2021-05-01,28710,9040481
ARG,2021-05-02,17889,9058370
ARG,2021-05-03,39881,9098251
ARG,2021-05-04,40378,9138629
ARG,2021-05-05,43677,9182306
ARG,2021-05-06,38786,9221092
ARG,2021-05-07,39853,9260945
ARG,2021-05-08,31048,9291993
ARG,2021-05-09,20333,9312326
ARG,2021-05-10,35851,9348177
ARG,2021-05-11,41468,9389645
ARG,2021-05-12,40452,9430097
ARG,2021-05-13,42564,9472661
ARG,2021-05-14,43593,9516254
ARG,2021-05-15,33298,9549552
ARG,2021-05-16,20262,9569814
ARG,2021-05-17,44662,9614476
ARG,2021-05-18,58675,9673151
ARG,2021-05-19,43331,9716482
ARG,2021-05-20,48129,9764611
ARG,2021-05-21,50982,9815593
ARG,2021-05-22,42095,9857688
ARG,2021-05-23,22984,9880672
ARG,2021-05-24,33615,9914287
ARG,2021-05-25,29004,9943291
ARG,2021-05-26,45668,9988959
ARG,2021-05-27,50038,10038997
ARG,2021-05-28,48783,10087780
ARG,2021-05-29,37860,10125640
ARG,2021-05-30,21330,10146970
ARG,2021-05-31,38903,10185873
ARG,2021-06-01,46629,10232502
ARG,2021-06-02,43774,10276276
ARG,2021-06-03,43491,10319767
ARG,2021-06-04,45064,10364831
ARG,2021-06-05,33371,10398202
ARG,2021-06-06,19263,10417465
ARG,2021-06-07,38418,10455883
ARG,2021-06-08,42021,10497904
ARG,2021-06-09,39492,10537396
ARG,2021-06-10,37595,10574991
ARG,2021-06-11,37660,10612651
ARG,2021-06-12,29554,10642205
ARG,2021-06-13,17049,10659254
ARG,2021-06-14,37708,10696962
ARG,2021-06-15,38218,10735180
ARG,2021-06-16,38668,10773848
ARG,2021-06-17,34280,10808128
ARG,2021-06-18,33096,10841224
ARG,2021-06-19,26669,10867893
ARG,2021-06-20,13696,10881589
ARG,2021-06-21,18643,10900232
ARG,2021-06-22,31931,10932163
ARG,2021-06-23,36835,10968998
ARM,2020-03-09,0,0
ARM,2020-03-10,0,0
ARM,2020-03-11,0,0
ARM,2020-03-12,0,0
ARM,2020-03-13,0,0
ARM,2020-03-14,0,0
ARM,2020-03-15,0,0
ARM,2020-03-16,117,117
ARM,2020-03-17,0,117
ARM,2020-03-18,0,117
ARM,2020-03-19,0,117
ARM,2020-03-20,0,117
ARM,2020-03-21,0,117
ARM,2020-03-22,0,117
ARM,2020-03-23,0,117
ARM,2020-03-24,0,117
ARM,2020-03-25,0,117
ARM,2020-03-26,0,117
ARM,2020-03-27,224,341
ARM,2020-03-28,0,341
ARM,2020-03-29,0,341
ARM,2020-03-30,0,341
ARM,2020-03-31,0,341
ARM,2020-04-01,210,551
ARM,2020-04-02,0,551
ARM,2020-04-03,0,551
ARM,2020-04-04,0,551
ARM,2020-04-05,0,551
ARM,2020-04-06,263,814
ARM,2020-04-07,211,1025
ARM,2020-04-08,312,1337
ARM,2020-04-09,0,1337
ARM,2020-04-10,0,1337
ARM,2020-04-11,0,1337
ARM,2020-04-12,0,1337
ARM,2020-04-13,0,1337
ARM,2020-04-14,0,1337
ARM,2020-04-15,0,1337
ARM,2020-04-16,0,1337
ARM,2020-04-17,0,1337
ARM,2020-04-18,0,1337
ARM,2020-04-19,0,1337
ARM,2020-04-20,0,1337
ARM,2020-04-21,0,1337
ARM,2020-04-22,0,1337
ARM,2020-04-23,0,1337
ARM,2020-04-24,0,1337
ARM,2020-04-25,0,1337
ARM,2020-04-26,0,1337
ARM,2020-04-27,0,1337
ARM,2020-04-28,0,1337
ARM,2020-04-29,0,1337
ARM,2020-04-30,0,1337
ARM,2020-05-01,0,1337
ARM,2020-05-02,965,2302
ARM,2020-05-03,1035,3337
ARM,2020-05-04,765,4102
ARM,2020-05-05,904,5006
ARM,2020-05-06,1083,6089
ARM,2020-05-07,1088,7177
ARM,2020-05-08,0,7177
ARM,2020-05-09,0,7177
ARM,2020-05-10,1193,8370
ARM,2020-05-11,971,9341
ARM,2020-05-12,752,10093
ARM,2020-05-13,1453,11546
ARM,2020-05-14,1250,12796
ARM,2020-05-15,1460,14256
ARM,2020-05-16,1529,15785
ARM,2020-05-17,1225,17010
ARM,2020-05-18,1620,18630
ARM,2020-05-19,1191,19821
ARM,2020-05-20,1030,20851
ARM,2020-05-21,0,20851
ARM,2020-05-22,0,20851
ARM,2020-05-23,0,20851
ARM,2020-05-24,0,20851
ARM,2020-05-25,0,20851
ARM,2020-05-26,0,20851
ARM,2020-05-27,1124,21975
ARM,2020-05-28,1253,23228
ARM,2020-05-29,0,23228
ARM,2020-05-30,0,23228
ARM,2020-05-31,0,23228
ARM,2020-06-01,0,23228
ARM,2020-06-02,0,23228
ARM,2020-06-03,0,23228
ARM,2020-06-04,0,23228
ARM,2020-06-05,0,23228
ARM,2020-06-06,0,23228
ARM,2020-06-07,0,23228
ARM,2020-06-08,0,23228
ARM,2020-06-09,0,23228
ARM,2020-06-10,0,23228
ARM,2020-06-11,0,23228
ARM,2020-06-12,0,23228
ARM,2020-06-13,0,23228
ARM,2020-06-14,0,23228
ARM,2020-06-15,0,23228
ARM,2020-06-16,0,23228
ARM,2020-06-17,0,23228
ARM,2020-06-18,0,23228
ARM,2020-06-19,0,23228
ARM,2020-06-20,0,23228
ARM,2020-06-21,0,23228
ARM,2020-06-22,0,23228
ARM,2020-06-23,0,23228
ARM,2020-06-24,0,23228
ARM,2020-06-25,0,23228
ARM,2020-06-26,0,23228
ARM,2020-06-27,0,23228
ARM,2020-06-28,0,23228
ARM,2020-06-29,1398,24626
ARM,2020-06-30,0,24626
ARM,2020-07-01,0,24626
ARM,2020-07-02,0,24626
ARM,2020-07-03,0,24626
ARM,2020-07-04,0,24626
ARM,2020-07-05,0,24626
ARM,2020-07-06,0,24626
ARM,2020-07-07,0,24626
ARM,2020-07-08,0,24626
ARM,2020-07-09,0,24626
ARM,2020-07-10,0,24626
ARM,2020-07-11,0,24626
ARM,2020-07-12,0,24626
ARM,2020-07-13,0,24626
ARM,2020-07-14,0,24626
ARM,2020-07-15,0,24626
ARM,2020-07-16,0,24626
ARM,2020-07-17,0,24626
ARM,2020-07-18,0,24626
ARM,2020-07-19,0,24626
ARM,2020-07-20,0,24626
ARM,2020-07-21,0,24626
ARM,2020-07-22,0,24626
ARM,2020-07-23,0,24626
ARM,2020-07-24,0,24626
ARM,2020-07-25,0,24626
ARM,2020-07-26,0,24626
ARM,2020-07-27,0,24626
ARM,2020-07-28,0,24626
ARM,2020-07-29,0,24626
ARM,2020-07-30,0,24626
ARM,2020-07-31,0,24626
ARM,2020-08-01,0,24626
ARM,2020-08-02,0,24626
ARM,2020-08-03,0,24626
ARM,2020-08-04,0,24626
ARM,2020-08-05,0,24626
ARM,2020-08-06,0,24626
ARM,2020-08-07,0,24626
ARM,2020-08-08,0,24626
ARM,2020-08-09,0,24626
ARM,2020-08-10,0,24626
ARM,2020-08-11,0,24626
ARM,2020-08-12,0,24626
ARM,2020-08-13,0,24626
ARM,2020-08-14,0,24626
ARM,2020-08-15,0,24626
ARM,2020-08-16,0,24626
ARM,2020-08-17,0,24626
ARM,2020-08-18,0,24626
ARM,2020-08-19,0,24626
ARM,2020-08-20,0,24626
ARM,2020-08-21,0,24626
ARM,2020-08-22,0,24626
ARM,2020-08-23,0,24626
ARM,2020-08-24,0,24626
ARM,2020-08-25,0,24626
ARM,2020-08-26,0,24626
ARM,2020-08-27,0,24626
ARM,2020-08-28,0,24626
ARM,2020-08-29,1726,26352
ARM,2020-08-30,0,26352
ARM,2020-08-31,0,26352
ARM,2020-09-01,0,26352
ARM,2020-09-02,0,26352
ARM,2020-09-03,0,26352
ARM,2020-09-04,0,26352
ARM,2020-09-05,0,26352
ARM,2020-09-06,0,26352
ARM,2020-09-07,3367,29719
ARM,2020-09-08,0,29719
ARM,2020-09-09,0,29719
ARM,2020-09-10,0,29719
ARM,2020-09-11,0,29719
ARM,2020-09-12,0,29719
ARM,2020-09-13,0,29719
ARM,2020-09-14,0,29719
ARM,2020-09-15,0,29719
ARM,2020-09-16,0,29719
ARM,2020-09-17,0,29719
ARM,2020-09-18,0,29719
ARM,2020-09-19,0,29719
ARM,2020-09-20,0,29719
ARM,2020-09-21,0,29719
ARM,2020-09-22,0,29719
ARM,2020-09-23,0,29719
ARM,2020-09-24,0,29719
ARM,2020-09-25,0,29719
ARM,2020-09-26,0,29719
ARM,2020-09-27,0,29719
ARM,2020-09-28,0,29719
ARM,2020-09-29,0,29719
ARM,2020-09-30,0,29719
ARM,2020-10-01,0,29719
ARM,2020-10-02,0,29719
ARM,2020-10-03,0,29719
ARM,2020-10-04,0,29719
ARM,2020-10-05,0,29719
ARM,2020-10-06,0,29719
ARM,2020-10-07,0,29719
ARM,2020-10-08,0,29719
ARM,2020-10-09,0,29719
ARM,2020-10-10,0,29719
ARM,2020-10-11,0,29719
ARM,2020-10-12,0,29719
ARM,2020-10-13,2114,31833
ARM,2020-10-14,0,31833
ARM,2020-10-15,0,31833
ARM,2020-10-16,0,31833
ARM,2020-10-17,0,31833
ARM,2020-10-18,0,31833
ARM,2020-10-19,0,31833
ARM,2020-10-20,0,31833
ARM,2020-10-21,0,31833
ARM,2020-10-22,0,31833
ARM,2020-10-23,0,31833
ARM,2020-10-24,0,31833
ARM,2020-10-25,0,31833
ARM,2020-10-26,0,31833
ARM,2020-10-27,0,31833
ARM,2020-10-28,0,31833
ARM,2020-10-29,0,31833
ARM,2020-10-30,0,31833
ARM,2020-10-31,0,31833
ARM,2020-11-01,0,31833
ARM,2020-11-02,0,31833
ARM,2020-11-03,0,31833
ARM,2020-11-04,0,31833
ARM,2020-11-05,0,31833
ARM,2020-11-06,0,31833
ARM,2020-11-07,0,31833
ARM,2020-11-08,0,31833
ARM,2020-11-09,0,31833
ARM,2020-11-10,0,31833
ARM,2020-11-11,0,31833
ARM,2020-11-12,0,31833
ARM,2020-11-13,0,31833
ARM,2020-11-14,0,31833
ARM,2020-11-15,0,31833
ARM,2020-11-16,0,31833
ARM,2020-11-17,0,31833
ARM,2020-11-18,0,31833
ARM,2020-11-19,0,31833
ARM,2020-11-20,0,31833
ARM,2020-11-21,0,31833
ARM,2020-11-22,0,31833
ARM,2020-11-23,0,31833
ARM,2020-11-24,0,31833
ARM,2020-11-25,4198,36031
ARM,2020-11-26,0,36031
ARM,2020-11-27,0,36031
ARM,2020-11-28,0,36031
ARM,2020-11-29,0,36031
ARM,2020-11-30,0,36031
ARM,2020-12-01,0,36031
ARM,2020-12-02,0,36031
ARM,2020-12-03,0,36031
ARM,2020-12-04,0,36031
ARM,2020-12-05,0,36031
ARM,2020-12-06,2728,38759
ARM,2020-12-07,0,38759
ARM,2020-12-08,0,38759
ARM,2020-12-09,0,38759
ARM,2020-12-10,0,38759
ARM,2020-12-11,0,38759
ARM,2020-12-12,0,38759
ARM,2020-12-13,3119,41878
ARM,2020-12-14,1373,43251
ARM,2020-12-15,1905,45156
ARM,2020-12-16,3272,48428
ARM,2020-12-17,3537,51965
ARM,2020-12-18,2567,54532
ARM,2020-12-19,3170,57702
ARM,2020-12-20,2563,60265
ARM,2020-12-21,1009,61274
ARM,2020-12-22,2459,63733
ARM,2020-12-23,2953,66686
ARM,2020-12-24,2743,69429
ARM,2020-12-25,2866,72295
ARM,2020-12-26,2610,74905
ARM,2020-12-27,2258,77163
ARM,2020-12-28,1413,78576
ARM,2020-12-29,2483,81059
ARM,2020-12-30,3508,84567
ARM,2020-12-31,2855,87422
ARM,2021-01-01,1973,89395
ARM,2021-01-02,540,89935
ARM,2021-01-03,0,89935
ARM,2021-01-04,0,89935
ARM,2021-01-05,1601,91536
ARM,2021-01-06,1462,92998
ARM,2021-01-07,1218,94216
ARM,2021-01-08,1700,95916
ARM,2021-01-09,2123,98039
ARM,2021-01-10,2096,100135
ARM,2021-01-11,1025,101160
ARM,2021-01-12,1885,103045
ARM,2021-01-13,2093,105138
ARM,2021-01-14,2612,107750
ARM,2021-01-15,2546,110296
ARM,2021-01-16,1638,111934
ARM,2021-01-17,2607,114541
ARM,2021-01-18,842,115383
ARM,2021-01-19,2224,117607
ARM,2021-01-20,2028,119635
ARM,2021-01-21,2199,121834
ARM,2021-01-22,0,121834
ARM,2021-01-23,0,121834
ARM,2021-01-24,0,121834
ARM,2021-01-25,0,121834
ARM,2021-01-26,1938,123772
ARM,2021-01-27,2144,125916
ARM,2021-01-28,0,125916
ARM,2021-01-29,0,125916
ARM,2021-01-30,1767,127683
ARM,2021-01-31,1957,129640
ARM,2021-02-01,1473,131113
ARM,2021-02-02,1921,133034
ARM,2021-02-03,2580,135614
ARM,2021-02-04,1829,137443
ARM,2021-02-05,2858,140301
ARM,2021-02-06,2568,142869
ARM,2021-02-07,2576,145445
ARM,2021-02-08,1870,147315
ARM,2021-02-09,2269,149584
ARM,2021-02-10,2574,152158
ARM,2021-02-11,2500,154658
ARM,2021-02-12,2893,157551
ARM,2021-02-13,2704,160255
ARM,2021-02-14,2703,162958
ARM,2021-02-15,2802,165760
ARM,2021-02-16,3075,168835
ARM,2021-02-17,3431,172266
ARM,2021-02-18,3211,175477
ARM,2021-02-19,2931,178408
ARM,2021-02-20,3509,181917
ARM,2021-02-21,3334,185251
ARM,2021-02-22,3198,188449
ARM,2021-02-23,2872,191321
ARM,2021-02-24,2993,194314
ARM,2021-02-25,3488,197802
ARM,2021-02-26,3947,201749
ARM,2021-02-27,3977,205726
ARM,2021-02-28,4661,210387
ARM,2021-03-01,4372,214759
ARM,2021-03-02,2951,217710
ARM,2021-03-03,2526,220236
ARM,2021-03-04,2922,223158
ARM,2021-03-05,2825,225983
ARM,2021-03-06,3016,228999
ARM,2021-03-07,3361,232360
ARM,2021-03-08,2465,234825
ARM,2021-03-09,1643,236468
ARM,2021-03-10,2312,238780
ARM,2021-03-11,4285,243065
ARM,2021-03-12,3934,246999
ARM,2021-03-13,4464,251463
ARM,2021-03-14,4040,255503
ARM,2021-03-15,2460,257963
ARM,2021-03-16,3242,261205
ARM,2021-03-17,4181,265386
ARM,2021-03-18,4687,270073
ARM,2021-03-19,4725,274798
ARM,2021-03-20,5959,280757
ARM,2021-03-21,4965,285722
ARM,2021-03-22,3753,289475
ARM,2021-03-23,3721,293196
ARM,2021-03-24,5330,298526
ARM,2021-03-25,5228,303754
ARM,2021-03-26,5525,309279
ARM,2021-03-27,5753,315032
ARM,2021-03-28,4927,319959
ARM,2021-03-29,3978,323937
ARM,2021-03-30,4658,328595
ARM,2021-03-31,6354,334949
ARM,2021-04-01,6217,341166
ARM,2021-04-02,4830,345996
ARM,2021-04-03,4776,350772
ARM,2021-04-04,3587,354359
ARM,2021-04-05,3581,357940
ARM,2021-04-06,3470,361410
ARM,2021-04-07,4639,366049
ARM,2021-04-08,4943,370992
ARM,2021-04-09,4589,375581
ARM,2021-04-10,4829,380410
ARM,2021-04-11,3426,383836
ARM,2021-04-12,3461,387297
ARM,2021-04-13,3427,390724
ARM,2021-04-14,5869,396593
ARM,2021-04-15,4950,401543
ARM,2021-04-16,5870,407413
ARM,2021-04-17,5290,412703
ARM,2021-04-18,3844,416547
ARM,2021-04-19,2176,418723
ARM,2021-04-20,4398,423121
ARM,2021-04-21,4641,427762
ARM,2021-04-22,4858,432620
ARM,2021-04-23,4015,436635
ARM,2021-04-24,4552,441187
ARM,2021-04-25,3158,444345
ARM,2021-04-26,2467,446812
ARM,2021-04-27,4277,451089
ARM,2021-04-28,4807,455896
ARM,2021-04-29,4284,460180
ARM,2021-04-30,4596,464776
ARM,2021-05-01,4430,469206
ARM,2021-05-02,2941,472147
ARM,2021-05-03,2585,474732
ARM,2021-05-04,3343,478075
ARM,2021-05-05,3954,482029
ARM,2021-05-06,3964,485993
ARM,2021-05-07,3434,489427
ARM,2021-05-08,4231,493658
ARM,2021-05-09,2353,496011
ARM,2021-05-10,1790,497801
ARM,2021-05-11,2678,500479
ARM,2021-05-12,3892,504371
ARM,2021-05-13,3723,508094
ARM,2021-05-14,3361,511455
ARM,2021-05-15,3178,514633
ARM,2021-05-16,3160,517793
ARM,2021-05-17,2377,520170
ARM,2021-05-18,3771,523941
ARM,2021-05-19,0,523941
ARM,2021-05-20,0,523941
ARM,2021-05-21,2932,526873
ARM,2021-05-22,4138,531011
ARM,2021-05-23,2963,533974
ARM,2021-05-24,1898,535872
ARM,2021-05-25,3205,539077
ARM,2021-05-26,3901,542978
ARM,2021-05-27,3503,546481
ARM,2021-05-28,2835,549316
ARM,2021-05-29,3084,552400
ARM,2021-05-30,2771,555171
ARM,2021-05-31,2655,557826
ARM,2021-06-01,3280,561106
ARM,2021-06-02,2916,564022
ARM,2021-06-03,2856,566878
ARM,2021-06-04,3569,570447
ARM,2021-06-05,3216,573663
ARM,2021-06-06,2754,576417
ARM,2021-06-07,2448,578865
ARM,2021-06-08,3067,581932
ARM,2021-06-09,3530,585462
ARM,2021-06-10,3291,588753
ARM,2021-06-11,3866,592619
ARM,2021-06-12,3542,596161
ARM,2021-06-13,2807,598968
ARM,2021-06-14,2353,601321
ARM,2021-06-15,3784,605105
ARM,2021-06-16,3666,608771
ARM,2021-06-17,3814,612585
ARM,2021-06-18,3613,616198
ARM,2021-06-19,4121,620319
ARM,2021-06-20,3410,623729
ARM,2021-06-21,2768,626497
ARM,2021-06-22,3778,630275
ARM,2021-06-23,3881,634156
ARM,2021-06-24,3452,637608
AUS,2020-03-22,0,0
AUS,2020-03-23,0,0
AUS,2020-03-24,0,0
AUS,2020-03-25,0,0
AUS,2020-03-26,0,0
AUS,2020-03-27,0,0
AUS,2020-03-28,0,0
AUS,2020-03-29,0,0
AUS,2020-03-30,0,0
AUS,2020-03-31,0,0
AUS,2020-04-01,0,0
AUS,2020-04-02,0,0
AUS,2020-04-03,0,0
AUS,2020-04-04,0,0
AUS,2020-04-05,0,0
AUS,2020-04-06,5509,5509
AUS,2020-04-07,8037,13546
AUS,2020-04-08,8668,22214
AUS,2020-04-09,10766,32980
AUS,2020-04-10,8212,41192
AUS,2020-04-11,9501,50693
AUS,2020-04-12,6094,56787
AUS,2020-04-13,8195,64982
AUS,2020-04-14,4357,69339
AUS,2020-04-15,4884,74223
AUS,2020-04-16,8626,82849
AUS,2020-04-17,11527,94376
AUS,2020-04-18,14980,109356
AUS,2020-04-19,14486,123842
AUS,2020-04-20,10738,134580
AUS,2020-04-21,8108,142688
AUS,2020-04-22,12599,155287
AUS,2020-04-23,14218,169505
AUS,2020-04-24,15711,185216
AUS,2020-04-25,11887,197103
AUS,2020-04-26,12192,209295
AUS,2020-04-27,10614,219909
AUS,2020-04-28,13616,233525
AUS,2020-04-29,13731,247256
AUS,2020-04-30,19231,266487
AUS,2020-05-01,25227,291714
AUS,2020-05-02,22715,314429
AUS,2020-05-03,21524,335953
AUS,2020-05-04,17107,353060
AUS,2020-05-05,14542,367602
AUS,2020-05-06,23900,391502
AUS,2020-05-07,33893,425395
AUS,2020-05-08,34701,460096
AUS,2020-05-09,38206,498302
AUS,2020-05-10,32416,530718
AUS,2020-05-11,27247,557965
AUS,2020-05-12,22808,580773
AUS,2020-05-13,31098,611871
AUS,2020-05-14,34455,646326
AUS,2020-05-15,40336,686662
AUS,2020-05-16,31836,718498
AUS,2020-05-17,26474,744972
AUS,2020-05-18,19908,764880
AUS,2020-05-19,23836,788716
AUS,2020-05-20,25697,814413
AUS,2020-05-21,26117,840530
AUS,2020-05-22,32998,873528
AUS,2020-05-23,21580,895108
AUS,2020-05-24,32533,927641
AUS,2020-05-25,19405,947046
AUS,2020-05-26,44023,991069
AUS,2020-05-27,50098,1041167
AUS,2020-05-28,29123,1070290
AUS,2020-05-29,30178,1100468
AUS,2020-05-30,30916,1131384
AUS,2020-05-31,26030,1157414
AUS,2020-06-01,17652,1175066
AUS,2020-06-02,18167,1193233
AUS,2020-06-03,22313,1215546
AUS,2020-06-04,33629,1249175
AUS,2020-06-05,32863,1282038
AUS,2020-06-06,11396,1293434
AUS,2020-06-07,26874,1320308
AUS,2020-06-08,16053,1336361
AUS,2020-06-09,17169,1353530
AUS,2020-06-10,29270,1382800
AUS,2020-06-11,31269,1414069
AUS,2020-06-12,34327,1448396
AUS,2020-06-13,37101,1485497
AUS,2020-06-14,29702,1515199
AUS,2020-06-15,15796,1530995
AUS,2020-06-16,20198,1551193
AUS,2020-06-17,27770,1578963
AUS,2020-06-18,51380,1630343
AUS,2020-06-19,42708,1673051
AUS,2020-06-20,35173,1708224
AUS,2020-06-21,35946,1744170
AUS,2020-06-22,66525,1810695
AUS,2020-06-23,24972,1835667
AUS,2020-06-24,47603,1883270
AUS,2020-06-25,51917,1935187
AUS,2020-06-26,49498,1984685
AUS,2020-06-27,54222,2038907
AUS,2020-06-28,43114,2082021
AUS,2020-06-29,36520,2118541
AUS,2020-06-30,40287,2158828
AUS,2020-07-01,49941,2208769
AUS,2020-07-02,57859,2266628
AUS,2020-07-03,54078,2320706
AUS,2020-07-04,50176,2370882
AUS,2020-07-05,45399,2416281
AUS,2020-07-06,45730,2462011
AUS,2020-07-07,41942,2503953
AUS,2020-07-08,55299,2559252
AUS,2020-07-09,54425,2613677
AUS,2020-07-10,59437,2673114
AUS,2020-07-11,51225,2724339
AUS,2020-07-12,53995,2778334
AUS,2020-07-13,42300,2820634
AUS,2020-07-14,44449,2865083
AUS,2020-07-15,59904,2924987
AUS,2020-07-16,65575,2990562
AUS,2020-07-17,62728,3053290
AUS,2020-07-18,63387,3116677
AUS,2020-07-19,62632,3179309
AUS,2020-07-20,57962,3237271
AUS,2020-07-21,56310,3293581
AUS,2020-07-22,59794,3353375
AUS,2020-07-23,69308,3422683
AUS,2020-07-24,75584,3498267
AUS,2020-07-25,64084,3562351
AUS,2020-07-26,75619,3637970
AUS,2020-07-27,51966,3689936
AUS,2020-07-28,0,3689936
AUS,2020-07-29,0,3689936
AUS,2020-07-30,66205,3756141
AUS,2020-07-31,0,3756141
AUS,2020-08-01,0,3756141
AUS,2020-08-02,39158,3795299
AUS,2020-08-03,40529,3835828
AUS,2020-08-04,94706,3930534
AUS,2020-08-05,70464,4000998
AUS,2020-08-06,80008,4081006
AUS,2020-08-07,91937,4172943
AUS,2020-08-08,40197,4213140
AUS,2020-08-09,93191,4306331
AUS,2020-08-10,61132,4367463
AUS,2020-08-11,61626,4429089
AUS,2020-08-12,61172,4490261
AUS,2020-08-13,68441,4558702
AUS,2020-08-14,70629,4629331
AUS,2020-08-15,63370,4692701
AUS,2020-08-16,53774,4746475
AUS,2020-08-17,38539,4785014
AUS,2020-08-18,44516,4829530
AUS,2020-08-19,59882,4889412
AUS,2020-08-20,68336,4957748
AUS,2020-08-21,0,4957748
AUS,2020-08-22,0,4957748
AUS,2020-08-23,0,4957748
AUS,2020-08-24,51447,5009195
AUS,2020-08-25,56675,5065870
AUS,2020-08-26,71703,5137573
AUS,2020-08-27,86268,5223841
AUS,2020-08-28,0,5223841
AUS,2020-08-29,0,5223841
AUS,2020-08-30,0,5223841
AUS,2020-08-31,46224,5270065
AUS,2020-09-01,41344,5311409
AUS,2020-09-02,63998,5375407
AUS,2020-09-03,70983,5446390
AUS,2020-09-04,0,5446390
AUS,2020-09-05,0,5446390
AUS,2020-09-06,0,5446390
AUS,2020-09-07,36086,5482476
AUS,2020-09-08,36963,5519439
AUS,2020-09-09,58936,5578375
AUS,2020-09-10,60098,5638473
AUS,2020-09-11,0,5638473
AUS,2020-09-12,0,5638473
AUS,2020-09-13,0,5638473
AUS,2020-09-14,30946,5669419
AUS,2020-09-15,29503,5698922
AUS,2020-09-16,47845,5746767
AUS,2020-09-17,54357,5801124
AUS,2020-09-18,0,5801124
AUS,2020-09-19,0,5801124
AUS,2020-09-20,0,5801124
AUS,2020-09-21,23436,5824560
AUS,2020-09-22,31595,5856155
AUS,2020-09-23,42410,5898565
AUS,2020-09-24,47634,5946199
AUS,2020-09-25,0,5946199
AUS,2020-09-26,0,5946199
AUS,2020-09-27,0,5946199
AUS,2020-09-28,17099,5963298
AUS,2020-09-29,26010,5989308
AUS,2020-09-30,48071,6037379
AUS,2020-10-01,42248,6079627
AUS,2020-10-02,0,6079627
AUS,2020-10-03,0,6079627
AUS,2020-10-04,0,6079627
AUS,2020-10-05,0,6079627
AUS,2020-10-06,0,6079627
AUS,2020-10-07,32769,6112396
AUS,2020-10-08,42837,6155233
AUS,2020-10-09,0,6155233
AUS,2020-10-10,0,6155233
AUS,2020-10-11,0,6155233
AUS,2020-10-12,27447,6182680
AUS,2020-10-13,27430,6210110
AUS,2020-10-14,46502,6256612
AUS,2020-10-15,43626,6300238
AUS,2020-10-16,0,6300238
AUS,2020-10-17,0,6300238
AUS,2020-10-18,0,6300238
AUS,2020-10-19,27338,6327576
AUS,2020-10-20,28873,6356449
AUS,2020-10-21,45759,6402208
AUS,2020-10-22,45818,6448026
AUS,2020-10-23,0,6448026
AUS,2020-10-24,0,6448026
AUS,2020-10-25,0,6448026
AUS,2020-10-26,31186,6479212
AUS,2020-10-27,31530,6510742
AUS,2020-10-28,51683,6562425
AUS,2020-10-29,50670,6613095
AUS,2020-10-30,0,6613095
AUS,2020-10-31,0,6613095
AUS,2020-11-01,0,6613095
AUS,2020-11-02,30215,6643310
AUS,2020-11-03,31770,6675080
AUS,2020-11-04,46392,6721472
AUS,2020-11-05,43579,6765051
AUS,2020-11-06,0,6765051
AUS,2020-11-07,0,6765051
AUS,2020-11-08,0,6765051
AUS,2020-11-09,29026,6794077
AUS,2020-11-10,33373,6827450
AUS,2020-11-11,52406,6879856
AUS,2020-11-12,55862,6935718
AUS,2020-11-13,0,6935718
AUS,2020-11-14,0,6935718
AUS,2020-11-15,0,6935718
AUS,2020-11-16,22430,6958148
AUS,2020-11-17,39581,6997729
AUS,2020-11-18,56696,7054425
AUS,2020-11-19,61101,7115526
AUS,2020-11-20,0,7115526
AUS,2020-11-21,0,7115526
AUS,2020-11-22,0,7115526
AUS,2020-11-23,31580,7147106
AUS,2020-11-24,34960,7182066
AUS,2020-11-25,51998,7234064
AUS,2020-11-26,44283,7278347
AUS,2020-11-27,0,7278347
AUS,2020-11-28,0,7278347
AUS,2020-11-29,0,7278347
AUS,2020-11-30,24224,7302571
AUS,2020-12-01,28191,7330762
AUS,2020-12-02,0,7330762
AUS,2020-12-03,0,7330762
AUS,2020-12-04,0,7330762
AUS,2020-12-05,0,7330762
AUS,2020-12-06,0,7330762
AUS,2020-12-07,22632,7353394
AUS,2020-12-08,22555,7375949
AUS,2020-12-09,36826,7412775
AUS,2020-12-10,37254,7450029
AUS,2020-12-11,0,7450029
AUS,2020-12-12,0,7450029
AUS,2020-12-13,0,7450029
AUS,2020-12-14,0,7450029
AUS,2020-12-15,0,7450029
AUS,2020-12-16,31854,7481883
AUS,2020-12-17,28715,7510598
AUS,2020-12-18,0,7510598
AUS,2020-12-19,0,7510598
AUS,2020-12-20,0,7510598
AUS,2020-12-21,70033,7580631
AUS,2020-12-22,76094,7656725
AUS,2020-12-23,89673,7746398
AUS,2020-12-24,0,7746398
AUS,2020-12-25,0,7746398
AUS,2020-12-26,0,7746398
AUS,2020-12-27,0,7746398
AUS,2020-12-28,29427,7775825
AUS,2020-12-29,39311,7815136
AUS,2020-12-30,40447,7855583
AUS,2020-12-31,56285,7911868
AUS,2021-01-01,0,7911868
AUS,2021-01-02,0,7911868
AUS,2021-01-03,0,7911868
AUS,2021-01-04,77267,7989135
AUS,2021-01-05,84675,8073810
AUS,2021-01-06,101274,8175084
AUS,2021-01-07,87889,8262973
AUS,2021-01-08,0,8262973
AUS,2021-01-09,0,8262973
AUS,2021-01-10,0,8262973
AUS,2021-01-11,77697,8340670
AUS,2021-01-12,60177,8400847
AUS,2021-01-13,69775,8470622
AUS,2021-01-14,63170,8533792
AUS,2021-01-15,0,8533792
AUS,2021-01-16,0,8533792
AUS,2021-01-17,0,8533792
AUS,2021-01-18,42020,8575812
AUS,2021-01-19,40980,8616792
AUS,2021-01-20,0,8616792
AUS,2021-01-21,0,8616792
AUS,2021-01-22,0,8616792
AUS,2021-01-23,0,8616792
AUS,2021-01-24,0,8616792
AUS,2021-01-25,0,8616792
AUS,2021-01-26,0,8616792
AUS,2021-01-27,36210,8653002
AUS,2021-01-28,33864,8686866
AUS,2021-01-29,0,8686866
AUS,2021-01-30,0,8686866
AUS,2021-01-31,0,8686866
AUS,2021-02-01,30319,8717185
AUS,2021-02-02,36352,8753537
AUS,2021-02-03,59220,8812757
AUS,2021-02-04,0,8812757
AUS,2021-02-05,0,8812757
AUS,2021-02-06,0,8812757
AUS,2021-02-07,0,8812757
AUS,2021-02-08,0,8812757
AUS,2021-02-09,0,8812757
AUS,2021-02-10,0,8812757
AUS,2021-02-11,60489,8873246
AUS,2021-02-12,0,8873246
AUS,2021-02-13,0,8873246
AUS,2021-02-14,0,8873246
AUS,2021-02-15,63576,8936822
AUS,2021-02-16,54959,8991781
AUS,2021-02-17,84860,9076641
AUS,2021-02-18,73162,9149803
AUS,2021-02-19,0,9149803
AUS,2021-02-20,0,9149803
AUS,2021-02-21,0,9149803
AUS,2021-02-22,36501,9186304
AUS,2021-02-23,43521,9229825
AUS,2021-02-24,56776,9286601
AUS,2021-02-25,49940,9336541
AUS,2021-02-26,0,9336541
AUS,2021-02-27,0,9336541
AUS,2021-02-28,0,9336541
AUS,2021-03-01,24226,9360767
AUS,2021-03-02,39974,9400741
AUS,2021-03-03,52921,9453662
AUS,2021-03-04,49049,9502711
AUS,2021-03-05,0,9502711
AUS,2021-03-06,0,9502711
AUS,2021-03-07,0,9502711
AUS,2021-03-08,0,9502711
AUS,2021-03-09,0,9502711
AUS,2021-03-10,0,9502711
AUS,2021-03-11,0,9502711
AUS,2021-03-12,0,9502711
AUS,2021-03-13,0,9502711
AUS,2021-03-14,0,9502711
AUS,2021-03-15,0,9502711
AUS,2021-03-16,0,9502711
AUS,2021-03-17,0,9502711
AUS,2021-03-18,0,9502711
AUS,2021-03-19,0,9502711
AUS,2021-03-20,0,9502711
AUS,2021-03-21,0,9502711
AUS,2021-03-22,30548,9533259
AUS,2021-03-23,0,9533259
AUS,2021-03-24,0,9533259
AUS,2021-03-25,39005,9572264
AUS,2021-03-26,0,9572264
AUS,2021-03-27,0,9572264
AUS,2021-03-28,0,9572264
AUS,2021-03-29,45086,9617350
AUS,2021-03-30,44889,9662239
AUS,2021-03-31,84776,9747015
AUS,2021-04-01,85666,9832681
AUS,2021-04-02,0,9832681
AUS,2021-04-03,0,9832681
AUS,2021-04-04,0,9832681
AUS,2021-04-05,0,9832681
AUS,2021-04-06,28581,9861262
AUS,2021-04-07,32561,9893823
AUS,2021-04-08,44549,9938372
AUS,2021-04-09,0,9938372
AUS,2021-04-10,0,9938372
AUS,2021-04-11,0,9938372
AUS,2021-04-12,32317,9970689
AUS,2021-04-13,28512,9999201
AUS,2021-04-14,45793,10044994
AUS,2021-04-15,44406,10089400
AUS,2021-04-16,0,10089400
AUS,2021-04-17,0,10089400
AUS,2021-04-18,0,10089400
AUS,2021-04-19,28648,10118048
AUS,2021-04-20,27878,10145926
AUS,2021-04-21,37749,10183675
AUS,2021-04-22,37186,10220861
AUS,2021-04-23,33457,10254318
AUS,2021-04-24,0,10254318
AUS,2021-04-25,0,10254318
AUS,2021-04-26,0,10254318
AUS,2021-04-27,71455,10325773
AUS,2021-04-28,59461,10385234
AUS,2021-04-29,50422,10435656
AUS,2021-04-30,0,10435656
AUS,2021-05-01,0,10435656
AUS,2021-05-02,0,10435656
AUS,2021-05-03,39065,10474721
AUS,2021-05-04,30733,10505454
AUS,2021-05-05,53237,10558691
AUS,2021-05-06,50635,10609326
AUS,2021-05-07,0,10609326
AUS,2021-05-08,0,10609326
AUS,2021-05-09,0,10609326
AUS,2021-05-10,38739,10648065
AUS,2021-05-11,35191,10683256
AUS,2021-05-12,61475,10744731
AUS,2021-05-13,55232,10799963
AUS,2021-05-14,0,10799963
AUS,2021-05-15,0,10799963
AUS,2021-05-16,0,10799963
AUS,2021-05-17,38665,10838628
AUS,2021-05-18,0,10838628
AUS,2021-05-19,0,10838628
AUS,2021-05-20,55245,10893873
AUS,2021-05-21,0,10893873
AUS,2021-05-22,0,10893873
AUS,2021-05-23,0,10893873
AUS,2021-05-24,33970,10927843
AUS,2021-05-25,35564,10963407
AUS,2021-05-26,61494,11024901
AUS,2021-05-27,81048,11105949
AUS,2021-05-28,95647,11201596
AUS,2021-05-29,0,11201596
AUS,2021-05-30,0,11201596
AUS,2021-05-31,0,11201596
AUS,2021-06-01,65263,11266859
AUS,2021-06-02,87280,11354139
AUS,2021-06-03,92378,11446517
AUS,2021-06-04,0,11446517
AUS,2021-06-05,0,11446517
AUS,2021-06-06,0,11446517
AUS,2021-06-07,88142,11534659
AUS,2021-06-08,55734,11590393
AUS,2021-06-09,73284,11663677
AUS,2021-06-10,66779,11730456
AUS,2021-06-11,55165,11785621
AUS,2021-06-12,48984,11834605
AUS,2021-06-13,0,11834605
AUS,2021-06-14,0,11834605
AUS,2021-06-15,40751,11875356
AUS,2021-06-16,47437,11922793
AUS,2021-06-17,70468,11993261
AUS,2021-06-18,0,11993261
AUS,2021-06-19,0,11993261
AUS,2021-06-20,0,11993261
AUS,2021-06-21,61683,12054944
AUS,2021-06-22,59135,12114079
AUS,2021-06-23,95872,12209951
AUS,2021-06-24,95014,12304965
AUS,2021-06-25,0,12304965
AUS,2021-06-26,0,12304965
AUS,2021-06-27,0,12304965
AUT,2020-04-01,0,0
AUT,2020-04-02,75356,75356
AUT,2020-04-03,6153,81509
AUT,2020-04-04,5791,87300
AUT,2020-04-05,4282,91582
AUT,2020-04-06,2880,94462
AUT,2020-04-07,3939,98401
AUT,2020-04-08,5520,103921
AUT,2020-04-09,5532,109453
AUT,2020-04-10,8456,117909
AUT,2020-04-11,6232,124141
AUT,2020-04-12,3902,128043
AUT,2020-04-13,3535,131578
AUT,2020-04-14,3384,134962
AUT,2020-04-15,5005,139967
AUT,2020-04-16,6015,145982
AUT,2020-04-17,6456,152438
AUT,2020-04-18,6660,159098
AUT,2020-04-19,3312,162410
AUT,2020-04-20,3705,166115
AUT,2020-04-21,6069,172184
AUT,2020-04-22,12776,184960
AUT,2020-04-23,4041,189001
AUT,2020-04-24,6851,195852
AUT,2020-04-25,8403,204255
AUT,2020-04-26,6542,210797
AUT,2020-04-27,4906,215703
AUT,2020-04-28,7041,222744
AUT,2020-04-29,8176,230920
AUT,2020-04-30,8645,239565
AUT,2020-05-01,7680,247245
AUT,2020-05-02,5540,252785
AUT,2020-05-03,4736,257521
AUT,2020-05-04,4716,262237
AUT,2020-05-05,6812,269049
AUT,2020-05-06,6371,275420
AUT,2020-05-07,5640,281060
AUT,2020-05-08,6175,287235
AUT,2020-05-09,7621,294856
AUT,2020-05-10,4818,299674
AUT,2020-05-11,2976,302650
AUT,2020-05-12,9830,312480
AUT,2020-05-13,6938,319418
AUT,2020-05-14,8354,327772
AUT,2020-05-15,6745,334517
AUT,2020-05-16,6042,340559
AUT,2020-05-17,5116,345675
AUT,2020-05-18,3560,349235
AUT,2020-05-19,6366,355601
AUT,2020-05-20,7157,362758
AUT,2020-05-21,6045,368803
AUT,2020-05-22,4851,373654
AUT,2020-05-23,5875,379529
AUT,2020-05-24,5494,385023
AUT,2020-05-25,3484,388507
AUT,2020-05-26,5844,394351
AUT,2020-05-27,7521,401872
AUT,2020-05-28,8666,410538
AUT,2020-05-29,6930,417468
AUT,2020-05-30,7841,425309
AUT,2020-05-31,6391,431700
AUT,2020-06-01,3286,434986
AUT,2020-06-02,4558,439544
AUT,2020-06-03,6580,446124
AUT,2020-06-04,8508,454632
AUT,2020-06-05,7983,462615
AUT,2020-06-06,6463,469078
AUT,2020-06-07,3685,472763
AUT,2020-06-08,5164,477927
AUT,2020-06-09,6160,484087
AUT,2020-06-10,5423,489510
AUT,2020-06-11,3967,493477
AUT,2020-06-12,6270,499747
AUT,2020-06-13,4395,504142
AUT,2020-06-14,3864,508006
AUT,2020-06-15,2830,510836
AUT,2020-06-16,5030,515866
AUT,2020-06-17,7915,523781
AUT,2020-06-18,5312,529093
AUT,2020-06-19,6203,535296
AUT,2020-06-20,6078,541374
AUT,2020-06-21,2376,543750
AUT,2020-06-22,5216,548966
AUT,2020-06-23,6673,555639
AUT,2020-06-24,6111,561750
AUT,2020-06-25,5659,567409
AUT,2020-06-26,6199,573608
AUT,2020-06-27,7053,580661
AUT,2020-06-28,5025,585686
AUT,2020-06-29,3855,589541
AUT,2020-06-30,6381,595922
AUT,2020-07-01,8110,604032
AUT,2020-07-02,7834,611866
AUT,2020-07-03,6805,618671
AUT,2020-07-04,7174,625845
AUT,2020-07-05,5125,630970
AUT,2020-07-06,6301,637271
AUT,2020-07-07,6044,643315
AUT,2020-07-08,8071,651386
AUT,2020-07-09,7507,658893
AUT,2020-07-10,7757,666650
AUT,2020-07-11,8225,674875
AUT,2020-07-12,5031,679906
AUT,2020-07-13,3876,683782
AUT,2020-07-14,7512,691294
AUT,2020-07-15,8165,699459
AUT,2020-07-16,10052,709511
AUT,2020-07-17,8068,717579
AUT,2020-07-18,8677,726256
AUT,2020-07-19,5579,731835
AUT,2020-07-20,49767,781602
AUT,2020-07-21,7164,788766
AUT,2020-07-22,9081,797847
AUT,2020-07-23,11350,809197
AUT,2020-07-24,7810,817007
AUT,2020-07-25,7049,824056
AUT,2020-07-26,7008,831064
AUT,2020-07-27,5271,836335
AUT,2020-07-28,8037,844372
AUT,2020-07-29,9396,853768
AUT,2020-07-30,9434,863202
AUT,2020-07-31,10425,873627
AUT,2020-08-01,7358,880985
AUT,2020-08-02,7495,888480
AUT,2020-08-03,5123,893603
AUT,2020-08-04,6341,899944
AUT,2020-08-05,7124,907068
AUT,2020-08-06,13373,920441
AUT,2020-08-07,10030,930471
AUT,2020-08-08,7934,938405
AUT,2020-08-09,6629,945034
AUT,2020-08-10,3890,948924
AUT,2020-08-11,8750,957674
AUT,2020-08-12,8510,966184
AUT,2020-08-13,8490,974674
AUT,2020-08-14,11924,986598
AUT,2020-08-15,5922,992520
AUT,2020-08-16,9136,1001656
AUT,2020-08-17,5577,1007233
AUT,2020-08-18,13821,1021054
AUT,2020-08-19,11283,1032337
AUT,2020-08-20,12266,1044603
AUT,2020-08-21,13972,1058575
AUT,2020-08-22,11746,1070321
AUT,2020-08-23,7832,1078153
AUT,2020-08-24,6219,1084372
AUT,2020-08-25,8883,1093255
AUT,2020-08-26,9110,1102365
AUT,2020-08-27,14044,1116409
AUT,2020-08-28,14701,1131110
AUT,2020-08-29,12799,1143909
AUT,2020-08-30,11349,1155258
AUT,2020-08-31,8619,1163877
AUT,2020-09-01,12416,1176293
AUT,2020-09-02,17441,1193734
AUT,2020-09-03,11689,1205423
AUT,2020-09-04,14232,1219655
AUT,2020-09-05,11318,1230973
AUT,2020-09-06,8018,1238991
AUT,2020-09-07,10398,1249389
AUT,2020-09-08,10254,1259643
AUT,2020-09-09,11582,1271225
AUT,2020-09-10,14971,1286196
AUT,2020-09-11,13789,1299985
AUT,2020-09-12,14674,1314659
AUT,2020-09-13,10573,1325232
AUT,2020-09-14,9342,1334574
AUT,2020-09-15,13100,1347674
AUT,2020-09-16,15331,1363005
AUT,2020-09-17,15272,1378277
AUT,2020-09-18,18854,1397131
AUT,2020-09-19,18134,1415265
AUT,2020-09-20,12584,1427849
AUT,2020-09-21,13412,1441261
AUT,2020-09-22,14552,1455813
AUT,2020-09-23,16617,1472430
AUT,2020-09-24,18518,1490948
AUT,2020-09-25,20409,1511357
AUT,2020-09-26,17443,1528800
AUT,2020-09-27,9865,1538665
AUT,2020-09-28,14493,1553158
AUT,2020-09-29,16586,1569744
AUT,2020-09-30,31409,1601153
AUT,2020-10-01,18586,1619739
AUT,2020-10-02,21839,1641578
AUT,2020-10-03,15456,1657034
AUT,2020-10-04,12505,1669539
AUT,2020-10-05,11895,1681434
AUT,2020-10-06,18237,1699671
AUT,2020-10-07,18589,1718260
AUT,2020-10-08,21762,1740022
AUT,2020-10-09,18575,1758597
AUT,2020-10-10,19956,1778553
AUT,2020-10-11,13876,1792429
AUT,2020-10-12,13668,1806097
AUT,2020-10-13,21708,1827805
AUT,2020-10-14,17033,1844838
AUT,2020-10-15,19813,1864651
AUT,2020-10-16,16119,1880770
AUT,2020-10-17,25109,1905879
AUT,2020-10-18,15315,1921194
AUT,2020-10-19,14550,1935744
AUT,2020-10-20,19469,1955213
AUT,2020-10-21,21077,1976290
AUT,2020-10-22,25278,2001568
AUT,2020-10-23,28024,2029592
AUT,2020-10-24,24189,2053781
AUT,2020-10-25,17744,2071525
AUT,2020-10-26,23216,2094741
AUT,2020-10-27,14112,2108853
AUT,2020-10-28,27379,2136232
AUT,2020-10-29,24506,2160738
AUT,2020-10-30,26421,2187159
AUT,2020-10-31,28742,2215901
AUT,2020-11-01,23316,2239217
AUT,2020-11-02,23450,2262667
AUT,2020-11-03,25881,2288548
AUT,2020-11-04,29433,2317981
AUT,2020-11-05,28133,2346114
AUT,2020-11-06,33067,2379181
AUT,2020-11-07,29810,2408991
AUT,2020-11-08,26867,2435858
AUT,2020-11-09,26376,2462234
AUT,2020-11-10,26540,2488774
AUT,2020-11-11,31571,2520345
AUT,2020-11-12,38226,2558571
AUT,2020-11-13,32328,2590899
AUT,2020-11-14,33067,2623966
AUT,2020-11-15,27080,2651046
AUT,2020-11-16,26232,2677278
AUT,2020-11-17,29050,2706328
AUT,2020-11-18,33128,2739456
AUT,2020-11-19,31316,2770772
AUT,2020-11-20,33190,2803962
AUT,2020-11-21,30808,2834770
AUT,2020-11-22,29831,2864601
AUT,2020-11-23,20422,2885023
AUT,2020-11-24,28070,2913093
AUT,2020-11-25,30569,2943662
AUT,2020-11-26,33318,2976980
AUT,2020-11-27,27048,3004028
AUT,2020-11-28,40205,3044233
AUT,2020-11-29,22197,3066430
AUT,2020-11-30,15054,3081484
AUT,2020-12-01,23192,3104676
AUT,2020-12-02,27862,3132538
AUT,2020-12-03,31294,3163832
AUT,2020-12-04,28674,3192506
AUT,2020-12-05,20053,3212559
AUT,2020-12-06,18118,3230677
AUT,2020-12-07,14577,3245254
AUT,2020-12-08,19643,3264897
AUT,2020-12-09,20351,3285248
AUT,2020-12-10,27915,3313163
AUT,2020-12-11,25394,3338557
AUT,2020-12-12,30917,3369474
AUT,2020-12-13,21202,3390676
AUT,2020-12-14,17562,3408238
AUT,2020-12-15,21037,3429275
AUT,2020-12-16,28747,3458022
AUT,2020-12-17,28216,3486238
AUT,2020-12-18,31414,3517652
AUT,2020-12-19,33800,3551452
AUT,2020-12-20,24990,3576442
AUT,2020-12-21,20957,3597399
AUT,2020-12-22,29463,3626862
AUT,2020-12-23,38440,3665302
AUT,2020-12-24,29151,3694453
AUT,2020-12-25,21616,3716069
AUT,2020-12-26,14425,3730494
AUT,2020-12-27,9909,3740403
AUT,2020-12-28,21246,3761649
AUT,2020-12-29,15563,3777212
AUT,2020-12-30,16085,3793297
AUT,2020-12-31,26789,3820086
AUT,2021-01-01,20462,3840548
AUT,2021-01-02,0,3840548
AUT,2021-01-03,0,3840548
AUT,2021-01-04,12601,3853149
AUT,2021-01-05,15450,3868599
AUT,2021-01-06,22630,3891229
AUT,2021-01-07,16752,3907981
AUT,2021-01-08,23605,3931586
AUT,2021-01-09,19780,3951366
AUT,2021-01-10,14175,3965541
AUT,2021-01-11,14089,3979630
AUT,2021-01-12,2945871,6925501
AUT,2021-01-13,124267,7049768
AUT,2021-01-14,390264,7440032
AUT,2021-01-15,79635,7519667
AUT,2021-01-16,79124,7598791
AUT,2021-01-17,52039,7650830
AUT,2021-01-18,106991,7757821
AUT,2021-01-19,180970,7938791
AUT,2021-01-20,610150,8548941
AUT,2021-01-21,46353,8595294
AUT,2021-01-22,58656,8653950
AUT,2021-01-23,89237,8743187
AUT,2021-01-24,51994,8795181
AUT,2021-01-25,67705,8862886
AUT,2021-01-26,103256,8966142
AUT,2021-01-27,91061,9057203
AUT,2021-01-28,92444,9149647
AUT,2021-01-29,71028,9220675
AUT,2021-01-30,125459,9346134
AUT,2021-01-31,69704,9415838
AUT,2021-02-01,126053,9541891
AUT,2021-02-02,81397,9623288
AUT,2021-02-03,181897,9805185
AUT,2021-02-04,108302,9913487
AUT,2021-02-05,87206,10000693
AUT,2021-02-06,159889,10160582
AUT,2021-02-07,212647,10373229
AUT,2021-02-08,128988,10502217
AUT,2021-02-09,310611,10812828
AUT,2021-02-10,221201,11034029
AUT,2021-02-11,231481,11265510
AUT,2021-02-12,203715,11469225
AUT,2021-02-13,214321,11683546
AUT,2021-02-14,139545,11823091
AUT,2021-02-15,157018,11980109
AUT,2021-02-16,291200,12271309
AUT,2021-02-17,206359,12477668
AUT,2021-02-18,274347,12752015
AUT,2021-02-19,200765,12952780
AUT,2021-02-20,236088,13188868
AUT,2021-02-21,198975,13387843
AUT,2021-02-22,93176,13481019
AUT,2021-02-23,258396,13739415
AUT,2021-02-24,261319,14000734
AUT,2021-02-25,268901,14269635
AUT,2021-02-26,223250,14492885
AUT,2021-02-27,318941,14811826
AUT,2021-02-28,156014,14967840
AUT,2021-03-01,95564,15063404
AUT,2021-03-02,354794,15418198
AUT,2021-03-03,244731,15662929
AUT,2021-03-04,261250,15924179
AUT,2021-03-05,259495,16183674
AUT,2021-03-06,250673,16434347
AUT,2021-03-07,158844,16593191
AUT,2021-03-08,122080,16715271
AUT,2021-03-09,395907,17111178
AUT,2021-03-10,278184,17389362
AUT,2021-03-11,219654,17609016
AUT,2021-03-12,357890,17966906
AUT,2021-03-13,271761,18238667
AUT,2021-03-14,167435,18406102
AUT,2021-03-15,139103,18545205
AUT,2021-03-16,355721,18900926
AUT,2021-03-17,436660,19337586
AUT,2021-03-18,298583,19636169
AUT,2021-03-19,269448,19905617
AUT,2021-03-20,278034,20183651
AUT,2021-03-21,192964,20376615
AUT,2021-03-22,159929,20536544
AUT,2021-03-23,369807,20906351
AUT,2021-03-24,300842,21207193
AUT,2021-03-25,418328,21625521
AUT,2021-03-26,485632,22111153
AUT,2021-03-27,143342,22254495
AUT,2021-03-28,261036,22515531
AUT,2021-03-29,154788,22670319
AUT,2021-03-30,483046,23153365
AUT,2021-03-31,358215,23511580
AUT,2021-04-01,353719,23865299
AUT,2021-04-02,281183,24146482
AUT,2021-04-03,316492,24462974
AUT,2021-04-04,244556,24707530
AUT,2021-04-05,132334,24839864
AUT,2021-04-06,219544,25059408
AUT,2021-04-07,516648,25576056
AUT,2021-04-08,352501,25928557
AUT,2021-04-09,293340,26221897
AUT,2021-04-10,316396,26538293
AUT,2021-04-11,200841,26739134
AUT,2021-04-12,169508,26908642
AUT,2021-04-13,349278,27257920
AUT,2021-04-14,505277,27763197
AUT,2021-04-15,308943,28072140
AUT,2021-04-16,286539,28358679
AUT,2021-04-17,317349,28676028
AUT,2021-04-18,207928,28883956
AUT,2021-04-19,190653,29074609
AUT,2021-04-20,320616,29395225
AUT,2021-04-21,262443,29657668
AUT,2021-04-22,307961,29965629
AUT,2021-04-23,280891,30246520
AUT,2021-04-24,302593,30549113
AUT,2021-04-25,199558,30748671
AUT,2021-04-26,147739,30896410
AUT,2021-04-27,426701,31323111
AUT,2021-04-28,54657,31377768
AUT,2021-04-29,272015,31649783
AUT,2021-04-30,303180,31952963
AUT,2021-05-01,335502,32288465
AUT,2021-05-02,155568,32444033
AUT,2021-05-03,111903,32555936
AUT,2021-05-04,399416,32955352
AUT,2021-05-05,347639,33302991
AUT,2021-05-06,459327,33762318
AUT,2021-05-07,287929,34050247
AUT,2021-05-08,309774,34360021
AUT,2021-05-09,204215,34564236
AUT,2021-05-10,135456,34699692
AUT,2021-05-11,363597,35063289
AUT,2021-05-12,379788,35443077
AUT,2021-05-13,415694,35858771
AUT,2021-05-14,141201,35999972
AUT,2021-05-15,277682,36277654
AUT,2021-05-16,175480,36453134
AUT,2021-05-17,138372,36591506
AUT,2021-05-18,309371,36900877
AUT,2021-05-19,396564,37297441
AUT,2021-05-20,388652,37686093
AUT,2021-05-21,424152,38110245
AUT,2021-05-22,479351,38589596
AUT,2021-05-23,348172,38937768
AUT,2021-05-24,211515,39149283
AUT,2021-05-25,382294,39531577
AUT,2021-05-26,442992,39974569
AUT,2021-05-27,542328,40516897
AUT,2021-05-28,332288,40849185
AUT,2021-05-29,435113,41284298
AUT,2021-05-30,339485,41623783
AUT,2021-05-31,212485,41836268
AUT,2021-06-01,346340,42182608
AUT,2021-06-02,925527,43108135
AUT,2021-06-03,681027,43789162
AUT,2021-06-04,381242,44170404
AUT,2021-06-05,748649,44919053
AUT,2021-06-06,419385,45338438
AUT,2021-06-07,292615,45631053
AUT,2021-06-08,412011,46043064
AUT,2021-06-09,443161,46486225
AUT,2021-06-10,516503,47002728
AUT,2021-06-11,325511,47328239
AUT,2021-06-12,457254,47785493
AUT,2021-06-13,420545,48206038
AUT,2021-06-14,312751,48518789
AUT,2021-06-15,354433,48873222
AUT,2021-06-16,354696,49227918
AUT,2021-06-17,526047,49753965
AUT,2021-06-18,489691,50243656
AUT,2021-06-19,480332,50723988
AUT,2021-06-20,418937,51142925
AUT,2021-06-21,375017,51517942
AUT,2021-06-22,705626,52223568
AUT,2021-06-23,389863,52613431
AUT,2021-06-24,290906,52904337
AUT,2021-06-25,451660,53355997
AUT,2021-06-26,417608,53773605
AUT,2021-06-27,312902,54086507
AZE,2021-04-28,0,0
AZE,2021-04-29,11194,11194
AZE,2021-04-30,11756,22950
AZE,2021-05-01,11319,34269
AZE,2021-05-02,12692,46961
AZE,2021-05-03,8777,55738
AZE,2021-05-04,16508,72246
AZE,2021-05-05,10701,82947
AZE,2021-05-06,10717,93664
AZE,2021-05-07,10686,104350
AZE,2021-05-08,10244,114594
AZE,2021-05-09,9474,124068
AZE,2021-05-10,6946,131014
AZE,2021-05-11,8081,139095
AZE,2021-05-12,7155,146250
AZE,2021-05-13,7733,153983
AZE,2021-05-14,7494,161477
AZE,2021-05-15,7285,168762
AZE,2021-05-16,8374,177136
AZE,2021-05-17,0,177136
AZE,2021-05-18,0,177136
AZE,2021-05-19,0,177136
AZE,2021-05-20,10568,187704
AZE,2021-05-21,10569,198273
AZE,2021-05-22,10009,208282
AZE,2021-05-23,10841,219123
AZE,2021-05-24,7211,226334
AZE,2021-05-25,5546,231880
AZE,2021-05-26,9825,241705
AZE,2021-05-27,8397,250102
AZE,2021-05-28,9369,259471
AZE,2021-05-29,10254,269725
AZE,2021-05-30,7004,276729
AZE,2021-05-31,5535,282264
AZE,2021-06-01,4815,287079
AZE,2021-06-02,9649,296728
AZE,2021-06-03,8834,305562
AZE,2021-06-04,9563,315125
AZE,2021-06-05,9585,324710
AZE,2021-06-06,8331,333041
AZE,2021-06-07,7794,340835
AZE,2021-06-08,4673,345508
AZE,2021-06-09,8655,354163
AZE,2021-06-10,8158,362321
AZE,2021-06-11,8618,370939
AZE,2021-06-12,8515,379454
AZE,2021-06-13,8746,388200
AZE,2021-06-14,7389,395589
AZE,2021-06-15,5074,400663
AZE,2021-06-16,17339,418002
AZE,2021-06-17,8162,426164
AZE,2021-06-18,7953,434117
AZE,2021-06-19,7254,441371
AZE,2021-06-20,7581,448952
AZE,2021-06-21,5115,454067
AZE,2021-06-22,9247,463314
AZE,2021-06-23,7948,471262
AZE,2021-06-24,7879,479141
AZE,2021-06-25,7728,486869
AZE,2021-06-26,8720,495589
AZE,2021-06-27,6213,501802
AZE,2021-06-28,4482,506284
BHR,2020-03-05,0,0
BHR,2020-03-06,0,0
BHR,2020-03-07,0,0
BHR,2020-03-08,0,0
BHR,2020-03-09,0,0
BHR,2020-03-10,524,524
BHR,2020-03-11,456,980
BHR,2020-03-12,232,1212
BHR,2020-03-13,0,1212
BHR,2020-03-14,0,1212
BHR,2020-03-15,0,1212
BHR,2020-03-16,0,1212
BHR,2020-03-17,1422,2634
BHR,2020-03-18,0,2634
BHR,2020-03-19,0,2634
BHR,2020-03-20,0,2634
BHR,2020-03-21,0,2634
BHR,2020-03-22,0,2634
BHR,2020-03-23,0,2634
BHR,2020-03-24,0,2634
BHR,2020-03-25,0,2634
BHR,2020-03-26,0,2634
BHR,2020-03-27,0,2634
BHR,2020-03-28,0,2634
BHR,2020-03-29,0,2634
BHR,2020-03-30,701,3335
BHR,2020-03-31,0,3335
BHR,2020-04-01,0,3335
BHR,2020-04-02,0,3335
BHR,2020-04-03,0,3335
BHR,2020-04-04,1260,4595
BHR,2020-04-05,5130,9725
BHR,2020-04-06,3298,13023
BHR,2020-04-07,2443,15466
BHR,2020-04-08,2677,18143
BHR,2020-04-09,2292,20435
BHR,2020-04-10,2585,23020
BHR,2020-04-11,3025,26045
BHR,2020-04-12,3267,29312
BHR,2020-04-13,3354,32666
BHR,2020-04-14,3486,36152
BHR,2020-04-15,2459,38611
BHR,2020-04-16,3672,42283
BHR,2020-04-17,2668,44951
BHR,2020-04-18,2956,47907
BHR,2020-04-19,4164,52071
BHR,2020-04-20,3575,55646
BHR,2020-04-21,4073,59719
BHR,2020-04-22,3416,63135
BHR,2020-04-23,2235,65370
BHR,2020-04-24,5334,70704
BHR,2020-04-25,5042,75746
BHR,2020-04-26,3703,79449
BHR,2020-04-27,3687,83136
BHR,2020-04-28,3909,87045
BHR,2020-04-29,5199,92244
BHR,2020-04-30,2789,95033
BHR,2020-05-01,4388,99421
BHR,2020-05-02,4196,103617
BHR,2020-05-03,5877,109494
BHR,2020-05-04,5431,114925
BHR,2020-05-05,5915,120840
BHR,2020-05-06,4840,125680
BHR,2020-05-07,6037,131717
BHR,2020-05-08,5780,137497
BHR,2020-05-09,6195,143692
BHR,2020-05-10,5676,149368
BHR,2020-05-11,6751,156119
BHR,2020-05-12,7118,163237
BHR,2020-05-13,7672,170909
BHR,2020-05-14,5557,176466
BHR,2020-05-15,11415,187881
BHR,2020-05-16,7646,195527
BHR,2020-05-17,6640,202167
BHR,2020-05-18,6203,208370
BHR,2020-05-19,5174,213544
BHR,2020-05-20,7428,220972
BHR,2020-05-21,0,220972
BHR,2020-05-22,0,220972
BHR,2020-05-23,7373,228345
BHR,2020-05-24,4652,232997
BHR,2020-05-25,2680,235677
BHR,2020-05-26,2339,238016
BHR,2020-05-27,4904,242920
BHR,2020-05-28,6746,249666
BHR,2020-05-29,6306,255972
BHR,2020-05-30,5394,261366
BHR,2020-05-31,7234,268600
BHR,2020-06-01,6355,274955
BHR,2020-06-02,7571,282526
BHR,2020-06-03,7040,289566
BHR,2020-06-04,7564,297130
BHR,2020-06-05,8785,305915
BHR,2020-06-06,7254,313169
BHR,2020-06-07,5680,318849
BHR,2020-06-08,7306,326155
BHR,2020-06-09,3873,330028
BHR,2020-06-10,7899,337927
BHR,2020-06-11,7776,345703
BHR,2020-06-12,9126,354829
BHR,2020-06-13,7806,362635
BHR,2020-06-14,7571,370206
BHR,2020-06-15,6779,376985
BHR,2020-06-16,12888,389873
BHR,2020-06-17,0,389873
BHR,2020-06-18,0,389873
BHR,2020-06-19,0,389873
BHR,2020-06-20,0,389873
BHR,2020-06-21,0,389873
BHR,2020-06-22,0,389873
BHR,2020-06-23,0,389873
BHR,2020-06-24,0,389873
BHR,2020-06-25,8735,398608
BHR,2020-06-26,8695,407303
BHR,2020-06-27,9643,416946
BHR,2020-06-28,8141,425087
BHR,2020-06-29,7274,432361
BHR,2020-06-30,8609,440970
BHR,2020-07-01,9114,450084
BHR,2020-07-02,10126,460210
BHR,2020-07-03,9740,469950
BHR,2020-07-04,9965,479915
BHR,2020-07-05,18081,497996
BHR,2020-07-06,9945,507941
BHR,2020-07-07,0,507941
BHR,2020-07-08,0,507941
BHR,2020-07-09,0,507941
BHR,2020-07-10,0,507941
BHR,2020-07-11,8801,516742
BHR,2020-07-12,7639,524381
BHR,2020-07-13,9589,533970
BHR,2020-07-14,9203,543173
BHR,2020-07-15,9867,553040
BHR,2020-07-16,8221,561261
BHR,2020-07-17,9463,570724
BHR,2020-07-18,7684,578408
BHR,2020-07-19,7037,585445
BHR,2020-07-20,8417,593862
BHR,2020-07-21,18554,612416
BHR,2020-07-22,0,612416
BHR,2020-07-23,0,612416
BHR,2020-07-24,0,612416
BHR,2020-07-25,0,612416
BHR,2020-07-26,0,612416
BHR,2020-07-27,0,612416
BHR,2020-07-28,9477,621893
BHR,2020-07-29,9332,631225
BHR,2020-07-30,9064,640289
BHR,2020-07-31,4326,644615
BHR,2020-08-01,4569,649184
BHR,2020-08-02,7425,656609
BHR,2020-08-03,7656,664265
BHR,2020-08-04,7601,671866
BHR,2020-08-05,0,671866
BHR,2020-08-06,0,671866
BHR,2020-08-07,9166,681032
BHR,2020-08-08,9395,690427
BHR,2020-08-09,6831,697258
BHR,2020-08-10,9133,706391
BHR,2020-08-11,10052,716443
BHR,2020-08-12,21651,738094
BHR,2020-08-13,0,738094
BHR,2020-08-14,0,738094
BHR,2020-08-15,9394,747488
BHR,2020-08-16,8142,755630
BHR,2020-08-17,9669,765299
BHR,2020-08-18,9205,774504
BHR,2020-08-19,19579,794083
BHR,2020-08-20,0,794083
BHR,2020-08-21,0,794083
BHR,2020-08-22,8998,803081
BHR,2020-08-23,9166,812247
BHR,2020-08-24,9602,821849
BHR,2020-08-25,9364,831213
BHR,2020-08-26,18972,850185
BHR,2020-08-27,0,850185
BHR,2020-08-28,0,850185
BHR,2020-08-29,9651,859836
BHR,2020-08-30,12311,872147
BHR,2020-08-31,0,872147
BHR,2020-09-01,0,872147
BHR,2020-09-02,10749,882896
BHR,2020-09-03,9992,892888
BHR,2020-09-04,11734,904622
BHR,2020-09-05,11711,916333
BHR,2020-09-06,20534,936867
BHR,2020-09-07,0,936867
BHR,2020-09-08,0,936867
BHR,2020-09-09,12337,949204
BHR,2020-09-10,0,949204
BHR,2020-09-11,0,949204
BHR,2020-09-12,9977,959181
BHR,2020-09-13,0,959181
BHR,2020-09-14,0,959181
BHR,2020-09-15,23177,982358
BHR,2020-09-16,12299,994657
BHR,2020-09-17,0,994657
BHR,2020-09-18,0,994657
BHR,2020-09-19,22832,1017489
BHR,2020-09-20,0,1017489
BHR,2020-09-21,0,1017489
BHR,2020-09-22,11438,1028927
BHR,2020-09-23,10686,1039613
BHR,2020-09-24,22705,1062318
BHR,2020-09-25,0,1062318
BHR,2020-09-26,0,1062318
BHR,2020-09-27,10131,1072449
BHR,2020-09-28,9118,1081567
BHR,2020-09-29,10557,1092124
BHR,2020-09-30,11303,1103427
BHR,2020-10-01,9900,1113327
BHR,2020-10-02,10821,1124148
BHR,2020-10-03,8767,1132915
BHR,2020-10-04,9735,1142650
BHR,2020-10-05,9508,1152158
BHR,2020-10-06,10540,1162698
BHR,2020-10-07,20368,1183066
BHR,2020-10-08,0,1183066
BHR,2020-10-09,0,1183066
BHR,2020-10-10,10537,1193603
BHR,2020-10-11,8792,1202395
BHR,2020-10-12,9086,1211481
BHR,2020-10-13,9627,1221108
BHR,2020-10-14,10399,1231507
BHR,2020-10-15,9463,1240970
BHR,2020-10-16,10922,1251892
BHR,2020-10-17,11127,1263019
BHR,2020-10-18,8143,1271162
BHR,2020-10-19,9940,1281102
BHR,2020-10-20,10444,1291546
BHR,2020-10-21,10360,1301906
BHR,2020-10-22,10391,1312297
BHR,2020-10-23,10954,1323251
BHR,2020-10-24,10630,1333881
BHR,2020-10-25,8436,1342317
BHR,2020-10-26,19642,1361959
BHR,2020-10-27,0,1361959
BHR,2020-10-28,0,1361959
BHR,2020-10-29,11774,1373733
BHR,2020-10-30,10695,1384428
BHR,2020-10-31,9384,1393812
BHR,2020-11-01,8117,1401929
BHR,2020-11-02,9444,1411373
BHR,2020-11-03,10699,1422072
BHR,2020-11-04,10036,1432108
BHR,2020-11-05,11552,1443660
BHR,2020-11-06,11587,1455247
BHR,2020-11-07,10900,1466147
BHR,2020-11-08,9505,1475652
BHR,2020-11-09,9832,1485484
BHR,2020-11-10,10299,1495783
BHR,2020-11-11,10355,1506138
BHR,2020-11-12,11299,1517437
BHR,2020-11-13,11801,1529238
BHR,2020-11-14,8435,1537673
BHR,2020-11-15,8805,1546478
BHR,2020-11-16,9489,1555967
BHR,2020-11-17,10535,1566502
BHR,2020-11-18,9677,1576179
BHR,2020-11-19,9694,1585873
BHR,2020-11-20,11233,1597106
BHR,2020-11-21,9486,1606592
BHR,2020-11-22,8375,1614967
BHR,2020-11-23,9912,1624879
BHR,2020-11-24,10426,1635305
BHR,2020-11-25,9936,1645241
BHR,2020-11-26,10026,1655267
BHR,2020-11-27,12388,1667655
BHR,2020-11-28,10176,1677831
BHR,2020-11-29,8121,1685952
BHR,2020-11-30,9845,1695797
BHR,2020-12-01,10234,1706031
BHR,2020-12-02,10503,1716534
BHR,2020-12-03,10866,1727400
BHR,2020-12-04,13270,1740670
BHR,2020-12-05,10688,1751358
BHR,2020-12-06,9000,1760358
BHR,2020-12-07,11054,1771412
BHR,2020-12-08,10216,1781628
BHR,2020-12-09,9731,1791359
BHR,2020-12-10,10064,1801423
BHR,2020-12-11,11002,1812425
BHR,2020-12-12,9918,1822343
BHR,2020-12-13,9731,1832074
BHR,2020-12-14,11870,1843944
BHR,2020-12-15,0,1843944
BHR,2020-12-16,0,1843944
BHR,2020-12-17,9795,1853739
BHR,2020-12-18,9857,1863596
BHR,2020-12-19,8804,1872400
BHR,2020-12-20,8811,1881211
BHR,2020-12-21,9878,1891089
BHR,2020-12-22,10598,1901687
BHR,2020-12-23,9576,1911263
BHR,2020-12-24,9194,1920457
BHR,2020-12-25,9319,1929776
BHR,2020-12-26,8967,1938743
BHR,2020-12-27,8085,1946828
BHR,2020-12-28,9063,1955891
BHR,2020-12-29,8626,1964517
BHR,2020-12-30,9855,1974372
BHR,2020-12-31,9988,1984360
BHR,2021-01-01,10962,1995322
BHR,2021-01-02,7881,2003203
BHR,2021-01-03,8778,2011981
BHR,2021-01-04,10515,2022496
BHR,2021-01-05,12273,2034769
BHR,2021-01-06,11085,2045854
BHR,2021-01-07,11409,2057263
BHR,2021-01-08,11469,2068732
BHR,2021-01-09,12653,2081385
BHR,2021-01-10,10823,2092208
BHR,2021-01-11,11720,2103928
BHR,2021-01-12,11539,2115467
BHR,2021-01-13,10911,2126378
BHR,2021-01-14,9914,2136292
BHR,2021-01-15,12926,2149218
BHR,2021-01-16,10685,2159903
BHR,2021-01-17,11017,2170920
BHR,2021-01-18,10828,2181748
BHR,2021-01-19,10803,2192551
BHR,2021-01-20,10371,2202922
BHR,2021-01-21,10782,2213704
BHR,2021-01-22,12310,2226014
BHR,2021-01-23,10318,2236332
BHR,2021-01-24,8942,2245274
BHR,2021-01-25,11440,2256714
BHR,2021-01-26,10212,2266926
BHR,2021-01-27,10055,2276981
BHR,2021-01-28,12287,2289268
BHR,2021-01-29,13283,2302551
BHR,2021-01-30,13535,2316086
BHR,2021-01-31,14046,2330132
BHR,2021-02-01,12637,2342769
BHR,2021-02-02,11755,2354524
BHR,2021-02-03,14104,2368628
BHR,2021-02-04,12644,2381272
BHR,2021-02-05,14534,2395806
BHR,2021-02-06,0,2395806
BHR,2021-02-07,0,2395806
BHR,2021-02-08,0,2395806
BHR,2021-02-09,0,2395806
BHR,2021-02-10,0,2395806
BHR,2021-02-11,0,2395806
BHR,2021-02-12,13727,2409533
BHR,2021-02-13,0,2409533
BHR,2021-02-14,0,2409533
BHR,2021-02-15,13404,2422937
BHR,2021-02-16,13536,2436473
BHR,2021-02-17,13385,2449858
BHR,2021-02-18,12977,2462835
BHR,2021-02-19,14159,2476994
BHR,2021-02-20,14362,2491356
BHR,2021-02-21,12329,2503685
BHR,2021-02-22,13436,2517121
BHR,2021-02-23,14191,2531312
BHR,2021-02-24,13232,2544544
BHR,2021-02-25,13546,2558090
BHR,2021-02-26,14693,2572783
BHR,2021-02-27,14310,2587093
BHR,2021-02-28,13147,2600240
BHR,2021-03-01,15019,2615259
BHR,2021-03-02,15393,2630652
BHR,2021-03-03,13010,2643662
BHR,2021-03-04,15158,2658820
BHR,2021-03-05,15511,2674331
BHR,2021-03-06,14934,2689265
BHR,2021-03-07,13179,2702444
BHR,2021-03-08,14715,2717159
BHR,2021-03-09,0,2717159
BHR,2021-03-10,0,2717159
BHR,2021-03-11,0,2717159
BHR,2021-03-12,0,2717159
BHR,2021-03-13,0,2717159
BHR,2021-03-14,0,2717159
BHR,2021-03-15,0,2717159
BHR,2021-03-16,0,2717159
BHR,2021-03-17,0,2717159
BHR,2021-03-18,0,2717159
BHR,2021-03-19,0,2717159
BHR,2021-03-20,0,2717159
BHR,2021-03-21,0,2717159
BHR,2021-03-22,0,2717159
BHR,2021-03-23,16030,2733189
BHR,2021-03-24,0,2733189
BHR,2021-03-25,0,2733189
BHR,2021-03-26,18286,2751475
BHR,2021-03-27,16356,2767831
BHR,2021-03-28,14587,2782418
BHR,2021-03-29,16820,2799238
BHR,2021-03-30,16616,2815854
BHR,2021-03-31,16243,2832097
BHR,2021-04-01,17280,2849377
BHR,2021-04-02,17392,2866769
BHR,2021-04-03,17835,2884604
BHR,2021-04-04,17147,2901751
BHR,2021-04-05,18112,2919863
BHR,2021-04-06,17646,2937509
BHR,2021-04-07,17331,2954840
BHR,2021-04-08,18103,2972943
BHR,2021-04-09,19377,2992320
BHR,2021-04-10,20170,3012490
BHR,2021-04-11,17257,3029747
BHR,2021-04-12,18235,3047982
BHR,2021-04-13,18706,3066688
BHR,2021-04-14,17354,3084042
BHR,2021-04-15,18755,3102797
BHR,2021-04-16,18287,3121084
BHR,2021-04-17,0,3121084
BHR,2021-04-18,0,3121084
BHR,2021-04-19,0,3121084
BHR,2021-04-20,15266,3136350
BHR,2021-04-21,16357,3152707
BHR,2021-04-22,15257,3167964
BHR,2021-04-23,17769,3185733
BHR,2021-04-24,15567,3201300
BHR,2021-04-25,14277,3215577
BHR,2021-04-26,15751,3231328
BHR,2021-04-27,16305,3247633
BHR,2021-04-28,14772,3262405
BHR,2021-04-29,15578,3277983
BHR,2021-04-30,19055,3297038
BHR,2021-05-01,15428,3312466
BHR,2021-05-02,13982,3326448
BHR,2021-05-03,15712,3342160
BHR,2021-05-04,15309,3357469
BHR,2021-05-05,16235,3373704
BHR,2021-05-06,16324,3390028
BHR,2021-05-07,17701,3407729
BHR,2021-05-08,16822,3424551
BHR,2021-05-09,15594,3440145
BHR,2021-05-10,16293,3456438
BHR,2021-05-11,17554,3473992
BHR,2021-05-12,17822,3491814
BHR,2021-05-13,18359,3510173
BHR,2021-05-14,15745,3525918
BHR,2021-05-15,14253,3540171
BHR,2021-05-16,13960,3554131
BHR,2021-05-17,17767,3571898
BHR,2021-05-18,20091,3591989
BHR,2021-05-19,19664,3611653
BHR,2021-05-20,19308,3630961
BHR,2021-05-21,19847,3650808
BHR,2021-05-22,18201,3669009
BHR,2021-05-23,17679,3686688
BHR,2021-05-24,20814,3707502
BHR,2021-05-25,19951,3727453
BHR,2021-05-26,19599,3747052
BHR,2021-05-27,19163,3766215
BHR,2021-05-28,20459,3786674
BHR,2021-05-29,20310,3806984
BHR,2021-05-30,18658,3825642
BHR,2021-05-31,18511,3844153
BHR,2021-06-01,17285,3861438
BHR,2021-06-02,15198,3876636
BHR,2021-06-03,15444,3892080
BHR,2021-06-04,15868,3907948
BHR,2021-06-05,12938,3920886
BHR,2021-06-06,13373,3934259
BHR,2021-06-07,14182,3948441
BHR,2021-06-08,12520,3960961
BHR,2021-06-09,12535,3973496
BHR,2021-06-10,11428,3984924
BHR,2021-06-11,13272,3998196
BHR,2021-06-12,10846,4009042
BHR,2021-06-13,12682,4021724
BHR,2021-06-14,13406,4035130
BHR,2021-06-15,14569,4049699
BHR,2021-06-16,13286,4062985
BHR,2021-06-17,13151,4076136
BHR,2021-06-18,14504,4090640
BHR,2021-06-19,12575,4103215
BHR,2021-06-20,12355,4115570
BHR,2021-06-21,13607,4129177
BHR,2021-06-22,13249,4142426
BHR,2021-06-23,13509,4155935
BHR,2021-06-24,13264,4169199
BHR,2021-06-25,12860,4182059
BHR,2021-06-26,13117,4195176
BHR,2021-06-27,13183,4208359
BHR,2021-06-28,12493,4220852
BHR,2021-06-29,12121,4232973
BGD,2020-03-03,108,108
BGD,2020-03-04,3,111
BGD,2020-03-05,0,111
BGD,2020-03-06,9,120
BGD,2020-03-07,7,127
BGD,2020-03-08,10,137
BGD,2020-03-09,10,147
BGD,2020-03-10,16,163
BGD,2020-03-11,24,187
BGD,2020-03-12,24,211
BGD,2020-03-13,30,241
BGD,2020-03-14,27,268
BGD,2020-03-15,25,293
BGD,2020-03-16,49,342
BGD,2020-03-17,39,381
BGD,2020-03-18,46,427
BGD,2020-03-19,36,463
BGD,2020-03-20,36,499
BGD,2020-03-21,65,564
BGD,2020-03-22,56,620
BGD,2020-03-23,92,712
BGD,2020-03-24,82,794
BGD,2020-03-25,126,920
BGD,2020-03-26,106,1026
BGD,2020-03-27,50,1076
BGD,2020-03-28,109,1185
BGD,2020-03-29,153,1338
BGD,2020-03-30,264,1602
BGD,2020-03-31,157,1759
BGD,2020-04-01,147,1906
BGD,2020-04-02,207,2113
BGD,2020-04-03,434,2547
BGD,2020-04-04,367,2914
BGD,2020-04-05,696,3610
BGD,2020-04-06,792,4402
BGD,2020-04-07,981,5383
BGD,2020-04-08,1097,6480
BGD,2020-04-09,1184,7664
BGD,2020-04-10,649,8313
BGD,2020-04-11,1340,9653
BGD,2020-04-12,1570,11223
BGD,2020-04-13,1905,13128
BGD,2020-04-14,1740,14868
BGD,2020-04-15,2135,17003
BGD,2020-04-16,2190,19193
BGD,2020-04-17,2114,21307
BGD,2020-04-18,2634,23941
BGD,2020-04-19,2663,26604
BGD,2020-04-20,2974,29578
BGD,2020-04-21,3096,32674
BGD,2020-04-22,3416,36090
BGD,2020-04-23,3686,39776
BGD,2020-04-24,3337,43113
BGD,2020-04-25,3476,46589
BGD,2020-04-26,3812,50401
BGD,2020-04-27,4332,54733
BGD,2020-04-28,4968,59701
BGD,2020-04-29,4965,64666
BGD,2020-04-30,5573,70239
BGD,2020-05-01,5827,76066
BGD,2020-05-02,5368,81434
BGD,2020-05-03,6260,87694
BGD,2020-05-04,5711,93405
BGD,2020-05-05,0,93405
BGD,2020-05-06,6241,99646
BGD,2020-05-07,5867,105513
BGD,2020-05-08,5941,111454
BGD,2020-05-09,5465,116919
BGD,2020-05-10,5738,122657
BGD,2020-05-11,7208,129865
BGD,2020-05-12,6773,136638
BGD,2020-05-13,7900,144538
BGD,2020-05-14,7392,151930
BGD,2020-05-15,8582,160512
BGD,2020-05-16,6782,167294
BGD,2020-05-17,8114,175408
BGD,2020-05-18,9788,185196
BGD,2020-05-19,8449,193645
BGD,2020-05-20,10260,203905
BGD,2020-05-21,10262,214167
BGD,2020-05-22,9727,223894
BGD,2020-05-23,10834,234728
BGD,2020-05-24,8908,243636
BGD,2020-05-25,9451,253087
BGD,2020-05-26,5407,258494
BGD,2020-05-27,8015,266509
BGD,2020-05-28,9310,275819
BGD,2020-05-29,11301,287120
BGD,2020-05-30,9997,297117
BGD,2020-05-31,11876,308993
BGD,2020-06-01,11339,320332
BGD,2020-06-02,12704,333036
BGD,2020-06-03,12510,345546
BGD,2020-06-04,12694,358240
BGD,2020-06-05,14088,372328
BGD,2020-06-06,12486,384814
BGD,2020-06-07,13136,397950
BGD,2020-06-08,12944,410894
BGD,2020-06-09,14664,425558
BGD,2020-06-10,15965,441523
BGD,2020-06-11,15772,457295
BGD,2020-06-12,15990,473285
BGD,2020-06-13,16638,489923
BGD,2020-06-14,14505,504428
BGD,2020-06-15,15038,519466
BGD,2020-06-16,17214,536680
BGD,2020-06-17,17527,554207
BGD,2020-06-18,16259,570466
BGD,2020-06-19,15045,585511
BGD,2020-06-20,14031,599542
BGD,2020-06-21,15585,615127
BGD,2020-06-22,15555,630682
BGD,2020-06-23,16292,646974
BGD,2020-06-24,16433,663407
BGD,2020-06-25,17999,681406
BGD,2020-06-26,18498,699904
BGD,2020-06-27,15157,715061
BGD,2020-06-28,18099,733160
BGD,2020-06-29,17837,750997
BGD,2020-06-30,18426,769423
BGD,2020-07-01,17875,787298
BGD,2020-07-02,18362,805660
BGD,2020-07-03,14650,820310
BGD,2020-07-04,14727,835037
BGD,2020-07-05,13988,849025
BGD,2020-07-06,14245,863270
BGD,2020-07-07,13173,876443
BGD,2020-07-08,15672,892115
BGD,2020-07-09,15632,907747
BGD,2020-07-10,13488,921235
BGD,2020-07-11,11193,932428
BGD,2020-07-12,11059,943487
BGD,2020-07-13,12423,955910
BGD,2020-07-14,13453,969363
BGD,2020-07-15,14002,983365
BGD,2020-07-16,12889,996254
BGD,2020-07-17,13460,1009714
BGD,2020-07-18,10923,1020637
BGD,2020-07-19,10625,1031262
BGD,2020-07-20,13362,1044624
BGD,2020-07-21,12898,1057522
BGD,2020-07-22,12050,1069572
BGD,2020-07-23,12398,1081970
BGD,2020-07-24,12027,1093997
BGD,2020-07-25,10446,1104443
BGD,2020-07-26,10078,1114521
BGD,2020-07-27,12859,1127380
BGD,2020-07-28,12714,1140094
BGD,2020-07-29,14127,1154221
BGD,2020-07-30,12937,1167158
BGD,2020-07-31,12614,1179772
BGD,2020-08-01,8802,1188574
BGD,2020-08-02,3684,1192258
BGD,2020-08-03,4249,1196507
BGD,2020-08-04,7712,1204219
BGD,2020-08-05,11160,1215379
BGD,2020-08-06,12708,1228087
BGD,2020-08-07,12699,1240786
BGD,2020-08-08,11737,1252523
BGD,2020-08-09,10759,1263282
BGD,2020-08-10,12849,1276131
BGD,2020-08-11,14820,1290951
BGD,2020-08-12,14751,1305702
BGD,2020-08-13,13162,1318864
BGD,2020-08-14,12856,1331720
BGD,2020-08-15,12891,1344611
BGD,2020-08-16,10018,1354629
BGD,2020-08-17,12523,1367152
BGD,2020-08-18,14630,1381782
BGD,2020-08-19,14678,1396460
BGD,2020-08-20,14059,1410519
BGD,2020-08-21,12943,1423462
BGD,2020-08-22,11356,1434818
BGD,2020-08-23,10801,1445619
BGD,2020-08-24,13382,1459001
BGD,2020-08-25,14153,1473154
BGD,2020-08-26,15070,1488224
BGD,2020-08-27,15124,1503348
BGD,2020-08-28,13741,1517089
BGD,2020-08-29,11689,1528778
BGD,2020-08-30,11934,1540712
BGD,2020-08-31,12454,1553166
BGD,2020-09-01,12209,1565375
BGD,2020-09-02,15204,1580579
BGD,2020-09-03,14422,1595001
BGD,2020-09-04,13073,1608074
BGD,2020-09-05,12847,1620921
BGD,2020-09-06,11354,1632275
BGD,2020-09-07,15412,1647687
BGD,2020-09-08,14973,1662660
BGD,2020-09-09,14755,1677415
BGD,2020-09-10,15559,1692974
BGD,2020-09-11,14747,1707721
BGD,2020-09-12,10723,1718444
BGD,2020-09-13,12999,1731443
BGD,2020-09-14,14216,1745659
BGD,2020-09-15,14050,1759709
BGD,2020-09-16,13360,1773069
BGD,2020-09-17,13673,1786742
BGD,2020-09-18,12730,1799472
BGD,2020-09-19,13170,1812642
BGD,2020-09-20,11591,1824233
BGD,2020-09-21,13053,1837286
BGD,2020-09-22,14164,1851450
BGD,2020-09-23,14150,1865600
BGD,2020-09-24,12900,1878500
BGD,2020-09-25,12473,1890973
BGD,2020-09-26,10765,1901738
BGD,2020-09-27,10685,1912423
BGD,2020-09-28,11922,1924345
BGD,2020-09-29,12869,1937214
BGD,2020-09-30,13404,1950618
BGD,2020-10-01,11420,1962038
BGD,2020-10-02,11176,1973214
BGD,2020-10-03,9554,1982768
BGD,2020-10-04,9859,1992627
BGD,2020-10-05,11767,2004394
BGD,2020-10-06,12345,2016739
BGD,2020-10-07,13032,2029771
BGD,2020-10-08,12605,2042376
BGD,2020-10-09,11256,2053632
BGD,2020-10-10,10859,2064491
BGD,2020-10-11,9467,2073958
BGD,2020-10-12,13227,2087185
BGD,2020-10-13,13815,2101000
BGD,2020-10-14,14411,2115411
BGD,2020-10-15,14104,2129515
BGD,2020-10-16,13577,2143092
BGD,2020-10-17,11573,2154665
BGD,2020-10-18,11866,2166531
BGD,2020-10-19,15146,2181677
BGD,2020-10-20,13611,2195288
BGD,2020-10-21,14086,2209374
BGD,2020-10-22,14958,2224332
BGD,2020-10-23,14119,2238451
BGD,2020-10-24,10998,2249449
BGD,2020-10-25,10998,2260447
BGD,2020-10-26,11103,2271550
BGD,2020-10-27,12617,2284167
BGD,2020-10-28,12357,2296524
BGD,2020-10-29,14268,2310792
BGD,2020-10-30,14141,2324933
BGD,2020-10-31,11532,2336465
BGD,2020-11-01,11532,2347997
BGD,2020-11-02,11532,2359529
BGD,2020-11-03,14061,2373590
BGD,2020-11-04,13914,2387504
BGD,2020-11-05,15225,2402729
BGD,2020-11-06,13521,2416250
BGD,2020-11-07,11419,2427669
BGD,2020-11-08,12760,2440429
BGD,2020-11-09,14042,2454471
BGD,2020-11-10,13520,2467991
BGD,2020-11-11,14524,2482515
BGD,2020-11-12,17112,2499627
BGD,2020-11-13,13539,2513166
BGD,2020-11-14,11795,2524961
BGD,2020-11-15,14060,2539021
BGD,2020-11-16,15768,2554789
BGD,2020-11-17,15990,2570779
BGD,2020-11-18,16469,2587248
BGD,2020-11-19,17531,2604779
BGD,2020-11-20,15607,2620386
BGD,2020-11-21,12643,2633029
BGD,2020-11-22,13870,2646899
BGD,2020-11-23,16059,2662958
BGD,2020-11-24,15018,2677976
BGD,2020-11-25,16001,2693977
BGD,2020-11-26,17052,2711029
BGD,2020-11-27,16378,2727407
BGD,2020-11-28,14012,2741419
BGD,2020-11-29,13737,2755156
BGD,2020-11-30,15372,2770528
BGD,2020-12-01,15501,2786029
BGD,2020-12-02,15972,2802001
BGD,2020-12-03,16807,2818808
BGD,2020-12-04,15430,2834238
BGD,2020-12-05,13540,2847778
BGD,2020-12-06,13218,2860996
BGD,2020-12-07,14369,2875365
BGD,2020-12-08,17084,2892449
BGD,2020-12-09,17042,2909491
BGD,2020-12-10,16265,2925756
BGD,2020-12-11,16323,2942079
BGD,2020-12-12,12630,2954709
BGD,2020-12-13,12748,2967457
BGD,2020-12-14,16828,2984285
BGD,2020-12-15,19054,3003339
BGD,2020-12-16,17025,3020364
BGD,2020-12-17,13191,3033555
BGD,2020-12-18,14336,3047891
BGD,2020-12-19,12300,3060191
BGD,2020-12-20,12300,3072491
BGD,2020-12-21,15669,3088160
BGD,2020-12-22,15145,3103305
BGD,2020-12-23,15932,3119237
BGD,2020-12-24,13227,3132464
BGD,2020-12-25,13695,3146159
BGD,2020-12-26,9912,3156071
BGD,2020-12-27,12650,3168721
BGD,2020-12-28,12617,3181338
BGD,2020-12-29,14588,3195926
BGD,2020-12-30,15229,3211155
BGD,2020-12-31,13254,3224409
BGD,2021-01-01,12103,3236512
BGD,2021-01-02,9701,3246213
BGD,2021-01-03,10925,3257138
BGD,2021-01-04,10925,3268063
BGD,2021-01-05,14462,3282525
BGD,2021-01-06,15544,3298069
BGD,2021-01-07,15381,3313450
BGD,2021-01-08,15381,3328831
BGD,2021-01-09,12908,3341739
BGD,2021-01-10,12920,3354659
BGD,2021-01-11,14097,3368756
BGD,2021-01-12,14363,3383119
BGD,2021-01-13,15727,3398846
BGD,2021-01-14,16608,3415454
BGD,2021-01-15,13678,3429132
BGD,2021-01-16,12215,3441347
BGD,2021-01-17,13446,3454793
BGD,2021-01-18,12707,3467500
BGD,2021-01-19,15097,3482597
BGD,2021-01-20,15410,3498007
BGD,2021-01-21,14761,3512768
BGD,2021-01-22,14846,3527614
BGD,2021-01-23,11115,3538729
BGD,2021-01-24,14169,3552898
BGD,2021-01-25,14829,3567727
BGD,2021-01-26,14401,3582128
BGD,2021-01-27,15720,3597848
BGD,2021-01-28,14830,3612678
BGD,2021-01-29,12075,3624753
BGD,2021-01-30,12084,3636837
BGD,2021-01-31,12225,3649062
BGD,2021-02-01,12475,3661537
BGD,2021-02-02,14452,3675989
BGD,2021-02-03,14985,3690974
BGD,2021-02-04,15273,3706247
BGD,2021-02-05,15566,3721813
BGD,2021-02-06,12135,3733948
BGD,2021-02-07,12135,3746083
BGD,2021-02-08,13762,3759845
BGD,2021-02-09,14468,3774313
BGD,2021-02-10,14999,3789312
BGD,2021-02-11,15776,3805088
BGD,2021-02-12,14328,3819416
BGD,2021-02-13,12871,3832287
BGD,2021-02-14,12900,3845187
BGD,2021-02-15,14138,3859325
BGD,2021-02-16,14788,3874113
BGD,2021-02-17,16612,3890725
BGD,2021-02-18,14603,3905328
BGD,2021-02-19,14232,3919560
BGD,2021-02-20,11148,3930708
BGD,2021-02-21,14036,3944744
BGD,2021-02-22,11103,3955847
BGD,2021-02-23,12748,3968595
BGD,2021-02-24,16152,3984747
BGD,2021-02-25,15560,4000307
BGD,2021-02-26,15032,4015339
BGD,2021-02-27,12348,4027687
BGD,2021-02-28,13411,4041098
BGD,2021-03-01,13570,4054668
BGD,2021-03-02,15325,4069993
BGD,2021-03-03,16414,4086407
BGD,2021-03-04,15985,4102392
BGD,2021-03-05,13710,4116102
BGD,2021-03-06,13082,4129184
BGD,2021-03-07,14092,4143276
BGD,2021-03-08,16958,4160234
BGD,2021-03-09,17775,4178009
BGD,2021-03-10,17032,4195041
BGD,2021-03-11,18058,4213099
BGD,2021-03-12,16111,4229210
BGD,2021-03-13,16206,4245416
BGD,2021-03-14,16206,4261622
BGD,2021-03-15,18695,4280317
BGD,2021-03-16,20748,4301065
BGD,2021-03-17,24275,4325340
BGD,2021-03-18,20925,4346265
BGD,2021-03-19,18917,4365182
BGD,2021-03-20,19900,4385082
BGD,2021-03-21,21108,4406190
BGD,2021-03-22,25111,4431301
BGD,2021-03-23,25954,4457255
BGD,2021-03-24,27502,4484757
BGD,2021-03-25,27045,4511802
BGD,2021-03-26,27229,4539031
BGD,2021-03-27,27229,4566260
BGD,2021-03-28,22136,4588396
BGD,2021-03-29,28195,4616591
BGD,2021-03-30,26620,4643211
BGD,2021-03-31,26931,4670142
BGD,2021-04-01,28198,4698340
BGD,2021-04-02,29339,4727679
BGD,2021-04-03,24548,4752227
BGD,2021-04-04,30724,4782951
BGD,2021-04-05,30239,4813190
BGD,2021-04-06,34311,4847501
BGD,2021-04-07,34630,4882131
BGD,2021-04-08,33193,4915324
BGD,2021-04-09,31654,4946978
BGD,2021-04-10,26077,4973055
BGD,2021-04-11,29376,5002431
BGD,2021-04-12,34968,5037399
BGD,2021-04-13,32955,5070354
BGD,2021-04-14,24825,5095179
BGD,2021-04-15,19959,5115138
BGD,2021-04-16,18906,5134044
BGD,2021-04-17,16185,5150229
BGD,2021-04-18,19404,5169633
BGD,2021-04-19,24152,5193785
BGD,2021-04-20,27056,5220841
BGD,2021-04-21,28408,5249249
BGD,2021-04-22,27429,5276678
BGD,2021-04-23,25896,5302574
BGD,2021-04-24,20571,5323145
BGD,2021-04-25,21922,5345067
BGD,2021-04-26,25786,5370853
BGD,2021-04-27,24237,5395090
BGD,2021-04-28,24237,5419327
BGD,2021-04-29,24928,5444255
BGD,2021-04-30,21046,5465301
BGD,2021-05-01,15117,5480418
BGD,2021-05-02,14158,5494576
BGD,2021-05-03,13431,5508007
BGD,2021-05-04,21984,5529991
BGD,2021-05-05,20284,5550275
BGD,2021-05-06,21585,5571860
BGD,2021-05-07,17013,5588873
BGD,2021-05-08,14703,5603576
BGD,2021-05-09,16915,5620491
BGD,2021-05-10,16848,5637339
BGD,2021-05-11,14184,5651523
BGD,2021-05-12,15296,5666819
BGD,2021-05-13,13471,5680290
BGD,2021-05-14,7835,5688125
BGD,2021-05-15,3758,5691883
BGD,2021-05-16,5430,5697313
BGD,2021-05-17,10347,5707660
BGD,2021-05-18,16855,5724515
BGD,2021-05-19,20528,5745043
BGD,2021-05-20,19437,5764480
BGD,2021-05-21,18294,5782774
BGD,2021-05-22,12230,5795004
BGD,2021-05-23,15205,5810209
BGD,2021-05-24,17683,5827892
BGD,2021-05-25,16624,5844516
BGD,2021-05-26,16434,5860950
BGD,2021-05-27,16434,5877384
BGD,2021-05-28,14606,5891990
BGD,2021-05-29,13184,5905174
BGD,2021-05-30,14277,5919451
BGD,2021-05-31,18178,5937629
BGD,2021-06-01,18250,5955879
BGD,2021-06-02,20259,5976138
BGD,2021-06-03,16972,5993110
BGD,2021-06-04,18151,6011261
BGD,2021-06-05,13115,6024376
BGD,2021-06-06,15613,6039989
BGD,2021-06-07,17169,6057158
BGD,2021-06-08,19165,6076323
BGD,2021-06-09,19165,6095488
BGD,2021-06-10,19447,6114935
BGD,2021-06-11,18535,6133470
BGD,2021-06-12,11590,6145060
BGD,2021-06-13,18749,6163809
BGD,2021-06-14,20602,6184411
BGD,2021-06-15,23265,6207676
BGD,2021-06-16,23807,6231483
BGD,2021-06-17,24871,6256354
BGD,2021-06-18,20882,6277236
BGD,2021-06-19,16964,6294200
BGD,2021-06-20,22231,6316431
BGD,2021-06-21,24057,6340488
BGD,2021-06-22,25028,6365516
BGD,2021-06-23,28256,6393772
BGD,2021-06-24,30391,6424163
BGD,2021-06-25,27653,6451816
BGD,2021-06-26,27653,6479469
BGD,2021-06-27,24400,6503869
BGD,2021-06-28,35059,6538928
BLR,2020-03-03,0,0
BLR,2020-03-04,0,0
BLR,2020-03-05,0,0
BLR,2020-03-06,0,0
BLR,2020-03-07,0,0
BLR,2020-03-08,0,0
BLR,2020-03-09,0,0
BLR,2020-03-10,0,0
BLR,2020-03-11,0,0
BLR,2020-03-12,0,0
BLR,2020-03-13,0,0
BLR,2020-03-14,0,0
BLR,2020-03-15,0,0
BLR,2020-03-16,0,0
BLR,2020-03-17,0,0
BLR,2020-03-18,0,0
BLR,2020-03-19,0,0
BLR,2020-03-20,0,0
BLR,2020-03-21,0,0
BLR,2020-03-22,0,0
BLR,2020-03-23,0,0
BLR,2020-03-24,0,0
BLR,2020-03-25,0,0
BLR,2020-03-26,0,0
BLR,2020-03-27,0,0
BLR,2020-03-28,0,0
BLR,2020-03-29,0,0
BLR,2020-03-30,0,0
BLR,2020-03-31,1000,1000
BLR,2020-04-01,1000,2000
BLR,2020-04-02,0,2000
BLR,2020-04-03,0,2000
BLR,2020-04-04,0,2000
BLR,2020-04-05,0,2000
BLR,2020-04-06,0,2000
BLR,2020-04-07,0,2000
BLR,2020-04-08,0,2000
BLR,2020-04-09,3000,5000
BLR,2020-04-10,0,5000
BLR,2020-04-11,0,5000
BLR,2020-04-12,0,5000
BLR,2020-04-13,4000,9000
BLR,2020-04-14,3875,12875
BLR,2020-04-15,4323,17198
BLR,2020-04-16,0,17198
BLR,2020-04-17,0,17198
BLR,2020-04-18,5896,23094
BLR,2020-04-19,5522,28616
BLR,2020-04-20,4335,32951
BLR,2020-04-21,5979,38930
BLR,2020-04-22,6410,45340
BLR,2020-04-23,7588,52928
BLR,2020-04-24,8281,61209
BLR,2020-04-25,8471,69680
BLR,2020-04-26,8230,77910
BLR,2020-04-27,6275,84185
BLR,2020-04-28,7228,91413
BLR,2020-04-29,7958,99371
BLR,2020-04-30,7639,107010
BLR,2020-05-01,9637,116647
BLR,2020-05-02,9168,125815
BLR,2020-05-03,8809,134624
BLR,2020-05-04,7130,141754
BLR,2020-05-05,0,141754
BLR,2020-05-06,0,141754
BLR,2020-05-07,0,141754
BLR,2020-05-08,10680,152434
BLR,2020-05-09,11625,164059
BLR,2020-05-10,11772,175831
BLR,2020-05-11,10517,186348
BLR,2020-05-12,10385,196733
BLR,2020-05-13,11935,208668
BLR,2020-05-14,11776,220444
BLR,2020-05-15,0,220444
BLR,2020-05-16,0,220444
BLR,2020-05-17,0,220444
BLR,2020-05-18,0,220444
BLR,2020-05-19,0,220444
BLR,2020-05-20,0,220444
BLR,2020-05-21,0,220444
BLR,2020-05-22,0,220444
BLR,2020-05-23,15614,236058
BLR,2020-05-24,0,236058
BLR,2020-05-25,0,236058
BLR,2020-05-26,9902,245960
BLR,2020-05-27,0,245960
BLR,2020-05-28,0,245960
BLR,2020-05-29,0,245960
BLR,2020-05-30,0,245960
BLR,2020-05-31,14534,260494
BLR,2020-06-01,12284,272778
BLR,2020-06-02,9568,282346
BLR,2020-06-03,0,282346
BLR,2020-06-04,0,282346
BLR,2020-06-05,0,282346
BLR,2020-06-06,0,282346
BLR,2020-06-07,0,282346
BLR,2020-06-08,10680,293026
BLR,2020-06-09,0,293026
BLR,2020-06-10,0,293026
BLR,2020-06-11,0,293026
BLR,2020-06-12,0,293026
BLR,2020-06-13,0,293026
BLR,2020-06-14,0,293026
BLR,2020-06-15,0,293026
BLR,2020-06-16,10632,303658
BLR,2020-06-17,0,303658
BLR,2020-06-18,0,303658
BLR,2020-06-19,21452,325110
BLR,2020-06-20,20286,345396
BLR,2020-06-21,0,345396
BLR,2020-06-22,0,345396
BLR,2020-06-23,0,345396
BLR,2020-06-24,0,345396
BLR,2020-06-25,17235,362631
BLR,2020-06-26,20385,383016
BLR,2020-06-27,0,383016
BLR,2020-06-28,0,383016
BLR,2020-06-29,0,383016
BLR,2020-06-30,0,383016
BLR,2020-07-01,0,383016
BLR,2020-07-02,0,383016
BLR,2020-07-03,0,383016
BLR,2020-07-04,0,383016
BLR,2020-07-05,0,383016
BLR,2020-07-06,0,383016
BLR,2020-07-07,0,383016
BLR,2020-07-08,0,383016
BLR,2020-07-09,0,383016
BLR,2020-07-10,0,383016
BLR,2020-07-11,0,383016
BLR,2020-07-12,0,383016
BLR,2020-07-13,0,383016
BLR,2020-07-14,0,383016
BLR,2020-07-15,0,383016
BLR,2020-07-16,0,383016
BLR,2020-07-17,0,383016
BLR,2020-07-18,0,383016
BLR,2020-07-19,0,383016
BLR,2020-07-20,0,383016
BLR,2020-07-21,0,383016
BLR,2020-07-22,0,383016
BLR,2020-07-23,10305,393321
BLR,2020-07-24,10979,404300
BLR,2020-07-25,10940,415240
BLR,2020-07-26,9735,424975
BLR,2020-07-27,6040,431015
BLR,2020-07-28,0,431015
BLR,2020-07-29,0,431015
BLR,2020-07-30,10003,441018
BLR,2020-07-31,10842,451860
BLR,2020-08-01,0,451860
BLR,2020-08-02,0,451860
BLR,2020-08-03,0,451860
BLR,2020-08-04,0,451860
BLR,2020-08-05,0,451860
BLR,2020-08-06,0,451860
BLR,2020-08-07,0,451860
BLR,2020-08-08,0,451860
BLR,2020-08-09,0,451860
BLR,2020-08-10,0,451860
BLR,2020-08-11,0,451860
BLR,2020-08-12,6486,458346
BLR,2020-08-13,0,458346
BLR,2020-08-14,0,458346
BLR,2020-08-15,0,458346
BLR,2020-08-16,0,458346
BLR,2020-08-17,0,458346
BLR,2020-08-18,0,458346
BLR,2020-08-19,0,458346
BLR,2020-08-20,0,458346
BLR,2020-08-21,0,458346
BLR,2020-08-22,0,458346
BLR,2020-08-23,8520,466866
BLR,2020-08-24,0,466866
BLR,2020-08-25,0,466866
BLR,2020-08-26,0,466866
BLR,2020-08-27,0,466866
BLR,2020-08-28,0,466866
BLR,2020-08-29,0,466866
BLR,2020-08-30,0,466866
BLR,2020-08-31,0,466866
BLR,2020-09-01,0,466866
BLR,2020-09-02,0,466866
BLR,2020-09-03,0,466866
BLR,2020-09-04,0,466866
BLR,2020-09-05,0,466866
BLR,2020-09-06,0,466866
BLR,2020-09-07,0,466866
BLR,2020-09-08,0,466866
BLR,2020-09-09,0,466866
BLR,2020-09-10,0,466866
BLR,2020-09-11,0,466866
BLR,2020-09-12,0,466866
BLR,2020-09-13,0,466866
BLR,2020-09-14,7315,474181
BLR,2020-09-15,0,474181
BLR,2020-09-16,0,474181
BLR,2020-09-17,0,474181
BLR,2020-09-18,0,474181
BLR,2020-09-19,0,474181
BLR,2020-09-20,0,474181
BLR,2020-09-21,0,474181
BLR,2020-09-22,0,474181
BLR,2020-09-23,0,474181
BLR,2020-09-24,0,474181
BLR,2020-09-25,0,474181
BLR,2020-09-26,0,474181
BLR,2020-09-27,0,474181
BLR,2020-09-28,0,474181
BLR,2020-09-29,0,474181
BLR,2020-09-30,0,474181
BLR,2020-10-01,0,474181
BLR,2020-10-02,0,474181
BLR,2020-10-03,0,474181
BLR,2020-10-04,0,474181
BLR,2020-10-05,0,474181
BLR,2020-10-06,0,474181
BLR,2020-10-07,0,474181
BLR,2020-10-08,0,474181
BLR,2020-10-09,0,474181
BLR,2020-10-10,0,474181
BLR,2020-10-11,0,474181
BLR,2020-10-12,0,474181
BLR,2020-10-13,0,474181
BLR,2020-10-14,0,474181
BLR,2020-10-15,0,474181
BLR,2020-10-16,0,474181
BLR,2020-10-17,0,474181
BLR,2020-10-18,0,474181
BLR,2020-10-19,0,474181
BLR,2020-10-20,0,474181
BLR,2020-10-21,0,474181
BLR,2020-10-22,0,474181
BLR,2020-10-23,0,474181
BLR,2020-10-24,0,474181
BLR,2020-10-25,0,474181
BLR,2020-10-26,0,474181
BLR,2020-10-27,0,474181
BLR,2020-10-28,0,474181
BLR,2020-10-29,0,474181
BLR,2020-10-30,0,474181
BLR,2020-10-31,0,474181
BLR,2020-11-01,0,474181
BLR,2020-11-02,0,474181
BLR,2020-11-03,0,474181
BLR,2020-11-04,0,474181
BLR,2020-11-05,0,474181
BLR,2020-11-06,0,474181
BLR,2020-11-07,0,474181
BLR,2020-11-08,0,474181
BLR,2020-11-09,0,474181
BLR,2020-11-10,0,474181
BLR,2020-11-11,0,474181
BLR,2020-11-12,0,474181
BLR,2020-11-13,0,474181
BLR,2020-11-14,0,474181
BLR,2020-11-15,0,474181
BLR,2020-11-16,0,474181
BLR,2020-11-17,0,474181
BLR,2020-11-18,0,474181
BLR,2020-11-19,0,474181
BLR,2020-11-20,0,474181
BLR,2020-11-21,0,474181
BLR,2020-11-22,0,474181
BLR,2020-11-23,0,474181
BLR,2020-11-24,0,474181
BLR,2020-11-25,0,474181
BLR,2020-11-26,0,474181
BLR,2020-11-27,0,474181
BLR,2020-11-28,0,474181
BLR,2020-11-29,0,474181
BLR,2020-11-30,0,474181
BLR,2020-12-01,0,474181
BLR,2020-12-02,0,474181
BLR,2020-12-03,0,474181
BLR,2020-12-04,0,474181
BLR,2020-12-05,0,474181
BLR,2020-12-06,0,474181
BLR,2020-12-07,0,474181
BLR,2020-12-08,0,474181
BLR,2020-12-09,0,474181
BLR,2020-12-10,0,474181
BLR,2020-12-11,0,474181
BLR,2020-12-12,0,474181
BLR,2020-12-13,0,474181
BLR,2020-12-14,0,474181
BLR,2020-12-15,0,474181
BLR,2020-12-16,0,474181
BLR,2020-12-17,0,474181
BLR,2020-12-18,0,474181
BLR,2020-12-19,0,474181
BLR,2020-12-20,0,474181
BLR,2020-12-21,0,474181
BLR,2020-12-22,0,474181
BLR,2020-12-23,0,474181
BLR,2020-12-24,0,474181
BLR,2020-12-25,0,474181
BLR,2020-12-26,0,474181
BLR,2020-12-27,0,474181
BLR,2020-12-28,0,474181
BLR,2020-12-29,0,474181
BLR,2020-12-30,0,474181
BLR,2020-12-31,0,474181
BLR,2021-01-01,0,474181
BLR,2021-01-02,0,474181
BLR,2021-01-03,0,474181
BLR,2021-01-04,0,474181
BLR,2021-01-05,0,474181
BLR,2021-01-06,0,474181
BLR,2021-01-07,0,474181
BLR,2021-01-08,0,474181
BLR,2021-01-09,0,474181
BLR,2021-01-10,0,474181
BLR,2021-01-11,0,474181
BLR,2021-01-12,0,474181
BLR,2021-01-13,0,474181
BLR,2021-01-14,0,474181
BLR,2021-01-15,0,474181
BLR,2021-01-16,0,474181
BLR,2021-01-17,0,474181
BLR,2021-01-18,0,474181
BLR,2021-01-19,0,474181
BLR,2021-01-20,0,474181
BLR,2021-01-21,0,474181
BLR,2021-01-22,0,474181
BLR,2021-01-23,0,474181
BLR,2021-01-24,0,474181
BLR,2021-01-25,0,474181
BLR,2021-01-26,0,474181
BLR,2021-01-27,0,474181
BLR,2021-01-28,0,474181
BLR,2021-01-29,0,474181
BLR,2021-01-30,0,474181
BLR,2021-01-31,0,474181
BLR,2021-02-01,0,474181
BLR,2021-02-02,0,474181
BLR,2021-02-03,0,474181
BLR,2021-02-04,0,474181
BLR,2021-02-05,0,474181
BLR,2021-02-06,0,474181
BLR,2021-02-07,0,474181
BLR,2021-02-08,0,474181
BLR,2021-02-09,0,474181
BLR,2021-02-10,0,474181
BLR,2021-02-11,0,474181
BLR,2021-02-12,0,474181
BLR,2021-02-13,0,474181
BLR,2021-02-14,0,474181
BLR,2021-02-15,0,474181
BLR,2021-02-16,0,474181
BLR,2021-02-17,0,474181
BLR,2021-02-18,0,474181
BLR,2021-02-19,0,474181
BLR,2021-02-20,0,474181
BLR,2021-02-21,0,474181
BLR,2021-02-22,0,474181
BLR,2021-02-23,0,474181
BLR,2021-02-24,0,474181
BLR,2021-02-25,0,474181
BLR,2021-02-26,0,474181
BLR,2021-02-27,0,474181
BLR,2021-02-28,0,474181
BLR,2021-03-01,0,474181
BLR,2021-03-02,0,474181
BLR,2021-03-03,0,474181
BLR,2021-03-04,0,474181
BLR,2021-03-05,19523,493704
BLR,2021-03-06,0,493704
BLR,2021-03-07,0,493704
BLR,2021-03-08,0,493704
BLR,2021-03-09,0,493704
BLR,2021-03-10,0,493704
BLR,2021-03-11,0,493704
BLR,2021-03-12,0,493704
BLR,2021-03-13,0,493704
BLR,2021-03-14,0,493704
BLR,2021-03-15,0,493704
BLR,2021-03-16,0,493704
BLR,2021-03-17,0,493704
BLR,2021-03-18,0,493704
BLR,2021-03-19,0,493704
BLR,2021-03-20,0,493704
BLR,2021-03-21,0,493704
BLR,2021-03-22,0,493704
BLR,2021-03-23,0,493704
BLR,2021-03-24,0,493704
BLR,2021-03-25,0,493704
BLR,2021-03-26,0,493704
BLR,2021-03-27,0,493704
BLR,2021-03-28,0,493704
BLR,2021-03-29,0,493704
BLR,2021-03-30,0,493704
BLR,2021-03-31,0,493704
BLR,2021-04-01,0,493704
BLR,2021-04-02,0,493704
BLR,2021-04-03,0,493704
BLR,2021-04-04,0,493704
BLR,2021-04-05,0,493704
BLR,2021-04-06,0,493704
BLR,2021-04-07,0,493704
BLR,2021-04-08,0,493704
BLR,2021-04-09,0,493704
BLR,2021-04-10,0,493704
BLR,2021-04-11,0,493704
BLR,2021-04-12,0,493704
BLR,2021-04-13,0,493704
BLR,2021-04-14,0,493704
BLR,2021-04-15,0,493704
BLR,2021-04-16,0,493704
BLR,2021-04-17,0,493704
BLR,2021-04-18,0,493704
BLR,2021-04-19,0,493704
BLR,2021-04-20,0,493704
BLR,2021-04-21,0,493704
BLR,2021-04-22,0,493704
BLR,2021-04-23,0,493704
BLR,2021-04-24,0,493704
BLR,2021-04-25,0,493704
BLR,2021-04-26,0,493704
BLR,2021-04-27,19354,513058
BLR,2021-04-28,0,513058
BLR,2021-04-29,0,513058
BLR,2021-04-30,0,513058
BLR,2021-05-01,0,513058
BLR,2021-05-02,0,513058
BLR,2021-05-03,0,513058
BLR,2021-05-04,0,513058
BLR,2021-05-05,0,513058
BLR,2021-05-06,0,513058
BLR,2021-05-07,0,513058
BLR,2021-05-08,0,513058
BLR,2021-05-09,0,513058
BLR,2021-05-10,0,513058
BLR,2021-05-11,0,513058
BLR,2021-05-12,0,513058
BLR,2021-05-13,0,513058
BLR,2021-05-14,0,513058
BLR,2021-05-15,0,513058
BLR,2021-05-16,0,513058
BLR,2021-05-17,0,513058
BLR,2021-05-18,0,513058
BLR,2021-05-19,0,513058
BLR,2021-05-20,0,513058
BLR,2021-05-21,20066,533124
BLR,2021-05-22,0,533124
BLR,2021-05-23,0,533124
BLR,2021-05-24,0,533124
BLR,2021-05-25,0,533124
BLR,2021-05-26,0,533124
BLR,2021-05-27,0,533124
BLR,2021-05-28,0,533124
BLR,2021-05-29,0,533124
BLR,2021-05-30,0,533124
BLR,2021-05-31,0,533124
BLR,2021-06-01,0,533124
BLR,2021-06-02,0,533124
BLR,2021-06-03,0,533124
BLR,2021-06-04,0,533124
BLR,2021-06-05,0,533124
BLR,2021-06-06,0,533124
BLR,2021-06-07,0,533124
BLR,2021-06-08,0,533124
BLR,2021-06-09,0,533124
BLR,2021-06-10,0,533124
BLR,2021-06-11,0,533124
BLR,2021-06-12,0,533124
BLR,2021-06-13,0,533124
BLR,2021-06-14,0,533124
BLR,2021-06-15,0,533124
BLR,2021-06-16,0,533124
BLR,2021-06-17,0,533124
BLR,2021-06-18,0,533124
BLR,2021-06-19,0,533124
BLR,2021-06-20,0,533124
BLR,2021-06-21,0,533124
BLR,2021-06-22,0,533124
BLR,2021-06-23,0,533124
BLR,2021-06-24,0,533124
BLR,2021-06-25,0,533124
BLR,2021-06-26,0,533124
BLR,2021-06-27,0,533124
BLR,2021-06-28,0,533124
BEL,2020-03-01,82,82
BEL,2020-03-02,317,399
BEL,2020-03-03,538,937
BEL,2020-03-04,701,1638
BEL,2020-03-05,773,2411
BEL,2020-03-06,1119,3530
BEL,2020-03-07,475,4005
BEL,2020-03-08,483,4488
BEL,2020-03-09,610,5098
BEL,2020-03-10,804,5902
BEL,2020-03-11,1108,7010
BEL,2020-03-12,1438,8448
BEL,2020-03-13,2524,10972
BEL,2020-03-14,2171,13143
BEL,2020-03-15,1269,14412
BEL,2020-03-16,1892,16304
BEL,2020-03-17,2255,18559
BEL,2020-03-18,2714,21273
BEL,2020-03-19,3395,24668
BEL,2020-03-20,3120,27788
BEL,2020-03-21,2276,30064
BEL,2020-03-22,1414,31478
BEL,2020-03-23,3322,34800
BEL,2020-03-24,3975,38775
BEL,2020-03-25,4282,43057
BEL,2020-03-26,4363,47420
BEL,2020-03-27,4930,52350
BEL,2020-03-28,3850,56200
BEL,2020-03-29,2419,58619
BEL,2020-03-30,4101,62720
BEL,2020-03-31,6432,69152
BEL,2020-04-01,5891,75043
BEL,2020-04-02,6088,81131
BEL,2020-04-03,6718,87849
BEL,2020-04-04,5368,93217
BEL,2020-04-05,3828,97045
BEL,2020-04-06,5840,102885
BEL,2020-04-07,7509,110394
BEL,2020-04-08,7972,118366
BEL,2020-04-09,8224,126590
BEL,2020-04-10,8537,135127
BEL,2020-04-11,8148,143275
BEL,2020-04-12,7287,150562
BEL,2020-04-13,6698,157260
BEL,2020-04-14,8163,165423
BEL,2020-04-15,10984,176407
BEL,2020-04-16,10742,187149
BEL,2020-04-17,11300,198449
BEL,2020-04-18,10312,208761
BEL,2020-04-19,7200,215961
BEL,2020-04-20,11916,227877
BEL,2020-04-21,10878,238755
BEL,2020-04-22,15588,254343
BEL,2020-04-23,17379,271722
BEL,2020-04-24,19068,290790
BEL,2020-04-25,17193,307983
BEL,2020-04-26,13879,321862
BEL,2020-04-27,17472,339334
BEL,2020-04-28,20371,359705
BEL,2020-04-29,22660,382365
BEL,2020-04-30,24870,407235
BEL,2020-05-01,23551,430786
BEL,2020-05-02,16482,447268
BEL,2020-05-03,13430,460698
BEL,2020-05-04,23199,483897
BEL,2020-05-05,21521,505418
BEL,2020-05-06,20762,526180
BEL,2020-05-07,22031,548211
BEL,2020-05-08,25882,574093
BEL,2020-05-09,21012,595105
BEL,2020-05-10,12301,607406
BEL,2020-05-11,11055,618461
BEL,2020-05-12,20515,638976
BEL,2020-05-13,23140,662116
BEL,2020-05-14,20263,682379
BEL,2020-05-15,20884,703263
BEL,2020-05-16,14425,717688
BEL,2020-05-17,10103,727791
BEL,2020-05-18,10710,738501
BEL,2020-05-19,16701,755202
BEL,2020-05-20,18759,773961
BEL,2020-05-21,9878,783839
BEL,2020-05-22,13278,797117
BEL,2020-05-23,9227,806344
BEL,2020-05-24,7022,813366
BEL,2020-05-25,9982,823348
BEL,2020-05-26,16225,839573
BEL,2020-05-27,17772,857345
BEL,2020-05-28,13090,870435
BEL,2020-05-29,13616,884051
BEL,2020-05-30,9729,893780
BEL,2020-05-31,6795,900575
BEL,2020-06-01,5438,906013
BEL,2020-06-02,10656,916669
BEL,2020-06-03,14800,931469
BEL,2020-06-04,12842,944311
BEL,2020-06-05,13083,957394
BEL,2020-06-06,11865,969259
BEL,2020-06-07,7307,976566
BEL,2020-06-08,11013,987579
BEL,2020-06-09,15085,1002664
BEL,2020-06-10,14326,1016990
BEL,2020-06-11,13941,1030931
BEL,2020-06-12,13743,1044674
BEL,2020-06-13,12521,1057195
BEL,2020-06-14,6245,1063440
BEL,2020-06-15,11905,1075345
BEL,2020-06-16,15194,1090539
BEL,2020-06-17,15312,1105851
BEL,2020-06-18,13959,1119810
BEL,2020-06-19,13395,1133205
BEL,2020-06-20,12534,1145739
BEL,2020-06-21,6602,1152341
BEL,2020-06-22,11129,1163470
BEL,2020-06-23,17383,1180853
BEL,2020-06-24,18466,1199319
BEL,2020-06-25,15202,1214521
BEL,2020-06-26,14554,1229075
BEL,2020-06-27,10950,1240025
BEL,2020-06-28,6184,1246209
BEL,2020-06-29,11992,1258201
BEL,2020-06-30,16062,1274263
BEL,2020-07-01,15172,1289435
BEL,2020-07-02,13607,1303042
BEL,2020-07-03,12376,1315418
BEL,2020-07-04,10003,1325421
BEL,2020-07-05,5800,1331221
BEL,2020-07-06,10721,1341942
BEL,2020-07-07,13924,1355866
BEL,2020-07-08,13859,1369725
BEL,2020-07-09,12535,1382260
BEL,2020-07-10,12022,1394282
BEL,2020-07-11,9290,1403572
BEL,2020-07-12,5622,1409194
BEL,2020-07-13,10241,1419435
BEL,2020-07-14,15070,1434505
BEL,2020-07-15,16354,1450859
BEL,2020-07-16,14479,1465338
BEL,2020-07-17,13993,1479331
BEL,2020-07-18,10449,1489780
BEL,2020-07-19,6279,1496059
BEL,2020-07-20,11901,1507960
BEL,2020-07-21,11987,1519947
BEL,2020-07-22,13283,1533230
BEL,2020-07-23,18285,1551515
BEL,2020-07-24,18678,1570193
BEL,2020-07-25,14507,1584700
BEL,2020-07-26,10981,1595681
BEL,2020-07-27,14560,1610241
BEL,2020-07-28,25521,1635762
BEL,2020-07-29,25480,1661242
BEL,2020-07-30,26134,1687376
BEL,2020-07-31,21530,1708906
BEL,2020-08-01,20418,1729324
BEL,2020-08-02,11695,1741019
BEL,2020-08-03,16827,1757846
BEL,2020-08-04,25451,1783297
BEL,2020-08-05,26379,1809676
BEL,2020-08-06,23195,1832871
BEL,2020-08-07,22826,1855697
BEL,2020-08-08,16668,1872365
BEL,2020-08-09,9956,1882321
BEL,2020-08-10,17036,1899357
BEL,2020-08-11,25658,1925015
BEL,2020-08-12,22073,1947088
BEL,2020-08-13,21859,1968947
BEL,2020-08-14,18676,1987623
BEL,2020-08-15,12981,2000604
BEL,2020-08-16,8932,2009536
BEL,2020-08-17,17998,2027534
BEL,2020-08-18,27111,2054645
BEL,2020-08-19,23088,2077733
BEL,2020-08-20,23852,2101585
BEL,2020-08-21,20813,2122398
BEL,2020-08-22,15631,2138029
BEL,2020-08-23,8529,2146558
BEL,2020-08-24,17609,2164167
BEL,2020-08-25,27040,2191207
BEL,2020-08-26,24596,2215803
BEL,2020-08-27,21308,2237111
BEL,2020-08-28,25114,2262225
BEL,2020-08-29,19052,2281277
BEL,2020-08-30,10600,2291877
BEL,2020-08-31,19657,2311534
BEL,2020-09-01,28223,2339757
BEL,2020-09-02,30069,2369826
BEL,2020-09-03,24017,2393843
BEL,2020-09-04,26583,2420426
BEL,2020-09-05,19740,2440166
BEL,2020-09-06,10963,2451129
BEL,2020-09-07,23129,2474258
BEL,2020-09-08,35123,2509381
BEL,2020-09-09,35047,2544428
BEL,2020-09-10,36232,2580660
BEL,2020-09-11,38042,2618702
BEL,2020-09-12,27126,2645828
BEL,2020-09-13,19155,2664983
BEL,2020-09-14,29307,2694290
BEL,2020-09-15,42303,2736593
BEL,2020-09-16,46674,2783267
BEL,2020-09-17,43222,2826489
BEL,2020-09-18,41428,2867917
BEL,2020-09-19,26392,2894309
BEL,2020-09-20,21874,2916183
BEL,2020-09-21,34932,2951115
BEL,2020-09-22,45049,2996164
BEL,2020-09-23,44434,3040598
BEL,2020-09-24,40555,3081153
BEL,2020-09-25,37845,3118998
BEL,2020-09-26,33439,3152437
BEL,2020-09-27,20396,3172833
BEL,2020-09-28,28559,3201392
BEL,2020-09-29,48303,3249695
BEL,2020-09-30,46698,3296393
BEL,2020-10-01,41773,3338166
BEL,2020-10-02,41782,3379948
BEL,2020-10-03,34251,3414199
BEL,2020-10-04,17972,3432171
BEL,2020-10-05,27398,3459569
BEL,2020-10-06,45902,3505471
BEL,2020-10-07,54478,3559949
BEL,2020-10-08,50177,3610126
BEL,2020-10-09,53762,3663888
BEL,2020-10-10,47602,3711490
BEL,2020-10-11,30392,3741882
BEL,2020-10-12,44546,3786428
BEL,2020-10-13,59554,3845982
BEL,2020-10-14,72984,3918966
BEL,2020-10-15,66265,3985231
BEL,2020-10-16,68717,4053948
BEL,2020-10-17,61905,4115853
BEL,2020-10-18,44710,4160563
BEL,2020-10-19,55929,4216492
BEL,2020-10-20,78354,4294846
BEL,2020-10-21,80836,4375682
BEL,2020-10-22,80031,4455713
BEL,2020-10-23,69165,4524878
BEL,2020-10-24,63625,4588503
BEL,2020-10-25,39473,4627976
BEL,2020-10-26,50176,4678152
BEL,2020-10-27,71456,4749608
BEL,2020-10-28,78103,4827711
BEL,2020-10-29,71927,4899638
BEL,2020-10-30,66029,4965667
BEL,2020-10-31,54593,5020260
BEL,2020-11-01,24166,5044426
BEL,2020-11-02,28931,5073357
BEL,2020-11-03,54879,5128236
BEL,2020-11-04,44999,5173235
BEL,2020-11-05,45724,5218959
BEL,2020-11-06,39364,5258323
BEL,2020-11-07,32361,5290684
BEL,2020-11-08,13302,5303986
BEL,2020-11-09,22368,5326354
BEL,2020-11-10,39204,5365558
BEL,2020-11-11,31790,5397348
BEL,2020-11-12,28052,5425400
BEL,2020-11-13,37804,5463204
BEL,2020-11-14,26469,5489673
BEL,2020-11-15,13825,5503498
BEL,2020-11-16,21452,5524950
BEL,2020-11-17,40334,5565284
BEL,2020-11-18,36630,5601914
BEL,2020-11-19,35246,5637160
BEL,2020-11-20,34401,5671561
BEL,2020-11-21,21513,5693074
BEL,2020-11-22,10728,5703802
BEL,2020-11-23,22546,5726348
BEL,2020-11-24,42290,5768638
BEL,2020-11-25,37201,5805839
BEL,2020-11-26,34184,5840023
BEL,2020-11-27,33697,5873720
BEL,2020-11-28,25780,5899500
BEL,2020-11-29,9629,5909129
BEL,2020-11-30,23533,5932662
BEL,2020-12-01,44355,5977017
BEL,2020-12-02,36663,6013680
BEL,2020-12-03,34171,6047851
BEL,2020-12-04,36227,6084078
BEL,2020-12-05,24757,6108835
BEL,2020-12-06,10553,6119388
BEL,2020-12-07,26607,6145995
BEL,2020-12-08,45949,6191944
BEL,2020-12-09,41536,6233480
BEL,2020-12-10,38201,6271681
BEL,2020-12-11,38624,6310305
BEL,2020-12-12,30030,6340335
BEL,2020-12-13,13644,6353979
BEL,2020-12-14,31500,6385479
BEL,2020-12-15,53014,6438493
BEL,2020-12-16,50620,6489113
BEL,2020-12-17,46343,6535456
BEL,2020-12-18,42312,6577768
BEL,2020-12-19,32950,6610718
BEL,2020-12-20,14481,6625199
BEL,2020-12-21,32532,6657731
BEL,2020-12-22,51873,6709604
BEL,2020-12-23,41233,6750837
BEL,2020-12-24,36939,6787776
BEL,2020-12-25,13058,6800834
BEL,2020-12-26,17890,6818724
BEL,2020-12-27,13487,6832211
BEL,2020-12-28,29084,6861295
BEL,2020-12-29,41459,6902754
BEL,2020-12-30,32722,6935476
BEL,2020-12-31,30553,6966029
BEL,2021-01-01,11947,6977976
BEL,2021-01-02,18618,6996594
BEL,2021-01-03,17735,7014329
BEL,2021-01-04,40319,7054648
BEL,2021-01-05,60122,7114770
BEL,2021-01-06,55274,7170044
BEL,2021-01-07,44444,7214488
BEL,2021-01-08,46562,7261050
BEL,2021-01-09,38287,7299337
BEL,2021-01-10,22944,7322281
BEL,2021-01-11,44074,7366355
BEL,2021-01-12,67178,7433533
BEL,2021-01-13,57021,7490554
BEL,2021-01-14,43349,7533903
BEL,2021-01-15,44024,7577927
BEL,2021-01-16,33947,7611874
BEL,2021-01-17,16771,7628645
BEL,2021-01-18,37637,7666282
BEL,2021-01-19,63523,7729805
BEL,2021-01-20,53513,7783318
BEL,2021-01-21,45606,7828924
BEL,2021-01-22,50823,7879747
BEL,2021-01-23,38529,7918276
BEL,2021-01-24,21724,7940000
BEL,2021-01-25,44359,7984359
BEL,2021-01-26,65139,8049498
BEL,2021-01-27,62358,8111856
BEL,2021-01-28,55894,8167750
BEL,2021-01-29,56360,8224110
BEL,2021-01-30,47206,8271316
BEL,2021-01-31,22280,8293596
BEL,2021-02-01,45890,8339486
BEL,2021-02-02,68391,8407877
BEL,2021-02-03,60768,8468645
BEL,2021-02-04,54168,8522813
BEL,2021-02-05,57160,8579973
BEL,2021-02-06,42149,8622122
BEL,2021-02-07,19165,8641287
BEL,2021-02-08,44932,8686219
BEL,2021-02-09,60808,8747027
BEL,2021-02-10,49974,8797001
BEL,2021-02-11,46346,8843347
BEL,2021-02-12,46556,8889903
BEL,2021-02-13,34215,8924118
BEL,2021-02-14,16050,8940168
BEL,2021-02-15,38694,8978862
BEL,2021-02-16,49494,9028356
BEL,2021-02-17,43284,9071640
BEL,2021-02-18,40548,9112188
BEL,2021-02-19,42066,9154254
BEL,2021-02-20,33975,9188229
BEL,2021-02-21,17050,9205279
BEL,2021-02-22,40406,9245685
BEL,2021-02-23,54952,9300637
BEL,2021-02-24,49113,9349750
BEL,2021-02-25,41692,9391442
BEL,2021-02-26,47359,9438801
BEL,2021-02-27,37778,9476579
BEL,2021-02-28,16243,9492822
BEL,2021-03-01,43364,9536186
BEL,2021-03-02,57827,9594013
BEL,2021-03-03,51333,9645346
BEL,2021-03-04,47008,9692354
BEL,2021-03-05,52687,9745041
BEL,2021-03-06,39271,9784312
BEL,2021-03-07,17103,9801415
BEL,2021-03-08,43991,9845406
BEL,2021-03-09,62083,9907489
BEL,2021-03-10,56027,9963516
BEL,2021-03-11,51590,10015106
BEL,2021-03-12,58291,10073397
BEL,2021-03-13,45809,10119206
BEL,2021-03-14,21595,10140801
BEL,2021-03-15,48990,10189791
BEL,2021-03-16,74365,10264156
BEL,2021-03-17,67314,10331470
BEL,2021-03-18,66870,10398340
BEL,2021-03-19,73590,10471930
BEL,2021-03-20,56536,10528466
BEL,2021-03-21,28040,10556506
BEL,2021-03-22,57338,10613844
BEL,2021-03-23,87347,10701191
BEL,2021-03-24,80233,10781424
BEL,2021-03-25,81468,10862892
BEL,2021-03-26,78852,10941744
BEL,2021-03-27,66143,11007887
BEL,2021-03-28,28670,11036557
BEL,2021-03-29,56593,11093150
BEL,2021-03-30,81649,11174799
BEL,2021-03-31,73799,11248598
BEL,2021-04-01,64278,11312876
BEL,2021-04-02,67879,11380755
BEL,2021-04-03,46466,11427221
BEL,2021-04-04,23770,11450991
BEL,2021-04-05,21921,11472912
BEL,2021-04-06,47957,11520869
BEL,2021-04-07,60205,11581074
BEL,2021-04-08,49611,11630685
BEL,2021-04-09,48791,11679476
BEL,2021-04-10,36271,11715747
BEL,2021-04-11,19521,11735268
BEL,2021-04-12,41828,11777096
BEL,2021-04-13,53580,11830676
BEL,2021-04-14,44140,11874816
BEL,2021-04-15,41825,11916641
BEL,2021-04-16,44277,11960918
BEL,2021-04-17,36412,11997330
BEL,2021-04-18,20043,12017373
BEL,2021-04-19,44325,12061698
BEL,2021-04-20,57946,12119644
BEL,2021-04-21,49654,12169298
BEL,2021-04-22,47595,12216893
BEL,2021-04-23,51422,12268315
BEL,2021-04-24,38844,12307159
BEL,2021-04-25,20957,12328116
BEL,2021-04-26,48250,12376366
BEL,2021-04-27,58836,12435202
BEL,2021-04-28,54399,12489601
BEL,2021-04-29,54526,12544127
BEL,2021-04-30,56982,12601109
BEL,2021-05-01,37269,12638378
BEL,2021-05-02,21072,12659450
BEL,2021-05-03,50130,12709580
BEL,2021-05-04,65769,12775349
BEL,2021-05-05,60239,12835588
BEL,2021-05-06,63497,12899085
BEL,2021-05-07,63605,12962690
BEL,2021-05-08,43443,13006133
BEL,2021-05-09,22556,13028689
BEL,2021-05-10,45760,13074449
BEL,2021-05-11,65093,13139542
BEL,2021-05-12,56709,13196251
BEL,2021-05-13,29801,13226052
BEL,2021-05-14,40405,13266457
BEL,2021-05-15,35959,13302416
BEL,2021-05-16,19897,13322313
BEL,2021-05-17,41107,13363420
BEL,2021-05-18,72520,13435940
BEL,2021-05-19,64222,13500162
BEL,2021-05-20,57859,13558021
BEL,2021-05-21,54969,13612990
BEL,2021-05-22,39332,13652322
BEL,2021-05-23,21698,13674020
BEL,2021-05-24,24948,13698968
BEL,2021-05-25,51125,13750093
BEL,2021-05-26,63872,13813965
BEL,2021-05-27,54379,13868344
BEL,2021-05-28,53371,13921715
BEL,2021-05-29,37490,13959205
BEL,2021-05-30,20814,13980019
BEL,2021-05-31,49890,14029909
BEL,2021-06-01,54455,14084364
BEL,2021-06-02,50552,14134916
BEL,2021-06-03,49435,14184351
BEL,2021-06-04,49447,14233798
BEL,2021-06-05,38495,14272293
BEL,2021-06-06,19292,14291585
BEL,2021-06-07,43097,14334682
BEL,2021-06-08,49882,14384564
BEL,2021-06-09,44720,14429284
BEL,2021-06-10,43358,14472642
BEL,2021-06-11,44158,14516800
BEL,2021-06-12,34363,14551163
BEL,2021-06-13,18529,14569692
BEL,2021-06-14,43320,14613012
BEL,2021-06-15,47108,14660120
BEL,2021-06-16,42765,14702885
BEL,2021-06-17,42300,14745185
BEL,2021-06-18,44824,14790009
BEL,2021-06-19,31667,14821676
BEL,2021-06-20,20779,14842455
BEL,2021-06-21,39423,14881878
BEL,2021-06-22,46222,14928100
BEL,2021-06-23,45441,14973541
BEL,2021-06-24,50406,15023947
BEL,2021-06-25,48253,15072200
BEL,2021-06-26,38641,15110841
BEL,2021-06-27,23787,15134628
BLZ,2021-05-19,0,0
BLZ,2021-05-20,0,0
BLZ,2021-05-21,0,0
BLZ,2021-05-22,0,0
BLZ,2021-05-23,0,0
BLZ,2021-05-24,0,0
BLZ,2021-05-25,0,0
BLZ,2021-05-26,0,0
BLZ,2021-05-27,642,642
BLZ,2021-05-28,0,642
BLZ,2021-05-29,0,642
BLZ,2021-05-30,0,642
BLZ,2021-05-31,0,642
BLZ,2021-06-01,0,642
BLZ,2021-06-02,0,642
BLZ,2021-06-03,0,642
BLZ,2021-06-04,0,642
BLZ,2021-06-05,0,642
BLZ,2021-06-06,0,642
BLZ,2021-06-07,0,642
BLZ,2021-06-08,0,642
BLZ,2021-06-09,0,642
BLZ,2021-06-10,0,642
BLZ,2021-06-11,0,642
BLZ,2021-06-12,0,642
BLZ,2021-06-13,0,642
BLZ,2021-06-14,0,642
BLZ,2021-06-15,0,642
BLZ,2021-06-16,0,642
BLZ,2021-06-17,0,642
BLZ,2021-06-18,0,642
BLZ,2021-06-19,0,642
BLZ,2021-06-20,0,642
BLZ,2021-06-21,0,642
BLZ,2021-06-22,0,642
BLZ,2021-06-23,0,642
BLZ,2021-06-24,931,1573
BEN,2021-05-19,0,0
BTN,2020-03-23,0,0
BTN,2020-03-24,34,34
BTN,2020-03-25,10,44
BTN,2020-03-26,25,69
BTN,2020-03-27,33,102
BTN,2020-03-28,18,120
BTN,2020-03-29,58,178
BTN,2020-03-30,47,225
BTN,2020-03-31,74,299
BTN,2020-04-01,42,341
BTN,2020-04-02,47,388
BTN,2020-04-03,35,423
BTN,2020-04-04,21,444
BTN,2020-04-05,25,469
BTN,2020-04-06,5,474
BTN,2020-04-07,203,677
BTN,2020-04-08,10,687
BTN,2020-04-09,110,797
BTN,2020-04-10,3811,4608
BTN,2020-04-11,260,4868
BTN,2020-04-12,298,5166
BTN,2020-04-13,722,5888
BTN,2020-04-14,631,6519
BTN,2020-04-15,444,6963
BTN,2020-04-16,410,7373
BTN,2020-04-17,51,7424
BTN,2020-04-18,194,7618
BTN,2020-04-19,24,7642
BTN,2020-04-20,439,8081
BTN,2020-04-21,195,8276
BTN,2020-04-22,188,8464
BTN,2020-04-23,421,8885
BTN,2020-04-24,101,8986
BTN,2020-04-25,168,9154
BTN,2020-04-26,148,9302
BTN,2020-04-27,38,9340
BTN,2020-04-28,36,9376
BTN,2020-04-29,99,9475
BTN,2020-04-30,81,9556
BTN,2020-05-01,56,9612
BTN,2020-05-02,447,10059
BTN,2020-05-03,213,10272
BTN,2020-05-04,219,10491
BTN,2020-05-05,35,10526
BTN,2020-05-06,358,10884
BTN,2020-05-07,119,11003
BTN,2020-05-08,0,11003
BTN,2020-05-09,0,11003
BTN,2020-05-10,87,11090
BTN,2020-05-11,167,11257
BTN,2020-05-12,341,11598
BTN,2020-05-13,92,11690
BTN,2020-05-14,677,12367
BTN,2020-05-15,379,12746
BTN,2020-05-16,349,13095
BTN,2020-05-17,41,13136
BTN,2020-05-18,261,13397
BTN,2020-05-19,261,13658
BTN,2020-05-20,71,13729
BTN,2020-05-21,233,13962
BTN,2020-05-22,316,14278
BTN,2020-05-23,450,14728
BTN,2020-05-24,0,14728
BTN,2020-05-25,0,14728
BTN,2020-05-26,119,14847
BTN,2020-05-27,136,14983
BTN,2020-05-28,0,14983
BTN,2020-05-29,0,14983
BTN,2020-05-30,291,15274
BTN,2020-05-31,200,15474
BTN,2020-06-01,306,15780
BTN,2020-06-02,276,16056
BTN,2020-06-03,278,16334
BTN,2020-06-04,340,16674
BTN,2020-06-05,583,17257
BTN,2020-06-06,183,17440
BTN,2020-06-07,344,17784
BTN,2020-06-08,191,17975
BTN,2020-06-09,243,18218
BTN,2020-06-10,322,18540
BTN,2020-06-11,296,18836
BTN,2020-06-12,129,18965
BTN,2020-06-13,83,19048
BTN,2020-06-14,119,19167
BTN,2020-06-15,413,19580
BTN,2020-06-16,416,19996
BTN,2020-06-17,230,20226
BTN,2020-06-18,460,20686
BTN,2020-06-19,272,20958
BTN,2020-06-20,105,21063
BTN,2020-06-21,327,21390
BTN,2020-06-22,222,21612
BTN,2020-06-23,192,21804
BTN,2020-06-24,381,22185
BTN,2020-06-25,108,22293
BTN,2020-06-26,131,22424
BTN,2020-06-27,0,22424
BTN,2020-06-28,0,22424
BTN,2020-06-29,0,22424
BTN,2020-06-30,0,22424
BTN,2020-07-01,73,22497
BTN,2020-07-02,135,22632
BTN,2020-07-03,119,22751
BTN,2020-07-04,81,22832
BTN,2020-07-05,123,22955
BTN,2020-07-06,246,23201
BTN,2020-07-07,235,23436
BTN,2020-07-08,68,23504
BTN,2020-07-09,290,23794
BTN,2020-07-10,151,23945
BTN,2020-07-11,558,24503
BTN,2020-07-12,9492,33995
BTN,2020-07-13,98,34093
BTN,2020-07-14,150,34243
BTN,2020-07-15,2403,36646
BTN,2020-07-16,191,36837
BTN,2020-07-17,172,37009
BTN,2020-07-18,184,37193
BTN,2020-07-19,483,37676
BTN,2020-07-20,80,37756
BTN,2020-07-21,147,37903
BTN,2020-07-22,213,38116
BTN,2020-07-23,0,38116
BTN,2020-07-24,0,38116
BTN,2020-07-25,151,38267
BTN,2020-07-26,353,38620
BTN,2020-07-27,49,38669
BTN,2020-07-28,286,38955
BTN,2020-07-29,327,39282
BTN,2020-07-30,100,39382
BTN,2020-07-31,1006,40388
BTN,2020-08-01,1338,41726
BTN,2020-08-02,4897,46623
BTN,2020-08-03,1710,48333
BTN,2020-08-04,1347,49680
BTN,2020-08-05,1787,51467
BTN,2020-08-06,314,51781
BTN,2020-08-07,539,52320
BTN,2020-08-08,226,52546
BTN,2020-08-09,351,52897
BTN,2020-08-10,447,53344
BTN,2020-08-11,630,53974
BTN,2020-08-12,292,54266
BTN,2020-08-13,12,54278
BTN,2020-08-14,1451,55729
BTN,2020-08-15,898,56627
BTN,2020-08-16,5,56632
BTN,2020-08-17,2675,59307
BTN,2020-08-18,5,59312
BTN,2020-08-19,992,60304
BTN,2020-08-20,3723,64027
BTN,2020-08-21,3905,67932
BTN,2020-08-22,5294,73226
BTN,2020-08-23,3294,76520
BTN,2020-08-24,3320,79840
BTN,2020-08-25,4211,84051
BTN,2020-08-26,3700,87751
BTN,2020-08-27,4289,92040
BTN,2020-08-28,2267,94307
BTN,2020-08-29,287,94594
BTN,2020-08-30,554,95148
BTN,2020-08-31,1248,96396
BTN,2020-09-01,877,97273
BTN,2020-09-02,3068,100341
BTN,2020-09-03,1014,101355
BTN,2020-09-04,1359,102714
BTN,2020-09-05,1292,104006
BTN,2020-09-06,1562,105568
BTN,2020-09-07,796,106364
BTN,2020-09-08,686,107050
BTN,2020-09-09,473,107523
BTN,2020-09-10,720,108243
BTN,2020-09-11,951,109194
BTN,2020-09-12,1347,110541
BTN,2020-09-13,904,111445
BTN,2020-09-14,3241,114686
BTN,2020-09-15,1031,115717
BTN,2020-09-16,1049,116766
BTN,2020-09-17,290,117056
BTN,2020-09-18,2682,119738
BTN,2020-09-19,1132,120870
BTN,2020-09-20,1161,122031
BTN,2020-09-21,727,122758
BTN,2020-09-22,1971,124729
BTN,2020-09-23,1600,126329
BTN,2020-09-24,762,127091
BTN,2020-09-25,1498,128589
BTN,2020-09-26,948,129537
BTN,2020-09-27,1274,130811
BTN,2020-09-28,441,131252
BTN,2020-09-29,1001,132253
BTN,2020-09-30,899,133152
BTN,2020-10-01,987,134139
BTN,2020-10-02,946,135085
BTN,2020-10-03,1736,136821
BTN,2020-10-04,1588,138409
BTN,2020-10-05,1293,139702
BTN,2020-10-06,1988,141690
BTN,2020-10-07,735,142425
BTN,2020-10-08,1153,143578
BTN,2020-10-09,1464,145042
BTN,2020-10-10,1447,146489
BTN,2020-10-11,1398,147887
BTN,2020-10-12,520,148407
BTN,2020-10-13,1235,149642
BTN,2020-10-14,1381,151023
BTN,2020-10-15,1033,152056
BTN,2020-10-16,1381,153437
BTN,2020-10-17,1492,154929
BTN,2020-10-18,1203,156132
BTN,2020-10-19,375,156507
BTN,2020-10-20,774,157281
BTN,2020-10-21,1308,158589
BTN,2020-10-22,1020,159609
BTN,2020-10-23,1078,160687
BTN,2020-10-24,1324,162011
BTN,2020-10-25,738,162749
BTN,2020-10-26,530,163279
BTN,2020-10-27,956,164235
BTN,2020-10-28,1180,165415
BTN,2020-10-29,1256,166671
BTN,2020-10-30,1088,167759
BTN,2020-10-31,2,167761
BTN,2020-11-01,3216,170977
BTN,2020-11-02,322,171299
BTN,2020-11-03,1247,172546
BTN,2020-11-04,1295,173841
BTN,2020-11-05,1215,175056
BTN,2020-11-06,835,175891
BTN,2020-11-07,2240,178131
BTN,2020-11-08,505,178636
BTN,2020-11-09,0,178636
BTN,2020-11-10,0,178636
BTN,2020-11-11,1106,179742
BTN,2020-11-12,508,180250
BTN,2020-11-13,1146,181396
BTN,2020-11-14,1309,182705
BTN,2020-11-15,1461,184166
BTN,2020-11-16,493,184659
BTN,2020-11-17,1223,185882
BTN,2020-11-18,1187,187069
BTN,2020-11-19,729,187798
BTN,2020-11-20,1060,188858
BTN,2020-11-21,989,189847
BTN,2020-11-22,704,190551
BTN,2020-11-23,435,190986
BTN,2020-11-24,826,191812
BTN,2020-11-25,708,192520
BTN,2020-11-26,1177,193697
BTN,2020-11-27,839,194536
BTN,2020-11-28,915,195451
BTN,2020-11-29,804,196255
BTN,2020-11-30,531,196786
BTN,2020-12-01,1338,198124
BTN,2020-12-02,1479,199603
BTN,2020-12-03,942,200545
BTN,2020-12-04,1369,201914
BTN,2020-12-05,918,202832
BTN,2020-12-06,1171,204003
BTN,2020-12-07,1309,205312
BTN,2020-12-08,1182,206494
BTN,2020-12-09,1318,207812
BTN,2020-12-10,905,208717
BTN,2020-12-11,892,209609
BTN,2020-12-12,2,209611
BTN,2020-12-13,1918,211529
BTN,2020-12-14,744,212273
BTN,2020-12-15,1120,213393
BTN,2020-12-16,1576,214969
BTN,2020-12-17,877,215846
BTN,2020-12-18,812,216658
BTN,2020-12-19,1339,217997
BTN,2020-12-20,1195,219192
BTN,2020-12-21,4790,223982
BTN,2020-12-22,5957,229939
BTN,2020-12-23,3,229942
BTN,2020-12-24,3712,233654
BTN,2020-12-25,11244,244898
BTN,2020-12-26,0,244898
BTN,2020-12-27,0,244898
BTN,2020-12-28,5272,250170
BTN,2020-12-29,7568,257738
BTN,2020-12-30,4016,261754
BTN,2020-12-31,7339,269093
BTN,2021-01-01,5463,274556
BTN,2021-01-02,4338,278894
BTN,2021-01-03,5095,283989
BTN,2021-01-04,4481,288470
BTN,2021-01-05,4238,292708
BTN,2021-01-06,4728,297436
BTN,2021-01-07,5916,303352
BTN,2021-01-08,5886,309238
BTN,2021-01-09,4255,313493
BTN,2021-01-10,3486,316979
BTN,2021-01-11,3861,320840
BTN,2021-01-12,3501,324341
BTN,2021-01-13,5525,329866
BTN,2021-01-14,12580,342446
BTN,2021-01-15,2795,345241
BTN,2021-01-16,7414,352655
BTN,2021-01-17,9487,362142
BTN,2021-01-18,14826,376968
BTN,2021-01-19,15058,392026
BTN,2021-01-20,2909,394935
BTN,2021-01-21,2059,396994
BTN,2021-01-22,2233,399227
BTN,2021-01-23,3594,402821
BTN,2021-01-24,4767,407588
BTN,2021-01-25,5107,412695
BTN,2021-01-26,9772,422467
BTN,2021-01-27,8388,430855
BTN,2021-01-28,11232,442087
BTN,2021-01-29,10721,452808
BTN,2021-01-30,6709,459517
BTN,2021-01-31,2401,461918
BTN,2021-02-01,730,462648
BTN,2021-02-02,1824,464472
BTN,2021-02-03,2402,466874
BTN,2021-02-04,2108,468982
BTN,2021-02-05,2427,471409
BTN,2021-02-06,1908,473317
BTN,2021-02-07,1239,474556
BTN,2021-02-08,1119,475675
BTN,2021-02-09,2180,477855
BTN,2021-02-10,1876,479731
BTN,2021-02-11,2416,482147
BTN,2021-02-12,2105,484252
BTN,2021-02-13,905,485157
BTN,2021-02-14,1098,486255
BTN,2021-02-15,883,487138
BTN,2021-02-16,2072,489210
BTN,2021-02-17,3221,492431
BTN,2021-02-18,2349,494780
BTN,2021-02-19,2451,497231
BTN,2021-02-20,2621,499852
BTN,2021-02-21,2418,502270
BTN,2021-02-22,933,503203
BTN,2021-02-23,714,503917
BTN,2021-02-24,1066,504983
BTN,2021-02-25,3024,508007
BTN,2021-02-26,2817,510824
BTN,2021-02-27,2606,513430
BTN,2021-02-28,2610,516040
BTN,2021-03-01,1038,517078
BTN,2021-03-02,3124,520202
BTN,2021-03-03,3360,523562
BTN,2021-03-04,2895,526457
BTN,2021-03-05,3152,529609
BTN,2021-03-06,2563,532172
BTN,2021-03-07,2347,534519
BTN,2021-03-08,1120,535639
BTN,2021-03-09,2373,538012
BTN,2021-03-10,2467,540479
BTN,2021-03-11,1688,542167
BTN,2021-03-12,2568,544735
BTN,2021-03-13,2301,547036
BTN,2021-03-14,2726,549762
BTN,2021-03-15,1387,551149
BTN,2021-03-16,2273,553422
BTN,2021-03-17,2131,555553
BTN,2021-03-18,2432,557985
BTN,2021-03-19,2674,560659
BTN,2021-03-20,2475,563134
BTN,2021-03-21,2475,565609
BTN,2021-03-22,802,566411
BTN,2021-03-23,1050,567461
BTN,2021-03-24,2305,569766
BTN,2021-03-25,1680,571446
BTN,2021-03-26,2445,573891
BTN,2021-03-27,0,573891
BTN,2021-03-28,0,573891
BTN,2021-03-29,0,573891
BTN,2021-03-30,0,573891
BTN,2021-03-31,0,573891
BTN,2021-04-01,0,573891
BTN,2021-04-02,0,573891
BTN,2021-04-03,0,573891
BTN,2021-04-04,0,573891
BTN,2021-04-05,0,573891
BTN,2021-04-06,1293,575184
BTN,2021-04-07,2253,577437
BTN,2021-04-08,1648,579085
BTN,2021-04-09,1437,580522
BTN,2021-04-10,2800,583322
BTN,2021-04-11,1883,585205
BTN,2021-04-12,780,585985
BTN,2021-04-13,1997,587982
BTN,2021-04-14,2148,590130
BTN,2021-04-15,1716,591846
BTN,2021-04-16,1559,593405
BTN,2021-04-17,1808,595213
BTN,2021-04-18,2763,597976
BTN,2021-04-19,3082,601058
BTN,2021-04-20,6285,607343
BTN,2021-04-21,3327,610670
BTN,2021-04-22,4130,614800
BTN,2021-04-23,2244,617044
BTN,2021-04-24,4307,621351
BTN,2021-04-25,3472,624823
BTN,2021-04-26,1617,626440
BTN,2021-04-27,3177,629617
BTN,2021-04-28,2206,631823
BTN,2021-04-29,861,632684
BTN,2021-04-30,1733,634417
BTN,2021-05-01,6251,640668
BTN,2021-05-02,4321,644989
BTN,2021-05-03,0,644989
BTN,2021-05-04,0,644989
BTN,2021-05-05,1804,646793
BTN,2021-05-06,1745,648538
BTN,2021-05-07,1965,650503
BTN,2021-05-08,2954,653457
BTN,2021-05-09,2344,655801
BTN,2021-05-10,1719,657520
BTN,2021-05-11,2572,660092
BTN,2021-05-12,2493,662585
BTN,2021-05-13,2207,664792
BTN,2021-05-14,2141,666933
BTN,2021-05-15,3808,670741
BTN,2021-05-16,3604,674345
BTN,2021-05-17,1089,675434
BTN,2021-05-18,2765,678199
BTN,2021-05-19,0,678199
BTN,2021-05-20,0,678199
BTN,2021-05-21,2228,680427
BTN,2021-05-22,4403,684830
BTN,2021-05-23,4230,689060
BTN,2021-05-24,3191,692251
BTN,2021-05-25,2802,695053
BTN,2021-05-26,0,695053
BTN,2021-05-27,0,695053
BOL,2020-03-14,0,0
BOL,2020-03-15,7,7
BOL,2020-03-16,12,19
BOL,2020-03-17,5,24
BOL,2020-03-18,1,25
BOL,2020-03-19,33,58
BOL,2020-03-20,27,85
BOL,2020-03-21,0,85
BOL,2020-03-22,0,85
BOL,2020-03-23,45,130
BOL,2020-03-24,0,130
BOL,2020-03-25,0,130
BOL,2020-03-26,0,130
BOL,2020-03-27,0,130
BOL,2020-03-28,0,130
BOL,2020-03-29,0,130
BOL,2020-03-30,0,130
BOL,2020-03-31,82,212
BOL,2020-04-01,57,269
BOL,2020-04-02,0,269
BOL,2020-04-03,0,269
BOL,2020-04-04,0,269
BOL,2020-04-05,0,269
BOL,2020-04-06,0,269
BOL,2020-04-07,132,401
BOL,2020-04-08,194,595
BOL,2020-04-09,122,717
BOL,2020-04-10,188,905
BOL,2020-04-11,171,1076
BOL,2020-04-12,172,1248
BOL,2020-04-13,0,1248
BOL,2020-04-14,0,1248
BOL,2020-04-15,311,1559
BOL,2020-04-16,189,1748
BOL,2020-04-17,154,1902
BOL,2020-04-18,350,2252
BOL,2020-04-19,212,2464
BOL,2020-04-20,163,2627
BOL,2020-04-21,122,2749
BOL,2020-04-22,435,3184
BOL,2020-04-23,140,3324
BOL,2020-04-24,302,3626
BOL,2020-04-25,275,3901
BOL,2020-04-26,219,4120
BOL,2020-04-27,197,4317
BOL,2020-04-28,133,4450
BOL,2020-04-29,0,4450
BOL,2020-04-30,0,4450
BOL,2020-05-01,424,4874
BOL,2020-05-02,676,5550
BOL,2020-05-03,429,5979
BOL,2020-05-04,531,6510
BOL,2020-05-05,384,6894
BOL,2020-05-06,161,7055
BOL,2020-05-07,943,7998
BOL,2020-05-08,552,8550
BOL,2020-05-09,0,8550
BOL,2020-05-10,0,8550
BOL,2020-05-11,882,9432
BOL,2020-05-12,527,9959
BOL,2020-05-13,525,10484
BOL,2020-05-14,554,11038
BOL,2020-05-15,644,11682
BOL,2020-05-16,853,12535
BOL,2020-05-17,748,13283
BOL,2020-05-18,377,13660
BOL,2020-05-19,779,14439
BOL,2020-05-20,1006,15445
BOL,2020-05-21,723,16168
BOL,2020-05-22,807,16975
BOL,2020-05-23,1109,18084
BOL,2020-05-24,789,18873
BOL,2020-05-25,779,19652
BOL,2020-05-26,866,20518
BOL,2020-05-27,1426,21944
BOL,2020-05-28,1125,23069
BOL,2020-05-29,775,23844
BOL,2020-05-30,1274,25118
BOL,2020-05-31,718,25836
BOL,2020-06-01,1083,26919
BOL,2020-06-02,1146,28065
BOL,2020-06-03,1300,29365
BOL,2020-06-04,1460,30825
BOL,2020-06-05,1304,32129
BOL,2020-06-06,1280,33409
BOL,2020-06-07,746,34155
BOL,2020-06-08,816,34971
BOL,2020-06-09,1518,36489
BOL,2020-06-10,1425,37914
BOL,2020-06-11,1706,39620
BOL,2020-06-12,1774,41394
BOL,2020-06-13,1554,42948
BOL,2020-06-14,1303,44251
BOL,2020-06-15,1384,45635
BOL,2020-06-16,1358,46993
BOL,2020-06-17,1222,48215
BOL,2020-06-18,1420,49635
BOL,2020-06-19,2358,51993
BOL,2020-06-20,1850,53843
BOL,2020-06-21,1825,55668
BOL,2020-06-22,2666,58334
BOL,2020-06-23,1756,60090
BOL,2020-06-24,1735,61825
BOL,2020-06-25,1651,63476
BOL,2020-06-26,2033,65509
BOL,2020-06-27,2242,67751
BOL,2020-06-28,1364,69115
BOL,2020-06-29,1036,70151
BOL,2020-06-30,2194,72345
BOL,2020-07-01,1947,74292
BOL,2020-07-02,2154,76446
BOL,2020-07-03,2219,78665
BOL,2020-07-04,2172,80837
BOL,2020-07-05,2920,83757
BOL,2020-07-06,1940,85697
BOL,2020-07-07,1833,87530
BOL,2020-07-08,2177,89707
BOL,2020-07-09,2031,91738
BOL,2020-07-10,2196,93934
BOL,2020-07-11,2699,96633
BOL,2020-07-12,1869,98502
BOL,2020-07-13,1705,100207
BOL,2020-07-14,2449,102656
BOL,2020-07-15,2460,105116
BOL,2020-07-16,2875,107991
BOL,2020-07-17,3070,111061
BOL,2020-07-18,2982,114043
BOL,2020-07-19,2600,116643
BOL,2020-07-20,2023,118666
BOL,2020-07-21,2548,121214
BOL,2020-07-22,2832,124046
BOL,2020-07-23,2240,126286
BOL,2020-07-24,1935,128221
BOL,2020-07-25,3427,131648
BOL,2020-07-26,2156,133804
BOL,2020-07-27,2941,136745
BOL,2020-07-28,2252,138997
BOL,2020-07-29,2035,141032
BOL,2020-07-30,3305,144337
BOL,2020-07-31,3012,147349
BOL,2020-08-01,3484,150833
BOL,2020-08-02,2970,153803
BOL,2020-08-03,2903,156706
BOL,2020-08-04,2834,159540
BOL,2020-08-05,3443,162983
BOL,2020-08-06,2459,165442
BOL,2020-08-07,3140,168582
BOL,2020-08-08,2438,171020
BOL,2020-08-09,2167,173187
BOL,2020-08-10,3245,176432
BOL,2020-08-11,3759,180191
BOL,2020-08-12,3652,183843
BOL,2020-08-13,2470,186313
BOL,2020-08-14,2991,189304
BOL,2020-08-15,3552,192856
BOL,2020-08-16,2721,195577
BOL,2020-08-17,1513,197090
BOL,2020-08-18,4607,201697
BOL,2020-08-19,3820,205517
BOL,2020-08-20,2680,208197
BOL,2020-08-21,2595,210792
BOL,2020-08-22,2566,213358
BOL,2020-08-23,2385,215743
BOL,2020-08-24,2222,217965
BOL,2020-08-25,2114,220079
BOL,2020-08-26,2274,222353
BOL,2020-08-27,3869,226222
BOL,2020-08-28,3632,229854
BOL,2020-08-29,2615,232469
BOL,2020-08-30,0,232469
BOL,2020-08-31,0,232469
BOL,2020-09-01,1693,234162
BOL,2020-09-02,2166,236328
BOL,2020-09-03,2426,238754
BOL,2020-09-04,2286,241040
BOL,2020-09-05,2770,243810
BOL,2020-09-06,1625,245435
BOL,2020-09-07,2557,247992
BOL,2020-09-08,2737,250729
BOL,2020-09-09,2691,253420
BOL,2020-09-10,3985,257405
BOL,2020-09-11,2637,260042
BOL,2020-09-12,3090,263132
BOL,2020-09-13,1895,265027
BOL,2020-09-14,1513,266540
BOL,2020-09-15,2925,269465
BOL,2020-09-16,1684,271149
BOL,2020-09-17,2196,273345
BOL,2020-09-18,2300,275645
BOL,2020-09-19,1651,277296
BOL,2020-09-20,766,278062
BOL,2020-09-21,1097,279159
BOL,2020-09-22,1605,280764
BOL,2020-09-23,1870,282634
BOL,2020-09-24,1871,284505
BOL,2020-09-25,1571,286076
BOL,2020-09-26,1461,287537
BOL,2020-09-27,850,288387
BOL,2020-09-28,1040,289427
BOL,2020-09-29,1178,290605
BOL,2020-09-30,1896,292501
BOL,2020-10-01,1412,293913
BOL,2020-10-02,2098,296011
BOL,2020-10-03,1466,297477
BOL,2020-10-04,765,298242
BOL,2020-10-05,989,299231
BOL,2020-10-06,1218,300449
BOL,2020-10-07,1425,301874
BOL,2020-10-08,1139,303013
BOL,2020-10-09,1262,304275
BOL,2020-10-10,967,305242
BOL,2020-10-11,521,305763
BOL,2020-10-12,723,306486
BOL,2020-10-13,1251,307737
BOL,2020-10-14,1166,308903
BOL,2020-10-15,964,309867
BOL,2020-10-16,1170,311037
BOL,2020-10-17,1002,312039
BOL,2020-10-18,391,312430
BOL,2020-10-19,749,313179
BOL,2020-10-20,864,314043
BOL,2020-10-21,1110,315153
BOL,2020-10-22,1445,316598
BOL,2020-10-23,0,316598
BOL,2020-10-24,0,316598
BOL,2020-10-25,354,316952
BOL,2020-10-26,712,317664
BOL,2020-10-27,1146,318810
BOL,2020-10-28,924,319734
BOL,2020-10-29,1471,321205
BOL,2020-10-30,992,322197
BOL,2020-10-31,0,322197
BOL,2020-11-01,0,322197
BOL,2020-11-02,203,322400
BOL,2020-11-03,739,323139
BOL,2020-11-04,1323,324462
BOL,2020-11-05,1248,325710
BOL,2020-11-06,1245,326955
BOL,2020-11-07,920,327875
BOL,2020-11-08,625,328500
BOL,2020-11-09,698,329198
BOL,2020-11-10,864,330062
BOL,2020-11-11,991,331053
BOL,2020-11-12,1033,332086
BOL,2020-11-13,1274,333360
BOL,2020-11-14,1009,334369
BOL,2020-11-15,653,335022
BOL,2020-11-16,919,335941
BOL,2020-11-17,936,336877
BOL,2020-11-18,1010,337887
BOL,2020-11-19,1598,339485
BOL,2020-11-20,1309,340794
BOL,2020-11-21,785,341579
BOL,2020-11-22,671,342250
BOL,2020-11-23,592,342842
BOL,2020-11-24,1420,344262
BOL,2020-11-25,1193,345455
BOL,2020-11-26,1145,346600
BOL,2020-11-27,1260,347860
BOL,2020-11-28,985,348845
BOL,2020-11-29,515,349360
BOL,2020-11-30,977,350337
BOL,2020-12-01,1578,351915
BOL,2020-12-02,1361,353276
BOL,2020-12-03,1464,354740
BOL,2020-12-04,1492,356232
BOL,2020-12-05,1410,357642
BOL,2020-12-06,484,358126
BOL,2020-12-07,761,358887
BOL,2020-12-08,1277,360164
BOL,2020-12-09,1369,361533
BOL,2020-12-10,2014,363547
BOL,2020-12-11,1537,365084
BOL,2020-12-12,0,365084
BOL,2020-12-13,0,365084
BOL,2020-12-14,914,365998
BOL,2020-12-15,1721,367719
BOL,2020-12-16,2017,369736
BOL,2020-12-17,1818,371554
BOL,2020-12-18,1648,373202
BOL,2020-12-19,2318,375520
BOL,2020-12-20,1003,376523
BOL,2020-12-21,1286,377809
BOL,2020-12-22,1848,379657
BOL,2020-12-23,2843,382500
BOL,2020-12-24,2714,385214
BOL,2020-12-25,1541,386755
BOL,2020-12-26,1853,388608
BOL,2020-12-27,1372,389980
BOL,2020-12-28,1642,391622
BOL,2020-12-29,3423,395045
BOL,2020-12-30,3561,398606
BOL,2020-12-31,4260,402866
BOL,2021-01-01,1906,404772
BOL,2021-01-02,2604,407376
BOL,2021-01-03,1520,408896
BOL,2021-01-04,2560,411456
BOL,2021-01-05,4090,415546
BOL,2021-01-06,3982,419528
BOL,2021-01-07,4453,423981
BOL,2021-01-08,5227,429208
BOL,2021-01-09,3863,433071
BOL,2021-01-10,2580,435651
BOL,2021-01-11,3273,438924
BOL,2021-01-12,3565,442489
BOL,2021-01-13,5112,447601
BOL,2021-01-14,5197,452798
BOL,2021-01-15,6157,458955
BOL,2021-01-16,5049,464004
BOL,2021-01-17,3427,467431
BOL,2021-01-18,3218,470649
BOL,2021-01-19,6133,476782
BOL,2021-01-20,5170,481952
BOL,2021-01-21,6715,488667
BOL,2021-01-22,5131,493798
BOL,2021-01-23,4574,498372
BOL,2021-01-24,2975,501347
BOL,2021-01-25,5014,506361
BOL,2021-01-26,7577,513938
BOL,2021-01-27,8249,522187
BOL,2021-01-28,8033,530220
BOL,2021-01-29,8196,538416
BOL,2021-01-30,6340,544756
BOL,2021-01-31,3978,548734
BOL,2021-02-01,5190,553924
BOL,2021-02-02,7233,561157
BOL,2021-02-03,7020,568177
BOL,2021-02-04,6808,574985
BOL,2021-02-05,6443,581428
BOL,2021-02-06,5454,586882
BOL,2021-02-07,3226,590108
BOL,2021-02-08,4744,594852
BOL,2021-02-09,6865,601717
BOL,2021-02-10,8067,609784
BOL,2021-02-11,5948,615732
BOL,2021-02-12,6069,621801
BOL,2021-02-13,4697,626498
BOL,2021-02-14,2946,629444
BOL,2021-02-15,2831,632275
BOL,2021-02-16,2273,634548
BOL,2021-02-17,4107,638655
BOL,2021-02-18,6404,645059
BOL,2021-02-19,6746,651805
BOL,2021-02-20,5312,657117
BOL,2021-02-21,3148,660265
BOL,2021-02-22,5873,666138
BOL,2021-02-23,7326,673464
BOL,2021-02-24,9377,682841
BOL,2021-02-25,8361,691202
BOL,2021-02-26,7336,698538
BOL,2021-02-27,4698,703236
BOL,2021-02-28,3892,707128
BOL,2021-03-01,6045,713173
BOL,2021-03-02,6563,719736
BOL,2021-03-03,6860,726596
BOL,2021-03-04,5975,732571
BOL,2021-03-05,7409,739980
BOL,2021-03-06,5267,745247
BOL,2021-03-07,2423,747670
BOL,2021-03-08,3428,751098
BOL,2021-03-09,5779,756877
BOL,2021-03-10,6015,762892
BOL,2021-03-11,7206,770098
BOL,2021-03-12,9509,779607
BOL,2021-03-13,5767,785374
BOL,2021-03-14,3812,789186
BOL,2021-03-15,7050,796236
BOL,2021-03-16,7163,803399
BOL,2021-03-17,0,803399
BOL,2021-03-18,0,803399
BOL,2021-03-19,6482,809881
BOL,2021-03-20,4139,814020
BOL,2021-03-21,2182,816202
BOL,2021-03-22,0,816202
BOL,2021-03-23,0,816202
BOL,2021-03-24,7744,823946
BOL,2021-03-25,6645,830591
BOL,2021-03-26,5935,836526
BOL,2021-03-27,4459,840985
BOL,2021-03-28,2614,843599
BOL,2021-03-29,6244,849843
BOL,2021-03-30,7748,857591
BOL,2021-03-31,8819,866410
BOL,2021-04-01,7139,873549
BOL,2021-04-02,4773,878322
BOL,2021-04-03,3743,882065
BOL,2021-04-04,3996,886061
BOL,2021-04-05,3185,889246
BOL,2021-04-06,13347,902593
BOL,2021-04-07,9466,912059
BOL,2021-04-08,10756,922815
BOL,2021-04-09,11658,934473
BOL,2021-04-10,6863,941336
BOL,2021-04-11,6447,947783
BOL,2021-04-12,9616,957399
BOL,2021-04-13,10320,967719
BOL,2021-04-14,9538,977257
BOL,2021-04-15,8261,985518
BOL,2021-04-16,9818,995336
BOL,2021-04-17,6714,1002050
BOL,2021-04-18,4043,1006093
BOL,2021-04-19,0,1006093
BOL,2021-04-20,0,1006093
BOL,2021-04-21,10802,1016895
BOL,2021-04-22,11163,1028058
BOL,2021-04-23,9663,1037721
BOL,2021-04-24,6353,1044074
BOL,2021-04-25,3848,1047922
BOL,2021-04-26,8873,1056795
BOL,2021-04-27,11112,1067907
BOL,2021-04-28,11252,1079159
BOL,2021-04-29,14635,1093794
BOL,2021-04-30,14124,1107918
BOL,2021-05-01,6599,1114517
BOL,2021-05-02,6233,1120750
BOL,2021-05-03,9284,1130034
BOL,2021-05-04,10334,1140368
BOL,2021-05-05,11296,1151664
BOL,2021-05-06,9638,1161302
BOL,2021-05-07,10026,1171328
BOL,2021-05-08,6327,1177655
BOL,2021-05-09,4720,1182375
BOL,2021-05-10,8189,1190564
BOL,2021-05-11,11250,1201814
BOL,2021-05-12,11063,1212877
BOL,2021-05-13,11852,1224729
BOL,2021-05-14,10700,1235429
BOL,2021-05-15,6952,1242381
BOL,2021-05-16,4357,1246738
BOL,2021-05-17,9512,1256250
BOL,2021-05-18,11123,1267373
BOL,2021-05-19,12366,1279739
BOL,2021-05-20,13015,1292754
BOL,2021-05-21,12503,1305257
BOL,2021-05-22,0,1305257
BOL,2021-05-23,0,1305257
BOL,2021-05-24,11855,1317112
BOL,2021-05-25,14019,1331131
BOL,2021-05-26,14457,1345588
BOL,2021-05-27,14276,1359864
BOL,2021-05-28,14324,1374188
BOL,2021-05-29,9475,1383663
BOL,2021-05-30,7397,1391060
BOL,2021-05-31,12725,1403785
BOL,2021-06-01,14778,1418563
BOL,2021-06-02,14574,1433137
BOL,2021-06-03,10539,1443676
BOL,2021-06-04,12655,1456331
BOL,2021-06-05,9608,1465939
BOL,2021-06-06,6157,1472096
BOL,2021-06-07,12505,1484601
BOL,2021-06-08,14424,1499025
BOL,2021-06-09,17889,1516914
BOL,2021-06-10,16286,1533200
BOL,2021-06-11,15860,1549060
BOL,2021-06-12,0,1549060
BOL,2021-06-13,0,1549060
BOL,2021-06-14,10815,1559875
BOL,2021-06-15,0,1559875
BOL,2021-06-16,0,1559875
BOL,2021-06-17,15078,1574953
BOL,2021-06-18,0,1574953
BOL,2021-06-19,0,1574953
BOL,2021-06-20,0,1574953
BOL,2021-06-21,4141,1579094
BOL,2021-06-22,10827,1589921
BOL,2021-06-23,13653,1603574
BIH,2020-04-01,0,0
BIH,2020-04-02,525,525
BIH,2020-04-03,645,1170
BIH,2020-04-04,590,1760
BIH,2020-04-05,602,2362
BIH,2020-04-06,609,2971
BIH,2020-04-07,590,3561
BIH,2020-04-08,478,4039
BIH,2020-04-09,874,4913
BIH,2020-04-10,1028,5941
BIH,2020-04-11,782,6723
BIH,2020-04-12,794,7517
BIH,2020-04-13,637,8154
BIH,2020-04-14,795,8949
BIH,2020-04-15,932,9881
BIH,2020-04-16,1404,11285
BIH,2020-04-17,1008,12293
BIH,2020-04-18,1117,13410
BIH,2020-04-19,950,14360
BIH,2020-04-20,540,14900
BIH,2020-04-21,837,15737
BIH,2020-04-22,930,16667
BIH,2020-04-23,1307,17974
BIH,2020-04-24,1336,19310
BIH,2020-04-25,1908,21218
BIH,2020-04-26,1154,22372
BIH,2020-04-27,992,23364
BIH,2020-04-28,781,24145
BIH,2020-04-29,1527,25672
BIH,2020-04-30,1663,27335
BIH,2020-05-01,1385,28720
BIH,2020-05-02,605,29325
BIH,2020-05-03,1145,30470
BIH,2020-05-04,450,30920
BIH,2020-05-05,918,31838
BIH,2020-05-06,1196,33034
BIH,2020-05-07,1695,34729
BIH,2020-05-08,604,35333
BIH,2020-05-09,1198,36531
BIH,2020-05-10,1293,37824
BIH,2020-05-11,1036,38860
BIH,2020-05-12,1133,39993
BIH,2020-05-13,929,40922
BIH,2020-05-14,1430,42352
BIH,2020-05-15,1339,43691
BIH,2020-05-16,1379,45070
BIH,2020-05-17,1304,46374
BIH,2020-05-18,1488,47862
BIH,2020-05-19,2668,50530
BIH,2020-05-20,1636,52166
BIH,2020-05-21,1373,53539
BIH,2020-05-22,510,54049
BIH,2020-05-23,1187,55236
BIH,2020-05-24,838,56074
BIH,2020-05-25,402,56476
BIH,2020-05-26,594,57070
BIH,2020-05-27,583,57653
BIH,2020-05-28,1456,59109
BIH,2020-05-29,1029,60138
BIH,2020-05-30,1027,61165
BIH,2020-05-31,597,61762
BIH,2020-06-01,680,62442
BIH,2020-06-02,822,63264
BIH,2020-06-03,1230,64494
BIH,2020-06-04,754,65248
BIH,2020-06-05,948,66196
BIH,2020-06-06,0,66196
BIH,2020-06-07,0,66196
BIH,2020-06-08,0,66196
BIH,2020-06-09,694,66890
BIH,2020-06-10,865,67755
BIH,2020-06-11,1000,68755
BIH,2020-06-12,792,69547
BIH,2020-06-13,0,69547
BIH,2020-06-14,0,69547
BIH,2020-06-15,0,69547
BIH,2020-06-16,815,70362
BIH,2020-06-17,770,71132
BIH,2020-06-18,1035,72167
BIH,2020-06-19,916,73083
BIH,2020-06-20,0,73083
BIH,2020-06-21,0,73083
BIH,2020-06-22,0,73083
BIH,2020-06-23,1324,74407
BIH,2020-06-24,1315,75722
BIH,2020-06-25,1145,76867
BIH,2020-06-26,1130,77997
BIH,2020-06-27,0,77997
BIH,2020-06-28,0,77997
BIH,2020-06-29,0,77997
BIH,2020-06-30,1177,79174
BIH,2020-07-01,1157,80331
BIH,2020-07-02,1759,82090
BIH,2020-07-03,1851,83941
BIH,2020-07-04,0,83941
BIH,2020-07-05,0,83941
BIH,2020-07-06,0,83941
BIH,2020-07-07,1329,85270
BIH,2020-07-08,1628,86898
BIH,2020-07-09,1871,88769
BIH,2020-07-10,1796,90565
BIH,2020-07-11,0,90565
BIH,2020-07-12,0,90565
BIH,2020-07-13,0,90565
BIH,2020-07-14,0,90565
BIH,2020-07-15,0,90565
BIH,2020-07-16,0,90565
BIH,2020-07-17,0,90565
BIH,2020-07-18,0,90565
BIH,2020-07-19,0,90565
BIH,2020-07-20,0,90565
BIH,2020-07-21,0,90565
BIH,2020-07-22,1474,92039
BIH,2020-07-23,1784,93823
BIH,2020-07-24,1631,95454
BIH,2020-07-25,0,95454
BIH,2020-07-26,0,95454
BIH,2020-07-27,0,95454
BIH,2020-07-28,1518,96972
BIH,2020-07-29,1596,98568
BIH,2020-07-30,1844,100412
BIH,2020-07-31,1739,102151
BIH,2020-08-01,0,102151
BIH,2020-08-02,0,102151
BIH,2020-08-03,0,102151
BIH,2020-08-04,1569,103720
BIH,2020-08-05,1586,105306
BIH,2020-08-06,1464,106770
BIH,2020-08-07,1067,107837
BIH,2020-08-08,0,107837
BIH,2020-08-09,0,107837
BIH,2020-08-10,0,107837
BIH,2020-08-11,2130,109967
BIH,2020-08-12,1571,111538
BIH,2020-08-13,1539,113077
BIH,2020-08-14,2027,115104
BIH,2020-08-15,0,115104
BIH,2020-08-16,0,115104
BIH,2020-08-17,0,115104
BIH,2020-08-18,1734,116838
BIH,2020-08-19,2092,118930
BIH,2020-08-20,1888,120818
BIH,2020-08-21,0,120818
BIH,2020-08-22,0,120818
BIH,2020-08-23,0,120818
BIH,2020-08-24,0,120818
BIH,2020-08-25,1971,122789
BIH,2020-08-26,1774,124563
BIH,2020-08-27,1938,126501
BIH,2020-08-28,1900,128401
BIH,2020-08-29,1484,129885
BIH,2020-08-30,1151,131036
BIH,2020-08-31,1407,132443
BIH,2020-09-01,2201,134644
BIH,2020-09-02,2038,136682
BIH,2020-09-03,1785,138467
BIH,2020-09-04,2284,140751
BIH,2020-09-05,1518,142269
BIH,2020-09-06,0,142269
BIH,2020-09-07,0,142269
BIH,2020-09-08,2014,144283
BIH,2020-09-09,615,144898
BIH,2020-09-10,521,145419
BIH,2020-09-11,582,146001
BIH,2020-09-12,0,146001
BIH,2020-09-13,0,146001
BIH,2020-09-14,0,146001
BIH,2020-09-15,2217,148218
BIH,2020-09-16,2150,150368
BIH,2020-09-17,2349,152717
BIH,2020-09-18,2233,154950
BIH,2020-09-19,0,154950
BIH,2020-09-20,0,154950
BIH,2020-09-21,0,154950
BIH,2020-09-22,2115,157065
BIH,2020-09-23,2258,159323
BIH,2020-09-24,2060,161383
BIH,2020-09-25,1971,163354
BIH,2020-09-26,0,163354
BIH,2020-09-27,0,163354
BIH,2020-09-28,0,163354
BIH,2020-09-29,2349,165703
BIH,2020-09-30,2081,167784
BIH,2020-10-01,2181,169965
BIH,2020-10-02,1800,171765
BIH,2020-10-03,0,171765
BIH,2020-10-04,0,171765
BIH,2020-10-05,0,171765
BIH,2020-10-06,2185,173950
BIH,2020-10-07,2104,176054
BIH,2020-10-08,2281,178335
BIH,2020-10-09,2192,180527
BIH,2020-10-10,0,180527
BIH,2020-10-11,0,180527
BIH,2020-10-12,0,180527
BIH,2020-10-13,2140,182667
BIH,2020-10-14,2511,185178
BIH,2020-10-15,2326,187504
BIH,2020-10-16,2525,190029
BIH,2020-10-17,0,190029
BIH,2020-10-18,0,190029
BIH,2020-10-19,0,190029
BIH,2020-10-20,5667,195696
BIH,2020-10-21,-56,195640
BIH,2020-10-22,3056,198696
BIH,2020-10-23,2966,201662
BIH,2020-10-24,2686,204348
BIH,2020-10-25,2504,206852
BIH,2020-10-26,1848,208700
BIH,2020-10-27,3080,211780
BIH,2020-10-28,3717,215497
BIH,2020-10-29,4328,219825
BIH,2020-10-30,3845,223670
BIH,2020-10-31,3956,227626
BIH,2020-11-01,2948,230574
BIH,2020-11-02,1618,232192
BIH,2020-11-03,2816,235008
BIH,2020-11-04,4456,239464
BIH,2020-11-05,5171,244635
BIH,2020-11-06,4694,249329
BIH,2020-11-07,4442,253771
BIH,2020-11-08,2797,256568
BIH,2020-11-09,2366,258934
BIH,2020-11-10,5375,264309
BIH,2020-11-11,5579,269888
BIH,2020-11-12,5014,274902
BIH,2020-11-13,3854,278756
BIH,2020-11-14,3773,282529
BIH,2020-11-15,2334,284863
BIH,2020-11-16,2390,287253
BIH,2020-11-17,3725,290978
BIH,2020-11-18,4549,295527
BIH,2020-11-19,3614,299141
BIH,2020-11-20,4139,303280
BIH,2020-11-21,3823,307103
BIH,2020-11-22,1969,309072
BIH,2020-11-23,1449,310521
BIH,2020-11-24,3578,314099
BIH,2020-11-25,3929,318028
BIH,2020-11-26,2757,320785
BIH,2020-11-27,3180,323965
BIH,2020-11-28,3252,327217
BIH,2020-11-29,1698,328915
BIH,2020-11-30,1553,330468
BIH,2020-12-01,3428,333896
BIH,2020-12-02,3477,337373
BIH,2020-12-03,3810,341183
BIH,2020-12-04,4158,345341
BIH,2020-12-05,2815,348156
BIH,2020-12-06,2262,350418
BIH,2020-12-07,1754,352172
BIH,2020-12-08,3596,355768
BIH,2020-12-09,9431,365199
BIH,2020-12-10,3979,369178
BIH,2020-12-11,3360,372538
BIH,2020-12-12,2941,375479
BIH,2020-12-13,2022,377501
BIH,2020-12-14,1286,378787
BIH,2020-12-15,3319,382106
BIH,2020-12-16,3555,385661
BIH,2020-12-17,3624,389285
BIH,2020-12-18,3289,392574
BIH,2020-12-19,2840,395414
BIH,2020-12-20,2375,397789
BIH,2020-12-21,1843,399632
BIH,2020-12-22,3339,402971
BIH,2020-12-23,3054,406025
BIH,2020-12-24,3261,409286
BIH,2020-12-25,2958,412244
BIH,2020-12-26,2180,414424
BIH,2020-12-27,1843,416267
BIH,2020-12-28,1775,418042
BIH,2020-12-29,3386,421428
BIH,2020-12-30,2873,424301
BIH,2020-12-31,2440,426741
BIH,2021-01-01,2781,429522
BIH,2021-01-02,0,429522
BIH,2021-01-03,0,429522
BIH,2021-01-04,0,429522
BIH,2021-01-05,0,429522
BIH,2021-01-06,0,429522
BIH,2021-01-07,0,429522
BIH,2021-01-08,0,429522
BIH,2021-01-09,-75493,354029
BIH,2021-01-10,3027,357056
BIH,2021-01-11,2557,359613
BIH,2021-01-12,4386,363999
BIH,2021-01-13,4170,368169
BIH,2021-01-14,3021,371190
BIH,2021-01-15,2554,373744
BIH,2021-01-16,3575,377319
BIH,2021-01-17,1711,379030
BIH,2021-01-18,1849,380879
BIH,2021-01-19,3045,383924
BIH,2021-01-20,2471,386395
BIH,2021-01-21,2613,389008
BIH,2021-01-22,2169,391177
BIH,2021-01-23,0,391177
BIH,2021-01-24,0,391177
BIH,2021-01-25,0,391177
BIH,2021-01-26,2935,394112
BIH,2021-01-27,3038,397150
BIH,2021-01-28,2542,399692
BIH,2021-01-29,2348,402040
BIH,2021-01-30,0,402040
BIH,2021-01-31,0,402040
BIH,2021-02-01,0,402040
BIH,2021-02-02,2663,404703
BIH,2021-02-03,3185,407888
BIH,2021-02-04,2467,410355
BIH,2021-02-05,2511,412866
BIH,2021-02-06,0,412866
BIH,2021-02-07,0,412866
BIH,2021-02-08,0,412866
BIH,2021-02-09,0,412866
BIH,2021-02-10,2945,415811
BIH,2021-02-11,2638,418449
BIH,2021-02-12,2451,420900
BIH,2021-02-13,0,420900
BIH,2021-02-14,0,420900
BIH,2021-02-15,0,420900
BIH,2021-02-16,3194,424094
BIH,2021-02-17,2598,426692
BIH,2021-02-18,2366,429058
BIH,2021-02-19,2576,431634
BIH,2021-02-20,0,431634
BIH,2021-02-21,0,431634
BIH,2021-02-22,0,431634
BIH,2021-02-23,3909,435543
BIH,2021-02-24,3172,438715
BIH,2021-02-25,3271,441986
BIH,2021-02-26,2696,444682
BIH,2021-02-27,0,444682
BIH,2021-02-28,0,444682
BIH,2021-03-01,0,444682
BIH,2021-03-02,0,444682
BIH,2021-03-03,16699,461381
BIH,2021-03-04,4243,465624
BIH,2021-03-05,3003,468627
BIH,2021-03-06,0,468627
BIH,2021-03-07,0,468627
BIH,2021-03-08,0,468627
BIH,2021-03-09,4701,473328
BIH,2021-03-10,4163,477491
BIH,2021-03-11,4625,482116
BIH,2021-03-12,4270,486386
BIH,2021-03-13,0,486386
BIH,2021-03-14,0,486386
BIH,2021-03-15,0,486386
BIH,2021-03-16,5403,491789
BIH,2021-03-17,5218,497007
BIH,2021-03-18,5368,502375
BIH,2021-03-19,3755,506130
BIH,2021-03-20,0,506130
BIH,2021-03-21,0,506130
BIH,2021-03-22,0,506130
BIH,2021-03-23,5469,511599
BIH,2021-03-24,5277,516876
BIH,2021-03-25,5659,522535
BIH,2021-03-26,5207,527742
BIH,2021-03-27,0,527742
BIH,2021-03-28,0,527742
BIH,2021-03-29,0,527742
BIH,2021-03-30,5398,533140
BIH,2021-03-31,5598,538738
BIH,2021-04-01,5371,544109
BIH,2021-04-02,5670,549779
BIH,2021-04-03,0,549779
BIH,2021-04-04,0,549779
BIH,2021-04-05,0,549779
BIH,2021-04-06,5677,555456
BIH,2021-04-07,5969,561425
BIH,2021-04-08,5653,567078
BIH,2021-04-09,5675,572753
BIH,2021-04-10,0,572753
BIH,2021-04-11,0,572753
BIH,2021-04-12,0,572753
BIH,2021-04-13,3963,576716
BIH,2021-04-14,4929,581645
BIH,2021-04-15,3540,585185
BIH,2021-04-16,3484,588669
BIH,2021-04-17,0,588669
BIH,2021-04-18,0,588669
BIH,2021-04-19,0,588669
BIH,2021-04-20,3925,592594
BIH,2021-04-21,4361,596955
BIH,2021-04-22,3447,600402
BIH,2021-04-23,3392,603794
BIH,2021-04-24,0,603794
BIH,2021-04-25,0,603794
BIH,2021-04-26,0,603794
BIH,2021-04-27,3350,607144
BIH,2021-04-28,3119,610263
BIH,2021-04-29,3168,613431
BIH,2021-04-30,3112,616543
BIH,2021-05-01,0,616543
BIH,2021-05-02,0,616543
BIH,2021-05-03,0,616543
BIH,2021-05-04,0,616543
BIH,2021-05-05,3446,619989
BIH,2021-05-06,3128,623117
BIH,2021-05-07,2561,625678
BIH,2021-05-08,0,625678
BIH,2021-05-09,0,625678
BIH,2021-05-10,0,625678
BIH,2021-05-11,2914,628592
BIH,2021-05-12,2427,631019
BIH,2021-05-13,1799,632818
BIH,2021-05-14,1705,634523
BIH,2021-05-15,0,634523
BIH,2021-05-16,0,634523
BIH,2021-05-17,0,634523
BIH,2021-05-18,3873,638396
BIH,2021-05-19,2687,641083
BIH,2021-05-20,2121,643204
BIH,2021-05-21,2296,645500
BIH,2021-05-22,0,645500
BIH,2021-05-23,0,645500
BIH,2021-05-24,0,645500
BIH,2021-05-25,2771,648271
BIH,2021-05-26,2768,651039
BIH,2021-05-27,2261,653300
BIH,2021-05-28,2253,655553
BIH,2021-05-29,0,655553
BIH,2021-05-30,0,655553
BIH,2021-05-31,0,655553
BIH,2021-06-01,2670,658223
BIH,2021-06-02,1926,660149
BIH,2021-06-03,2252,662401
BIH,2021-06-04,1872,664273
BIH,2021-06-05,0,664273
BIH,2021-06-06,0,664273
BIH,2021-06-07,0,664273
BIH,2021-06-08,2169,666442
BIH,2021-06-09,2232,668674
BIH,2021-06-10,1992,670666
BIH,2021-06-11,1711,672377
BIH,2021-06-12,0,672377
BIH,2021-06-13,0,672377
BIH,2021-06-14,0,672377
BIH,2021-06-15,2019,674396
BIH,2021-06-16,1858,676254
BIH,2021-06-17,2033,678287
BIH,2021-06-18,1823,680110
BIH,2021-06-19,0,680110
BIH,2021-06-20,0,680110
BIH,2021-06-21,0,680110
BIH,2021-06-22,1846,681956
BIH,2021-06-23,1569,683525
BIH,2021-06-24,1540,685065
BIH,2021-06-25,1462,686527
BIH,2021-06-26,0,686527
BIH,2021-06-27,0,686527
BIH,2021-06-28,0,686527
BRA,2020-04-07,0,0
BRA,2020-04-08,0,0
BRA,2020-04-09,0,0
BRA,2020-04-10,0,0
BRA,2020-04-11,0,0
BRA,2020-04-12,0,0
BRA,2020-04-13,0,0
BRA,2020-04-14,0,0
BRA,2020-04-15,0,0
BRA,2020-04-16,0,0
BRA,2020-04-17,0,0
BRA,2020-04-18,0,0
BRA,2020-04-19,0,0
BRA,2020-04-20,0,0
BRA,2020-05-29,0,0
BRA,2020-06-30,0,0
BRA,2020-07-01,0,0
BRA,2020-07-02,0,0
BRA,2020-07-03,0,0
BRA,2020-07-04,0,0
BRA,2020-07-05,0,0
BRA,2020-07-06,0,0
BRA,2020-07-07,0,0
BRA,2020-07-08,0,0
BRA,2020-07-09,0,0
BRA,2020-07-10,0,0
BRA,2020-07-11,0,0
BRA,2020-07-12,0,0
BRA,2020-07-13,0,0
BRA,2020-07-14,0,0
BRA,2020-07-15,0,0
BRA,2020-07-16,0,0
BRA,2020-07-17,0,0
BRA,2020-07-18,0,0
BRA,2020-07-19,0,0
BRA,2020-07-20,0,0
BRA,2020-07-21,0,0
BRA,2020-07-22,0,0
BRA,2020-07-23,0,0
BRA,2020-07-24,0,0
BRA,2020-07-25,0,0
BRA,2020-07-26,0,0
BRA,2020-07-27,0,0
BRA,2020-07-28,0,0
BRA,2020-07-29,0,0
BRA,2020-07-30,0,0
BRA,2020-07-31,0,0
BRA,2020-08-01,0,0
BRA,2020-08-02,0,0
BRA,2020-08-03,0,0
BRA,2020-08-04,0,0
BRA,2020-08-05,0,0
BRA,2020-08-06,0,0
BRA,2020-08-07,0,0
BRA,2020-08-08,0,0
BRA,2020-08-09,0,0
BRA,2020-08-10,0,0
BRA,2020-08-11,0,0
BRA,2020-08-12,0,0
BRA,2020-08-13,0,0
BRA,2020-08-14,0,0
BRA,2020-08-15,0,0
BRA,2020-08-16,0,0
BRA,2020-08-17,0,0
BRA,2020-08-18,0,0
BRA,2020-08-19,0,0
BRA,2020-08-20,0,0
BRA,2020-08-21,0,0
BRA,2020-08-22,0,0
BRA,2020-08-23,0,0
BRA,2020-08-24,0,0
BRA,2020-08-25,0,0
BRA,2020-08-26,0,0
BRA,2020-08-27,0,0
BRA,2020-08-28,0,0
BRA,2020-08-29,0,0
BRA,2020-08-30,0,0
BRA,2020-08-31,0,0
BRA,2020-09-01,0,0
BRA,2020-09-02,0,0
BRA,2020-09-03,0,0
BRA,2020-09-04,0,0
BRA,2020-09-05,0,0
BRA,2020-09-06,0,0
BRA,2020-09-07,0,0
BRA,2020-09-08,0,0
BRA,2020-09-09,0,0
BRA,2020-09-10,0,0
BRA,2020-09-11,0,0
BRA,2020-09-12,0,0
BRA,2020-09-13,0,0
BRA,2020-09-14,0,0
BRA,2020-09-15,0,0
BRA,2020-09-16,0,0
BRA,2020-09-17,0,0
BRA,2020-09-18,0,0
BRA,2020-09-19,0,0
BRA,2021-05-24,0,0
BGR,2020-04-11,0,0
BGR,2020-04-12,0,0
BGR,2020-04-13,0,0
BGR,2020-04-14,0,0
BGR,2020-04-15,0,0
BGR,2020-04-16,0,0
BGR,2020-04-17,0,0
BGR,2020-04-18,0,0
BGR,2020-04-19,0,0
BGR,2020-04-20,0,0
BGR,2020-04-21,0,0
BGR,2020-04-22,0,0
BGR,2020-04-23,0,0
BGR,2020-04-24,0,0
BGR,2020-04-25,0,0
BGR,2020-04-26,0,0
BGR,2020-04-27,0,0
BGR,2020-04-28,0,0
BGR,2020-04-29,0,0
BGR,2020-04-30,0,0
BGR,2020-05-01,0,0
BGR,2020-05-02,1126,1126
BGR,2020-05-03,982,2108
BGR,2020-05-04,527,2635
BGR,2020-05-05,1158,3793
BGR,2020-05-06,1465,5258
BGR,2020-05-07,1163,6421
BGR,2020-05-08,1397,7818
BGR,2020-05-09,1777,9595
BGR,2020-05-10,1126,10721
BGR,2020-05-11,403,11124
BGR,2020-05-12,1079,12203
BGR,2020-05-13,1387,13590
BGR,2020-05-14,1611,15201
BGR,2020-05-15,1608,16809
BGR,2020-05-16,1161,17970
BGR,2020-05-17,1094,19064
BGR,2020-05-18,362,19426
BGR,2020-05-19,874,20300
BGR,2020-05-20,1433,21733
BGR,2020-05-21,0,21733
BGR,2020-05-22,0,21733
BGR,2020-05-23,1605,23338
BGR,2020-05-24,886,24224
BGR,2020-05-25,443,24667
BGR,2020-05-26,295,24962
BGR,2020-05-27,1557,26519
BGR,2020-05-28,1273,27792
BGR,2020-05-29,1725,29517
BGR,2020-05-30,1353,30870
BGR,2020-05-31,606,31476
BGR,2020-06-01,346,31822
BGR,2020-06-02,1220,33042
BGR,2020-06-03,1347,34389
BGR,2020-06-04,1569,35958
BGR,2020-06-05,2060,38018
BGR,2020-06-06,1196,39214
BGR,2020-06-07,816,40030
BGR,2020-06-08,427,40457
BGR,2020-06-09,1406,41863
BGR,2020-06-10,1777,43640
BGR,2020-06-11,2308,45948
BGR,2020-06-12,2640,48588
BGR,2020-06-13,2642,51230
BGR,2020-06-14,1975,53205
BGR,2020-06-15,1409,54614
BGR,2020-06-16,3839,58453
BGR,2020-06-17,0,58453
BGR,2020-06-18,0,58453
BGR,2020-06-19,0,58453
BGR,2020-06-20,0,58453
BGR,2020-06-21,0,58453
BGR,2020-06-22,0,58453
BGR,2020-06-23,2776,61229
BGR,2020-06-24,2946,64175
BGR,2020-06-25,3016,67191
BGR,2020-06-26,2775,69966
BGR,2020-06-27,2750,72716
BGR,2020-06-28,1528,74244
BGR,2020-06-29,1034,75278
BGR,2020-06-30,4525,79803
BGR,2020-07-01,3343,83146
BGR,2020-07-02,2896,86042
BGR,2020-07-03,3155,89197
BGR,2020-07-04,2538,91735
BGR,2020-07-05,3514,95249
BGR,2020-07-06,2775,98024
BGR,2020-07-07,0,98024
BGR,2020-07-08,0,98024
BGR,2020-07-09,4286,102310
BGR,2020-07-10,3686,105996
BGR,2020-07-11,4540,110536
BGR,2020-07-12,2806,113342
BGR,2020-07-13,1198,114540
BGR,2020-07-14,3341,117881
BGR,2020-07-15,4885,122766
BGR,2020-07-16,5393,128159
BGR,2020-07-17,6526,134685
BGR,2020-07-18,4884,139569
BGR,2020-07-19,2003,141572
BGR,2020-07-20,3155,144727
BGR,2020-07-21,9051,153778
BGR,2020-07-22,0,153778
BGR,2020-07-23,0,153778
BGR,2020-07-24,5913,159691
BGR,2020-07-25,8124,167815
BGR,2020-07-26,0,167815
BGR,2020-07-27,0,167815
BGR,2020-07-28,5303,173118
BGR,2020-07-29,6395,179513
BGR,2020-07-30,6639,186152
BGR,2020-07-31,5582,191734
BGR,2020-08-01,3955,195689
BGR,2020-08-02,1491,197180
BGR,2020-08-03,4137,201317
BGR,2020-08-04,5325,206642
BGR,2020-08-05,0,206642
BGR,2020-08-06,0,206642
BGR,2020-08-07,6433,213075
BGR,2020-08-08,5837,218912
BGR,2020-08-09,3612,222524
BGR,2020-08-10,1275,223799
BGR,2020-08-11,3667,227466
BGR,2020-08-12,5388,232854
BGR,2020-08-13,5108,237962
BGR,2020-08-14,5877,243839
BGR,2020-08-15,5934,249773
BGR,2020-08-16,2745,252518
BGR,2020-08-17,781,253299
BGR,2020-08-18,5252,258551
BGR,2020-08-19,3667,262218
BGR,2020-08-20,8649,270867
BGR,2020-08-21,6844,277711
BGR,2020-08-22,6373,284084
BGR,2020-08-23,3402,287486
BGR,2020-08-24,2288,289774
BGR,2020-08-25,3588,293362
BGR,2020-08-26,10076,303438
BGR,2020-08-27,0,303438
BGR,2020-08-28,0,303438
BGR,2020-08-29,6337,309775
BGR,2020-08-30,6257,316032
BGR,2020-08-31,0,316032
BGR,2020-09-01,0,316032
BGR,2020-09-02,6784,322816
BGR,2020-09-03,5443,328259
BGR,2020-09-04,7026,335285
BGR,2020-09-05,8129,343414
BGR,2020-09-06,4765,348179
BGR,2020-09-07,0,348179
BGR,2020-09-08,0,348179
BGR,2020-09-09,5145,353324
BGR,2020-09-10,0,353324
BGR,2020-09-11,0,353324
BGR,2020-09-12,2330,355654
BGR,2020-09-13,0,355654
BGR,2020-09-14,0,355654
BGR,2020-09-15,7475,363129
BGR,2020-09-16,4835,367964
BGR,2020-09-17,0,367964
BGR,2020-09-18,0,367964
BGR,2020-09-19,8957,376921
BGR,2020-09-20,0,376921
BGR,2020-09-21,0,376921
BGR,2020-09-22,2988,379909
BGR,2020-09-23,3049,382958
BGR,2020-09-24,8385,391343
BGR,2020-09-25,0,391343
BGR,2020-09-26,0,391343
BGR,2020-09-27,2710,394053
BGR,2020-09-28,1103,395156
BGR,2020-09-29,3302,398458
BGR,2020-09-30,4736,403194
BGR,2020-10-01,4943,408137
BGR,2020-10-02,4843,412980
BGR,2020-10-03,4820,417800
BGR,2020-10-04,2843,420643
BGR,2020-10-05,1278,421921
BGR,2020-10-06,3713,425634
BGR,2020-10-07,5431,431065
BGR,2020-10-08,4541,435606
BGR,2020-10-09,5209,440815
BGR,2020-10-10,6048,446863
BGR,2020-10-11,3795,450658
BGR,2020-10-12,1191,451849
BGR,2020-10-13,4320,456169
BGR,2020-10-14,5819,461988
BGR,2020-10-15,5898,467886
BGR,2020-10-16,6324,474210
BGR,2020-10-17,7442,481652
BGR,2020-10-18,4602,486254
BGR,2020-10-19,1581,487835
BGR,2020-10-20,4406,492241
BGR,2020-10-21,11505,503746
BGR,2020-10-22,8738,512484
BGR,2020-10-23,9038,521522
BGR,2020-10-24,9831,531353
BGR,2020-10-25,7094,538447
BGR,2020-10-26,2257,540704
BGR,2020-10-27,7659,548363
BGR,2020-10-28,11226,559589
BGR,2020-10-29,9946,569535
BGR,2020-10-30,11376,580911
BGR,2020-10-31,12634,593545
BGR,2020-11-01,7259,600804
BGR,2020-11-02,5457,606261
BGR,2020-11-03,7910,614171
BGR,2020-11-04,11066,625237
BGR,2020-11-05,13203,638440
BGR,2020-11-06,11131,649571
BGR,2020-11-07,13849,663420
BGR,2020-11-08,8702,672122
BGR,2020-11-09,2151,674273
BGR,2020-11-10,8826,683099
BGR,2020-11-11,11068,694167
BGR,2020-11-12,10830,704997
BGR,2020-11-13,8885,713882
BGR,2020-11-14,12413,726295
BGR,2020-11-15,6450,732745
BGR,2020-11-16,2716,735461
BGR,2020-11-17,7934,743395
BGR,2020-11-18,11611,755006
BGR,2020-11-19,9949,764955
BGR,2020-11-20,10311,775266
BGR,2020-11-21,9786,785052
BGR,2020-11-22,5729,790781
BGR,2020-11-23,2787,793568
BGR,2020-11-24,7244,800812
BGR,2020-11-25,10474,811286
BGR,2020-11-26,8820,820106
BGR,2020-11-27,9093,829199
BGR,2020-11-28,9179,838378
BGR,2020-11-29,4928,843306
BGR,2020-11-30,1965,845271
BGR,2020-12-01,6825,852096
BGR,2020-12-02,9056,861152
BGR,2020-12-03,8478,869630
BGR,2020-12-04,9082,878712
BGR,2020-12-05,9530,888242
BGR,2020-12-06,5986,894228
BGR,2020-12-07,1424,895652
BGR,2020-12-08,6260,901912
BGR,2020-12-09,9715,911627
BGR,2020-12-10,8578,920205
BGR,2020-12-11,8470,928675
BGR,2020-12-12,8587,937262
BGR,2020-12-13,4407,941669
BGR,2020-12-14,1634,943303
BGR,2020-12-15,0,943303
BGR,2020-12-16,0,943303
BGR,2020-12-17,6113,949416
BGR,2020-12-18,6825,956241
BGR,2020-12-19,6190,962431
BGR,2020-12-20,4213,966644
BGR,2020-12-21,790,967434
BGR,2020-12-22,4304,971738
BGR,2020-12-23,6233,977971
BGR,2020-12-24,0,977971
BGR,2020-12-25,0,977971
BGR,2020-12-26,2072,980043
BGR,2020-12-27,2973,983016
BGR,2020-12-28,2809,985825
BGR,2020-12-29,2367,988192
BGR,2020-12-30,8076,996268
BGR,2020-12-31,8473,1004741
BGR,2021-01-01,5738,1010479
BGR,2021-01-02,2447,1012926
BGR,2021-01-03,2562,1015488
BGR,2021-01-04,2650,1018138
BGR,2021-01-05,10762,1028900
BGR,2021-01-06,11436,1040336
BGR,2021-01-07,10086,1050422
BGR,2021-01-08,9908,1060330
BGR,2021-01-09,9868,1070198
BGR,2021-01-10,5908,1076106
BGR,2021-01-11,1629,1077735
BGR,2021-01-12,7799,1085534
BGR,2021-01-13,9642,1095176
BGR,2021-01-14,7565,1102741
BGR,2021-01-15,7431,1110172
BGR,2021-01-16,8849,1119021
BGR,2021-01-17,4628,1123649
BGR,2021-01-18,1194,1124843
BGR,2021-01-19,7959,1132802
BGR,2021-01-20,7920,1140722
BGR,2021-01-21,8052,1148774
BGR,2021-01-22,7672,1156446
BGR,2021-01-23,9786,1166232
BGR,2021-01-24,4479,1170711
BGR,2021-01-25,1207,1171918
BGR,2021-01-26,13539,1185457
BGR,2021-01-27,15651,1201108
BGR,2021-01-28,13276,1214384
BGR,2021-01-29,12297,1226681
BGR,2021-01-30,13582,1240263
BGR,2021-01-31,4532,1244795
BGR,2021-02-01,1961,1246756
BGR,2021-02-02,11569,1258325
BGR,2021-02-03,11452,1269777
BGR,2021-02-04,9875,1279652
BGR,2021-02-05,10540,1290192
BGR,2021-02-06,0,1290192
BGR,2021-02-07,0,1290192
BGR,2021-02-08,0,1290192
BGR,2021-02-09,0,1290192
BGR,2021-02-10,0,1290192
BGR,2021-02-11,0,1290192
BGR,2021-02-12,11813,1302005
BGR,2021-02-13,0,1302005
BGR,2021-02-14,0,1302005
BGR,2021-02-15,1852,1303857
BGR,2021-02-16,11085,1314942
BGR,2021-02-17,11603,1326545
BGR,2021-02-18,11544,1338089
BGR,2021-02-19,10922,1349011
BGR,2021-02-20,13301,1362312
BGR,2021-02-21,5695,1368007
BGR,2021-02-22,2792,1370799
BGR,2021-02-23,13693,1384492
BGR,2021-02-24,13025,1397517
BGR,2021-02-25,12038,1409555
BGR,2021-02-26,12639,1422194
BGR,2021-02-27,13697,1435891
BGR,2021-02-28,8429,1444320
BGR,2021-03-01,2530,1446850
BGR,2021-03-02,16188,1463038
BGR,2021-03-03,14530,1477568
BGR,2021-03-04,6164,1483732
BGR,2021-03-05,12167,1495899
BGR,2021-03-06,16865,1512764
BGR,2021-03-07,10471,1523235
BGR,2021-03-08,2969,1526204
BGR,2021-03-09,0,1526204
BGR,2021-03-10,0,1526204
BGR,2021-03-11,0,1526204
BGR,2021-03-12,0,1526204
BGR,2021-03-13,0,1526204
BGR,2021-03-14,0,1526204
BGR,2021-03-15,0,1526204
BGR,2021-03-16,0,1526204
BGR,2021-03-17,0,1526204
BGR,2021-03-18,0,1526204
BGR,2021-03-19,0,1526204
BGR,2021-03-20,0,1526204
BGR,2021-03-21,0,1526204
BGR,2021-03-22,0,1526204
BGR,2021-03-23,18802,1545006
BGR,2021-03-24,0,1545006
BGR,2021-03-25,0,1545006
BGR,2021-03-26,17831,1562837
BGR,2021-03-27,18581,1581418
BGR,2021-03-28,11931,1593349
BGR,2021-03-29,4093,1597442
BGR,2021-03-30,19426,1616868
BGR,2021-03-31,20398,1637266
BGR,2021-04-01,17896,1655162
BGR,2021-04-02,18493,1673655
BGR,2021-04-03,20611,1694266
BGR,2021-04-04,10648,1704914
BGR,2021-04-05,4093,1709007
BGR,2021-04-06,19244,1728251
BGR,2021-04-07,17409,1745660
BGR,2021-04-08,17710,1763370
BGR,2021-04-09,16076,1779446
BGR,2021-04-10,16949,1796395
BGR,2021-04-11,9117,1805512
BGR,2021-04-12,3657,1809169
BGR,2021-04-13,17397,1826566
BGR,2021-04-14,16237,1842803
BGR,2021-04-15,15300,1858103
BGR,2021-04-16,14708,1872811
BGR,2021-04-17,0,1872811
BGR,2021-04-18,0,1872811
BGR,2021-04-19,0,1872811
BGR,2021-04-20,15949,1888760
BGR,2021-04-21,13758,1902518
BGR,2021-04-22,14179,1916697
BGR,2021-04-23,13427,1930124
BGR,2021-04-24,14852,1944976
BGR,2021-04-25,7492,1952468
BGR,2021-04-26,5453,1957921
BGR,2021-04-27,14018,1971939
BGR,2021-04-28,18005,1989944
BGR,2021-04-29,14038,2003982
BGR,2021-04-30,16258,2020240
BGR,2021-05-01,8863,2029103
BGR,2021-05-02,7086,2036189
BGR,2021-05-03,3194,2039383
BGR,2021-05-04,6724,2046107
BGR,2021-05-05,6206,2052313
BGR,2021-05-06,14933,2067246
BGR,2021-05-07,5729,2072975
BGR,2021-05-08,14997,2087972
BGR,2021-05-09,7501,2095473
BGR,2021-05-10,5853,2101326
BGR,2021-05-11,16390,2117716
BGR,2021-05-12,13208,2130924
BGR,2021-05-13,11072,2141996
BGR,2021-05-14,11248,2153244
BGR,2021-05-15,14119,2167363
BGR,2021-05-16,7281,2174644
BGR,2021-05-17,4309,2178953
BGR,2021-05-18,16502,2195455
BGR,2021-05-19,13792,2209247
BGR,2021-05-20,11059,2220306
BGR,2021-05-21,13163,2233469
BGR,2021-05-22,14466,2247935
BGR,2021-05-23,5974,2253909
BGR,2021-05-24,6716,2260625
BGR,2021-05-25,4579,2265204
BGR,2021-05-26,13799,2279003
BGR,2021-05-27,13870,2292873
BGR,2021-05-28,13164,2306037
BGR,2021-05-29,13502,2319539
BGR,2021-05-30,7879,2327418
BGR,2021-05-31,4282,2331700
BGR,2021-06-01,16977,2348677
BGR,2021-06-02,13271,2361948
BGR,2021-06-03,12010,2373958
BGR,2021-06-04,15294,2389252
BGR,2021-06-05,14273,2403525
BGR,2021-06-06,6332,2409857
BGR,2021-06-07,5601,2415458
BGR,2021-06-08,13413,2428871
BGR,2021-06-09,14971,2443842
BGR,2021-06-10,9917,2453759
BGR,2021-06-11,14291,2468050
BGR,2021-06-12,13315,2481365
BGR,2021-06-13,8314,2489679
BGR,2021-06-14,3428,2493107
BGR,2021-06-15,17860,2510967
BGR,2021-06-16,13199,2524166
BGR,2021-06-17,12168,2536334
BGR,2021-06-18,13668,2550002
BGR,2021-06-19,14767,2564769
BGR,2021-06-20,8437,2573206
BGR,2021-06-21,4141,2577347
BGR,2021-06-22,16068,2593415
BGR,2021-06-23,11151,2604566
BGR,2021-06-24,14378,2618944
BGR,2021-06-25,9646,2628590
BGR,2021-06-26,14943,2643533
BGR,2021-06-27,6499,2650032
BGR,2021-06-28,2915,2652947
BGR,2021-06-29,20034,2672981
KHM,2021-05-19,0,0
KHM,2021-05-20,0,0
KHM,2021-05-21,0,0
KHM,2021-05-22,0,0
KHM,2021-05-23,0,0
KHM,2021-05-24,0,0
KHM,2021-05-25,0,0
KHM,2021-05-26,4710,4710
KHM,2021-05-27,6093,10803
KHM,2021-05-28,3904,14707
KHM,2021-05-29,14879,29586
KHM,2021-05-30,4203,33789
KHM,2021-05-31,4658,38447
KHM,2021-06-01,4686,43133
KHM,2021-06-02,5517,48650
KHM,2021-06-03,5785,54435
KHM,2021-06-04,4654,59089
KHM,2021-06-05,5394,64483
KHM,2021-06-06,6226,70709
KHM,2021-06-07,6101,76810
KHM,2021-06-08,5617,82427
KHM,2021-06-09,6832,89259
KHM,2021-06-10,6657,95916
KHM,2021-06-11,7117,103033
KHM,2021-06-12,7176,110209
KHM,2021-06-13,8920,119129
KHM,2021-06-14,5807,124936
KHM,2021-06-15,9649,134585
KHM,2021-06-16,9299,143884
KHM,2021-06-17,6379,150263
KHM,2021-06-18,8517,158780
KHM,2021-06-19,9754,168534
KHM,2021-06-20,8499,177033
KHM,2021-06-21,7305,184338
KHM,2021-06-22,5913,190251
KHM,2021-06-23,6207,196458
KHM,2021-06-24,5763,202221
KHM,2021-06-25,6966,209187
KHM,2021-06-26,5411,214598
KHM,2021-06-27,6040,220638
KHM,2021-06-28,5826,226464
KHM,2021-06-29,6534,232998
CAN,2020-03-11,0,0
CAN,2020-03-12,0,0
CAN,2020-03-13,0,0
CAN,2020-03-14,7224,7224
CAN,2020-03-15,2568,9792
CAN,2020-03-16,12753,22545
CAN,2020-03-17,6446,28991
CAN,2020-03-18,9370,38361
CAN,2020-03-19,12305,50666
CAN,2020-03-20,10963,61629
CAN,2020-03-21,12069,73698
CAN,2020-03-22,9941,83639
CAN,2020-03-23,8370,92009
CAN,2020-03-24,17915,109924
CAN,2020-03-25,22727,132651
CAN,2020-03-26,13814,146465
CAN,2020-03-27,9041,155506
CAN,2020-03-28,16804,172310
CAN,2020-03-29,22987,195297
CAN,2020-03-30,15270,210567
CAN,2020-03-31,15433,226000
CAN,2020-04-01,14795,240795
CAN,2020-04-02,17733,258528
CAN,2020-04-03,21399,279927
CAN,2020-04-04,16906,296833
CAN,2020-04-05,12814,309647
CAN,2020-04-06,12021,321668
CAN,2020-04-07,5164,326832
CAN,2020-04-08,19999,346831
CAN,2020-04-09,13333,360164
CAN,2020-04-10,16073,376237
CAN,2020-04-11,13276,389513
CAN,2020-04-12,17549,407062
CAN,2020-04-13,15275,422337
CAN,2020-04-14,17508,439845
CAN,2020-04-15,12753,452598
CAN,2020-04-16,19889,472487
CAN,2020-04-17,20076,492563
CAN,2020-04-18,20356,512919
CAN,2020-04-19,21292,534211
CAN,2020-04-20,10229,544440
CAN,2020-04-21,10300,554740
CAN,2020-04-22,42314,597054
CAN,2020-04-23,22725,619779
CAN,2020-04-24,25191,644970
CAN,2020-04-25,24163,669133
CAN,2020-04-26,23237,692370
CAN,2020-04-27,26197,718567
CAN,2020-04-28,21095,739662
CAN,2020-04-29,24813,764475
CAN,2020-04-30,26836,791311
CAN,2020-05-01,30472,821783
CAN,2020-05-02,29314,851097
CAN,2020-05-03,31209,882306
CAN,2020-05-04,21924,904230
CAN,2020-05-05,23158,927388
CAN,2020-05-06,31032,958420
CAN,2020-05-07,31660,990080
CAN,2020-05-08,29611,1019691
CAN,2020-05-09,36550,1056241
CAN,2020-05-10,26065,1082306
CAN,2020-05-11,24109,1106415
CAN,2020-05-12,23939,1130354
CAN,2020-05-13,27304,1157658
CAN,2020-05-14,30716,1188374
CAN,2020-05-15,33158,1221532
CAN,2020-05-16,33508,1255040
CAN,2020-05-17,30475,1285515
CAN,2020-05-18,22718,1308233
CAN,2020-05-19,16524,1324757
CAN,2020-05-20,35155,1359912
CAN,2020-05-21,4605,1364517
CAN,2020-05-22,25553,1390070
CAN,2020-05-23,26703,1416773
CAN,2020-05-24,27301,1444074
CAN,2020-05-25,23180,1467254
CAN,2020-05-26,20522,1487776
CAN,2020-05-27,27941,1515717
CAN,2020-05-28,54304,1570021
CAN,2020-05-29,11214,1581235
CAN,2020-05-30,37828,1619063
CAN,2020-05-31,31554,1650617
CAN,2020-06-01,30087,1680704
CAN,2020-06-02,28332,1709036
CAN,2020-06-03,31676,1740712
CAN,2020-06-04,35180,1775892
CAN,2020-06-05,39392,1815284
CAN,2020-06-06,37779,1853063
CAN,2020-06-07,28545,1881608
CAN,2020-06-08,33319,1914927
CAN,2020-06-09,25578,1940505
CAN,2020-06-10,33536,1974041
CAN,2020-06-11,39241,2013282
CAN,2020-06-12,43600,2056882
CAN,2020-06-13,41828,2098710
CAN,2020-06-14,38852,2137562
CAN,2020-06-15,30700,2168262
CAN,2020-06-16,33254,2201516
CAN,2020-06-17,37751,2239267
CAN,2020-06-18,40959,2280226
CAN,2020-06-19,44123,2324349
CAN,2020-06-20,43218,2367567
CAN,2020-06-21,32660,2400227
CAN,2020-06-22,28677,2428904
CAN,2020-06-23,38751,2467655
CAN,2020-06-24,35781,2503436
CAN,2020-06-25,39713,2543149
CAN,2020-06-26,39880,2583029
CAN,2020-06-27,42072,2625101
CAN,2020-06-28,36390,2661491
CAN,2020-06-29,44980,2706471
CAN,2020-06-30,0,2706471
CAN,2020-07-01,0,2706471
CAN,2020-07-02,78091,2784562
CAN,2020-07-03,37502,2822064
CAN,2020-07-04,29208,2851272
CAN,2020-07-05,25971,2877243
CAN,2020-07-06,34786,2912029
CAN,2020-07-07,44461,2956490
CAN,2020-07-08,35169,2991659
CAN,2020-07-09,42852,3034511
CAN,2020-07-10,44509,3079020
CAN,2020-07-11,40814,3119834
CAN,2020-07-12,29363,3149197
CAN,2020-07-13,44729,3193926
CAN,2020-07-14,44875,3238801
CAN,2020-07-15,39410,3278211
CAN,2020-07-16,45862,3324073
CAN,2020-07-17,50286,3374359
CAN,2020-07-18,43763,3418122
CAN,2020-07-19,38738,3456860
CAN,2020-07-20,53088,3509948
CAN,2020-07-21,43098,3553046
CAN,2020-07-22,43050,3596096
CAN,2020-07-23,37544,3633640
CAN,2020-07-24,20161,3653801
CAN,2020-07-25,44444,3698245
CAN,2020-07-26,40023,3738268
CAN,2020-07-27,61880,3800148
CAN,2020-07-28,35362,3835510
CAN,2020-07-29,47373,3882883
CAN,2020-07-30,50060,3932943
CAN,2020-07-31,53733,3986676
CAN,2020-08-01,48394,4035070
CAN,2020-08-02,44707,4079777
CAN,2020-08-03,34736,4114513
CAN,2020-08-04,58326,4172839
CAN,2020-08-05,36085,4208924
CAN,2020-08-06,46566,4255490
CAN,2020-08-07,48036,4303526
CAN,2020-08-08,36830,4340356
CAN,2020-08-09,43772,4384128
CAN,2020-08-10,57408,4441536
CAN,2020-08-11,36529,4478065
CAN,2020-08-12,39336,4517401
CAN,2020-08-13,54022,4571423
CAN,2020-08-14,50558,4621981
CAN,2020-08-15,55483,4677464
CAN,2020-08-16,37214,4714678
CAN,2020-08-17,61683,4776361
CAN,2020-08-18,40129,4816490
CAN,2020-08-19,45274,4861764
CAN,2020-08-20,48769,4910533
CAN,2020-08-21,59844,4970377
CAN,2020-08-22,42675,5013052
CAN,2020-08-23,38756,5051808
CAN,2020-08-24,53676,5105484
CAN,2020-08-25,35920,5141404
CAN,2020-08-26,40805,5182209
CAN,2020-08-27,48121,5230330
CAN,2020-08-28,61328,5291658
CAN,2020-08-29,46909,5338567
CAN,2020-08-30,38198,5376765
CAN,2020-08-31,63945,5440710
CAN,2020-09-01,41157,5481867
CAN,2020-09-02,44519,5526386
CAN,2020-09-03,48635,5575021
CAN,2020-09-04,51906,5626927
CAN,2020-09-05,45202,5672129
CAN,2020-09-06,45216,5717345
CAN,2020-09-07,60853,5778198
CAN,2020-09-08,49241,5827439
CAN,2020-09-09,38727,5866166
CAN,2020-09-10,49718,5915884
CAN,2020-09-11,66764,5982648
CAN,2020-09-12,22922,6005570
CAN,2020-09-13,85216,6090786
CAN,2020-09-14,80997,6171783
CAN,2020-09-15,56695,6228478
CAN,2020-09-16,62497,6290975
CAN,2020-09-17,67406,6358381
CAN,2020-09-18,67739,6426120
CAN,2020-09-19,64345,6490465
CAN,2020-09-20,64334,6554799
CAN,2020-09-21,79753,6634552
CAN,2020-09-22,68748,6703300
CAN,2020-09-23,66679,6769979
CAN,2020-09-24,67590,6837569
CAN,2020-09-25,77991,6915560
CAN,2020-09-26,70216,6985776
CAN,2020-09-27,68251,7054027
CAN,2020-09-28,102399,7156426
CAN,2020-09-29,74916,7231342
CAN,2020-09-30,60936,7292278
CAN,2020-10-01,67092,7359370
CAN,2020-10-02,67153,7426523
CAN,2020-10-03,73410,7499933
CAN,2020-10-04,62178,7562111
CAN,2020-10-05,69466,7631577
CAN,2020-10-06,129972,7761549
CAN,2020-10-07,74025,7835574
CAN,2020-10-08,85326,7920900
CAN,2020-10-09,87736,8008636
CAN,2020-10-10,78627,8087263
CAN,2020-10-11,67843,8155106
CAN,2020-10-12,24301,8179407
CAN,2020-10-13,84667,8264074
CAN,2020-10-14,91958,8356032
CAN,2020-10-15,50075,8406107
CAN,2020-10-16,88631,8494738
CAN,2020-10-17,67055,8561793
CAN,2020-10-18,54435,8616228
CAN,2020-10-19,72369,8688597
CAN,2020-10-20,59988,8748585
CAN,2020-10-21,60847,8809432
CAN,2020-10-22,69082,8878514
CAN,2020-10-23,72993,8951507
CAN,2020-10-24,60234,9011741
CAN,2020-10-25,51008,9062749
CAN,2020-10-26,47398,9110147
CAN,2020-10-27,80889,9191036
CAN,2020-10-28,55672,9246708
CAN,2020-10-29,63142,9309850
CAN,2020-10-30,62843,9372693
CAN,2020-10-31,65562,9438255
CAN,2020-11-01,46821,9485076
CAN,2020-11-02,48806,9533882
CAN,2020-11-03,65491,9599373
CAN,2020-11-04,37215,9636588
CAN,2020-11-05,63321,9699909
CAN,2020-11-06,63395,9763304
CAN,2020-11-07,57596,9820900
CAN,2020-11-08,50639,9871539
CAN,2020-11-09,50848,9922387
CAN,2020-11-10,58729,9981116
CAN,2020-11-11,52239,10033355
CAN,2020-11-12,61765,10095120
CAN,2020-11-13,69745,10164865
CAN,2020-11-14,64726,10229591
CAN,2020-11-15,54767,10284358
CAN,2020-11-16,54704,10339062
CAN,2020-11-17,60252,10399314
CAN,2020-11-18,54172,10453486
CAN,2020-11-19,152094,10605580
CAN,2020-11-20,77455,10683035
CAN,2020-11-21,76172,10759207
CAN,2020-11-22,58764,10817971
CAN,2020-11-23,59006,10876977
CAN,2020-11-24,86633,10963610
CAN,2020-11-25,63476,11027086
CAN,2020-11-26,69045,11096131
CAN,2020-11-27,102228,11198359
CAN,2020-11-28,82884,11281243
CAN,2020-11-29,67647,11348890
CAN,2020-11-30,63070,11411960
CAN,2020-12-01,97680,11509640
CAN,2020-12-02,79492,11589132
CAN,2020-12-03,86875,11676007
CAN,2020-12-04,86410,11762417
CAN,2020-12-05,79671,11842088
CAN,2020-12-06,71793,11913881
CAN,2020-12-07,91974,12005855
CAN,2020-12-08,78290,12084145
CAN,2020-12-09,78579,12162724
CAN,2020-12-10,91423,12254147
CAN,2020-12-11,121268,12375415
CAN,2020-12-12,126440,12501855
CAN,2020-12-13,113148,12615003
CAN,2020-12-14,115221,12730224
CAN,2020-12-15,114709,12844933
CAN,2020-12-16,108749,12953682
CAN,2020-12-17,121165,13074847
CAN,2020-12-18,128609,13203456
CAN,2020-12-19,124754,13328210
CAN,2020-12-20,121601,13449811
CAN,2020-12-21,113153,13562964
CAN,2020-12-22,104963,13667927
CAN,2020-12-23,128977,13796904
CAN,2020-12-24,39788,13836692
CAN,2020-12-25,39788,13876480
CAN,2020-12-26,39788,13916268
CAN,2020-12-27,135028,14051296
CAN,2020-12-28,224385,14275681
CAN,2020-12-29,126659,14402340
CAN,2020-12-30,104850,14507190
CAN,2020-12-31,39788,14546978
CAN,2021-01-01,39788,14586766
CAN,2021-01-02,255537,14842303
CAN,2021-01-03,90372,14932675
CAN,2021-01-04,119808,15052483
CAN,2021-01-05,98945,15151428
CAN,2021-01-06,102788,15254216
CAN,2021-01-07,126727,15380943
CAN,2021-01-08,129984,15510927
CAN,2021-01-09,129006,15639933
CAN,2021-01-10,113919,15753852
CAN,2021-01-11,101837,15855689
CAN,2021-01-12,107666,15963355
CAN,2021-01-13,107344,16070699
CAN,2021-01-14,129138,16199837
CAN,2021-01-15,133343,16333180
CAN,2021-01-16,99736,16432916
CAN,2021-01-17,80613,16513529
CAN,2021-01-18,65286,16578815
CAN,2021-01-19,67775,16646590
CAN,2021-01-20,82886,16729476
CAN,2021-01-21,102162,16831638
CAN,2021-01-22,101130,16932768
CAN,2021-01-23,2781,16935549
CAN,2021-01-24,51308,16986857
CAN,2021-01-25,35801,17022658
CAN,2021-01-26,34572,17057230
CAN,2021-01-27,77003,17134233
CAN,2021-01-28,92645,17226878
CAN,2021-01-29,79586,17306464
CAN,2021-01-30,63080,17369544
CAN,2021-01-31,50138,17419682
CAN,2020-01-31,0,17419682
CAN,2020-02-01,0,17419682
CAN,2020-02-02,0,17419682
CAN,2020-02-03,0,17419682
CAN,2020-02-04,0,17419682
CAN,2020-02-05,0,17419682
CAN,2020-02-06,0,17419682
CAN,2020-02-07,0,17419682
CAN,2020-02-08,0,17419682
CAN,2020-02-09,0,17419682
CAN,2020-02-10,0,17419682
CAN,2020-02-11,0,17419682
CAN,2020-02-12,0,17419682
CAN,2020-02-13,0,17419682
CAN,2020-02-14,0,17419682
CAN,2020-02-15,0,17419682
CAN,2020-02-16,0,17419682
CAN,2020-02-17,0,17419682
CAN,2020-02-18,0,17419682
CAN,2020-02-19,0,17419682
CAN,2020-02-20,0,17419682
CAN,2020-02-21,0,17419682
CAN,2020-02-22,0,17419682
CAN,2020-02-23,0,17419682
CAN,2020-02-24,0,17419682
CAN,2020-02-25,18,17419700
CAN,2020-02-26,62,17419762
CAN,2020-02-27,77,17419839
CAN,2020-02-28,0,17419839
CAN,2020-02-29,0,17419839
CAN,2020-03-01,125,17419964
CAN,2020-03-02,0,17419964
CAN,2020-03-03,0,17419964
CAN,2020-03-04,0,17419964
CAN,2020-03-05,0,17419964
CAN,2020-03-06,296,17420260
CAN,2020-03-07,372,17420632
CAN,2020-03-08,932,17421564
CAN,2020-03-09,832,17422396
CAN,2020-03-10,0,17422396
CAN,2021-02-01,102060,39112788
CAN,2021-02-02,70324,39183112
CAN,2021-02-03,72422,39255534
CAN,2021-02-04,109852,39365386
CAN,2021-02-05,124909,39490295
CAN,2021-02-06,124016,39614311
CAN,2021-02-07,122198,39736509
CAN,2021-02-08,99304,39835813
CAN,2021-02-09,66348,39902161
CAN,2021-02-10,72486,39974647
CAN,2021-02-11,114132,40088779
CAN,2021-02-12,129621,40218400
CAN,2021-02-13,121554,40339954
CAN,2021-02-14,117756,40457710
CAN,2021-02-15,98615,40556325
CAN,2021-02-16,70447,40626772
CAN,2021-02-17,68521,40695293
CAN,2021-02-18,88279,40783572
CAN,2021-02-19,120726,40904298
CAN,2021-02-20,129338,41033636
CAN,2021-02-21,112310,41145946
CAN,2021-02-22,94745,41240691
CAN,2021-02-23,69679,41310370
CAN,2021-02-24,69040,41379410
CAN,2021-02-25,115846,41495256
CAN,2021-02-26,127724,41622980
CAN,2021-02-27,122987,41745967
CAN,2021-02-28,115600,41861567
CAN,2021-03-01,101453,41963020
CAN,2021-03-02,75664,42038684
CAN,2021-03-03,77132,42115816
CAN,2021-03-04,115024,42230840
CAN,2021-03-05,125823,42356663
CAN,2021-03-06,128656,42485319
CAN,2021-03-07,112774,42598093
CAN,2021-03-08,96855,42694948
CAN,2021-03-09,76059,42771007
CAN,2021-03-10,76578,42847585
CAN,2021-03-11,113863,42961448
CAN,2021-03-12,120366,43081814
CAN,2021-03-13,123598,43205412
CAN,2021-03-14,113550,43318962
CAN,2021-03-15,94826,43413788
CAN,2021-03-16,72540,43486328
CAN,2021-03-17,72677,43559005
CAN,2021-03-18,109185,43668190
CAN,2021-03-19,121065,43789255
CAN,2021-03-20,120344,43909599
CAN,2021-03-21,100779,44010378
CAN,2021-03-22,111555,44121933
CAN,2021-03-23,73918,44195851
CAN,2021-03-24,80180,44276031
CAN,2021-03-25,119182,44395213
CAN,2021-03-26,132838,44528051
CAN,2021-03-27,123165,44651216
CAN,2021-03-28,124221,44775437
CAN,2021-03-29,108493,44883930
CAN,2021-03-30,83928,44967858
CAN,2021-03-31,94212,45062070
CAN,2021-04-01,128335,45190405
CAN,2021-04-02,139412,45329817
CAN,2021-04-03,134665,45464482
CAN,2021-04-04,128624,45593106
CAN,2021-04-05,103282,45696388
CAN,2021-04-06,85363,45781751
CAN,2021-04-07,90246,45871997
CAN,2021-04-08,123638,45995635
CAN,2021-04-09,147257,46142892
CAN,2021-04-10,150904,46293796
CAN,2021-04-11,141637,46435433
CAN,2021-04-12,129708,46565141
CAN,2021-04-13,110265,46675406
CAN,2021-04-14,106751,46782157
CAN,2021-04-15,133832,46915989
CAN,2021-04-16,160320,47076309
CAN,2021-04-17,151379,47227688
CAN,2021-04-18,140001,47367689
CAN,2021-04-19,123321,47491010
CAN,2021-04-20,102172,47593182
CAN,2021-04-21,105804,47698986
CAN,2021-04-22,137021,47836007
CAN,2021-04-23,140849,47976856
CAN,2021-04-24,145991,48122847
CAN,2021-04-25,135441,48258288
CAN,2021-04-26,119641,48377929
CAN,2021-04-27,104008,48481937
CAN,2021-04-28,108834,48590771
CAN,2021-04-29,151954,48742725
CAN,2021-04-30,154117,48896842
CAN,2021-05-01,150510,49047352
CAN,2021-05-02,126896,49174248
CAN,2021-05-03,141190,49315438
CAN,2021-05-04,111601,49427039
CAN,2021-05-05,118179,49545218
CAN,2021-05-06,138592,49683810
CAN,2021-05-07,142659,49826469
CAN,2021-05-08,140834,49967303
CAN,2021-05-09,107001,50074304
CAN,2021-05-10,90029,50164333
CAN,2021-05-11,120569,50284902
CAN,2021-05-12,133776,50418678
CAN,2021-05-13,129090,50547768
CAN,2021-05-14,130406,50678174
CAN,2021-05-15,123074,50801248
CAN,2021-05-16,98467,50899715
CAN,2021-05-17,110108,51009823
CAN,2021-05-18,76001,51085824
CAN,2021-05-19,85837,51171661
CAN,2021-05-20,109518,51281179
CAN,2021-05-21,115414,51396593
CAN,2021-05-22,104070,51500663
CAN,2021-05-23,73772,51574435
CAN,2021-05-24,61928,51636363
CAN,2021-05-25,96538,51732901
CAN,2021-05-26,56992,51789893
CAN,2021-05-27,77218,51867111
CAN,2021-05-28,100596,51967707
CAN,2021-05-29,100197,52067904
CAN,2021-05-30,66999,52134903
CAN,2021-05-31,72716,52207619
CAN,2021-06-01,72790,52280409
CAN,2021-06-02,65068,52345477
CAN,2021-06-03,89777,52435254
CAN,2021-06-04,86977,52522231
CAN,2021-06-05,58250,52580481
CAN,2021-06-06,8248,52588729
CAN,2021-06-07,146126,52734855
CAN,2021-06-08,47048,52781903
CAN,2021-06-09,58620,52840523
CAN,2021-06-10,81056,52921579
CAN,2021-06-11,77887,52999466
CAN,2021-06-12,57349,53056815
CAN,2021-06-13,8252,53065067
CAN,2021-06-14,137945,53203012
CAN,2021-06-15,45284,53248296
CAN,2021-06-16,59171,53307467
CAN,2021-06-17,84632,53392099
CAN,2021-06-18,78156,53470255
CAN,2021-06-19,52142,53522397
CAN,2021-06-20,6451,53528848
CAN,2021-06-21,132344,53661192
CAN,2021-06-22,43848,53705040
CAN,2021-06-23,57255,53762295
CAN,2021-06-24,70980,53833275
CAN,2021-06-25,68938,53902213
CAN,2021-06-26,42381,53944594
CAN,2021-06-27,6086,53950680
CAN,2021-06-28,110856,54061536
CPV,2020-05-08,127,127
CPV,2020-05-09,117,244
CPV,2020-05-10,72,316
CPV,2020-05-11,0,316
CPV,2020-05-12,88,404
CPV,2020-05-13,0,404
CPV,2020-05-14,81,485
CPV,2020-05-15,101,586
CPV,2020-05-16,0,586
CPV,2020-05-17,0,586
CPV,2020-05-18,103,689
CPV,2020-05-19,184,873
CPV,2020-05-20,152,1025
CPV,2020-05-21,117,1142
CPV,2020-05-22,85,1227
CPV,2020-05-23,0,1227
CPV,2020-05-24,50,1277
CPV,2020-05-25,0,1277
CPV,2020-05-26,0,1277
CPV,2020-05-27,0,1277
CPV,2020-05-28,231,1508
CPV,2020-05-29,0,1508
CPV,2020-05-30,117,1625
CPV,2020-05-31,124,1749
CPV,2020-06-01,140,1889
CPV,2020-06-02,73,1962
CPV,2020-06-03,122,2084
CPV,2020-06-04,152,2236
CPV,2020-06-05,216,2452
CPV,2020-06-06,133,2585
CPV,2020-06-07,141,2726
CPV,2020-06-08,162,2888
CPV,2020-06-09,162,3050
CPV,2020-06-10,246,3296
CPV,2020-06-11,321,3617
CPV,2020-06-12,254,3871
CPV,2020-06-13,179,4050
CPV,2020-06-14,151,4201
CPV,2020-06-15,253,4454
CPV,2020-06-16,206,4660
CPV,2020-06-17,242,4902
CPV,2020-06-18,172,5074
CPV,2020-06-19,202,5276
CPV,2020-06-20,0,5276
CPV,2020-06-21,320,5596
CPV,2020-06-22,253,5849
CPV,2020-06-23,269,6118
CPV,2020-06-24,199,6317
CPV,2020-06-25,185,6502
CPV,2020-06-26,286,6788
CPV,2020-06-27,398,7186
CPV,2020-06-28,0,7186
CPV,2020-06-29,340,7526
CPV,2020-06-30,256,7782
CPV,2020-07-01,257,8039
CPV,2020-07-02,318,8357
CPV,2020-07-03,324,8681
CPV,2020-07-04,281,8962
CPV,2020-07-05,0,8962
CPV,2020-07-06,254,9216
CPV,2020-07-07,245,9461
CPV,2020-07-08,172,9633
CPV,2020-07-09,201,9834
CPV,2020-07-10,294,10128
CPV,2020-07-11,635,10763
CPV,2020-07-12,355,11118
CPV,2020-07-13,616,11734
CPV,2020-07-14,701,12435
CPV,2020-07-15,543,12978
CPV,2020-07-16,315,13293
CPV,2020-07-17,699,13992
CPV,2020-07-18,395,14387
CPV,2020-07-19,208,14595
CPV,2020-07-20,372,14967
CPV,2020-07-21,381,15348
CPV,2020-07-22,301,15649
CPV,2020-07-23,359,16008
CPV,2020-07-24,336,16344
CPV,2020-07-25,328,16672
CPV,2020-07-26,186,16858
CPV,2020-07-27,298,17156
CPV,2020-07-28,361,17517
CPV,2020-07-29,263,17780
CPV,2020-07-30,265,18045
CPV,2020-07-31,416,18461
CPV,2020-08-01,469,18930
CPV,2020-08-02,220,19150
CPV,2020-08-03,430,19580
CPV,2020-08-04,298,19878
CPV,2020-08-05,336,20214
CPV,2020-08-06,311,20525
CPV,2020-08-07,519,21044
CPV,2020-08-08,216,21260
CPV,2020-08-09,167,21427
CPV,2020-08-10,0,21427
CPV,2020-08-11,322,21749
CPV,2020-08-12,437,22186
CPV,2020-08-13,341,22527
CPV,2020-08-14,324,22851
CPV,2020-08-15,310,23161
CPV,2020-08-16,120,23281
CPV,2020-08-17,308,23589
CPV,2020-08-18,408,23997
CPV,2020-08-19,396,24393
CPV,2020-08-20,351,24744
CPV,2020-08-21,363,25107
CPV,2020-08-22,277,25384
CPV,2020-08-23,71,25455
CPV,2020-08-24,311,25766
CPV,2020-08-25,340,26106
CPV,2020-08-26,382,26488
CPV,2020-08-27,396,26884
CPV,2020-08-28,395,27279
CPV,2020-08-29,524,27803
CPV,2020-08-30,131,27934
CPV,2020-08-31,385,28319
CPV,2020-09-01,376,28695
CPV,2020-09-02,398,29093
CPV,2020-09-03,521,29614
CPV,2020-09-04,515,30129
CPV,2020-09-05,524,30653
CPV,2020-09-06,124,30777
CPV,2020-09-07,365,31142
CPV,2020-09-08,405,31547
CPV,2020-09-09,510,32057
CPV,2020-09-10,455,32512
CPV,2020-09-11,665,33177
CPV,2020-09-12,481,33658
CPV,2020-09-13,224,33882
CPV,2020-09-14,300,34182
CPV,2020-09-15,492,34674
CPV,2020-09-16,543,35217
CPV,2020-09-17,398,35615
CPV,2020-09-18,469,36084
CPV,2020-09-19,474,36558
CPV,2020-09-20,189,36747
CPV,2020-09-21,300,37047
CPV,2020-09-22,506,37553
CPV,2020-09-23,514,38067
CPV,2020-09-24,447,38514
CPV,2020-09-25,511,39025
CPV,2020-09-26,475,39500
CPV,2020-09-27,208,39708
CPV,2020-09-28,370,40078
CPV,2020-09-29,545,40623
CPV,2020-09-30,606,41229
CPV,2020-10-01,555,41784
CPV,2020-10-02,457,42241
CPV,2020-10-03,566,42807
CPV,2020-10-04,181,42988
CPV,2020-10-05,470,43458
CPV,2020-10-06,533,43991
CPV,2020-10-07,493,44484
CPV,2020-10-08,530,45014
CPV,2020-10-09,525,45539
CPV,2020-10-10,648,46187
CPV,2020-10-11,310,46497
CPV,2020-10-12,479,46976
CPV,2020-10-13,561,47537
CPV,2020-10-14,404,47941
CPV,2020-10-15,660,48601
CPV,2020-10-16,583,49184
CPV,2020-10-17,561,49745
CPV,2020-10-18,332,50077
CPV,2020-10-19,543,50620
CPV,2020-10-20,578,51198
CPV,2020-10-21,652,51850
CPV,2020-10-22,526,52376
CPV,2020-10-23,775,53151
CPV,2020-10-24,539,53690
CPV,2020-10-25,290,53980
CPV,2020-10-26,332,54312
CPV,2020-10-27,479,54791
CPV,2020-10-28,527,55318
CPV,2020-10-29,677,55995
CPV,2020-10-30,584,56579
CPV,2020-10-31,390,56969
CPV,2020-11-01,288,57257
CPV,2020-11-02,421,57678
CPV,2020-11-03,490,58168
CPV,2020-11-04,491,58659
CPV,2020-11-05,727,59386
CPV,2020-11-06,524,59910
CPV,2020-11-07,510,60420
CPV,2020-11-08,283,60703
CPV,2020-11-09,471,61174
CPV,2020-11-10,417,61591
CPV,2020-11-11,681,62272
CPV,2020-11-12,491,62763
CPV,2020-11-13,402,63165
CPV,2020-11-14,528,63693
CPV,2020-11-15,177,63870
CPV,2020-11-16,591,64461
CPV,2020-11-17,390,64851
CPV,2020-11-18,321,65172
CPV,2020-11-19,501,65673
CPV,2020-11-20,460,66133
CPV,2020-11-21,234,66367
CPV,2020-11-22,255,66622
CPV,2020-11-23,532,67154
CPV,2020-11-24,481,67635
CPV,2020-11-25,355,67990
CPV,2020-11-26,358,68348
CPV,2020-11-27,423,68771
CPV,2020-11-28,365,69136
CPV,2020-11-29,119,69255
CPV,2020-11-30,406,69661
CPV,2020-12-01,498,70159
CPV,2020-12-02,416,70575
CPV,2020-12-03,543,71118
CPV,2020-12-04,436,71554
CPV,2020-12-05,228,71782
CPV,2020-12-06,142,71924
CPV,2020-12-07,279,72203
CPV,2020-12-08,460,72663
CPV,2020-12-09,332,72995
CPV,2020-12-10,391,73386
CPV,2020-12-11,0,73386
CPV,2020-12-12,0,73386
CPV,2020-12-13,87,73473
CPV,2020-12-14,0,73473
CPV,2020-12-15,364,73837
CPV,2020-12-16,0,73837
CPV,2020-12-17,0,73837
CPV,2020-12-18,0,73837
CPV,2020-12-19,203,74040
CPV,2020-12-20,123,74163
CPV,2020-12-21,413,74576
CPV,2020-12-22,0,74576
CPV,2020-12-23,0,74576
CPV,2020-12-24,0,74576
CPV,2020-12-25,0,74576
CPV,2020-12-26,283,74859
CPV,2020-12-27,200,75059
CPV,2020-12-28,443,75502
CPV,2020-12-29,479,75981
CPV,2020-12-30,0,75981
CPV,2020-12-31,0,75981
CPV,2021-01-01,228,76209
CPV,2021-01-02,228,76437
CPV,2021-01-03,509,76946
CPV,2021-01-04,748,77694
CPV,2021-01-05,706,78400
CPV,2021-01-06,980,79380
CPV,2021-01-07,0,79380
CPV,2021-01-08,0,79380
CPV,2021-01-09,489,79869
CPV,2021-01-10,318,80187
CPV,2021-01-11,0,80187
CPV,2021-01-12,705,80892
CPV,2021-01-13,776,81668
CPV,2021-01-14,0,81668
CPV,2021-01-15,0,81668
CPV,2021-01-16,729,82397
CPV,2021-01-17,0,82397
CPV,2021-01-18,0,82397
CPV,2021-01-19,807,83204
CPV,2021-01-20,901,84105
CPV,2021-01-21,0,84105
CPV,2021-01-22,0,84105
CPV,2021-01-23,655,84760
CPV,2021-01-24,751,85511
CPV,2021-01-25,782,86293
CPV,2021-01-26,702,86995
CPV,2021-01-27,870,87865
CPV,2021-01-28,0,87865
CPV,2021-01-29,0,87865
CPV,2021-01-30,586,88451
CPV,2021-01-31,391,88842
CPV,2021-02-01,472,89314
CPV,2021-02-02,0,89314
CPV,2021-02-03,821,90135
CPV,2021-02-04,0,90135
CPV,2021-02-05,0,90135
CPV,2021-02-06,505,90640
CPV,2021-02-07,0,90640
CPV,2021-02-08,0,90640
CPV,2021-02-09,704,91344
CPV,2021-02-10,950,92294
CPV,2021-02-11,0,92294
CPV,2021-02-12,0,92294
CPV,2021-02-13,588,92882
CPV,2021-02-14,365,93247
CPV,2021-02-15,555,93802
CPV,2021-02-16,562,94364
CPV,2021-02-17,623,94987
CPV,2021-02-18,0,94987
CPV,2021-02-19,0,94987
CPV,2021-02-20,615,95602
CPV,2021-02-21,352,95954
CPV,2021-02-22,692,96646
CPV,2021-02-23,814,97460
CPV,2021-02-24,885,98345
CPV,2021-02-25,0,98345
CPV,2021-02-26,0,98345
CPV,2021-02-27,461,98806
CPV,2021-02-28,312,99118
CPV,2021-03-01,696,99814
CPV,2021-03-02,0,99814
CPV,2021-03-03,953,100767
CPV,2021-03-04,0,100767
CPV,2021-03-05,0,100767
CPV,2021-03-06,497,101264
CPV,2021-03-07,0,101264
CPV,2021-03-08,0,101264
CPV,2021-03-09,0,101264
CPV,2021-03-10,777,102041
CPV,2021-03-11,0,102041
CPV,2021-03-12,0,102041
CPV,2021-03-13,477,102518
CPV,2021-03-14,0,102518
CPV,2021-03-15,0,102518
CPV,2021-03-16,0,102518
CPV,2021-03-17,745,103263
CPV,2021-03-18,0,103263
CPV,2021-03-19,0,103263
CPV,2021-03-20,576,103839
CPV,2021-03-21,0,103839
CPV,2021-03-22,447,104286
CPV,2021-03-23,605,104891
CPV,2021-03-24,907,105798
CPV,2021-03-25,0,105798
CPV,2021-03-26,0,105798
CPV,2021-03-27,835,106633
CPV,2021-03-28,411,107044
CPV,2021-03-29,656,107700
CPV,2021-03-30,959,108659
CPV,2021-03-31,0,108659
CPV,2021-04-01,0,108659
CPV,2021-04-02,0,108659
CPV,2021-04-03,576,109235
CPV,2021-04-04,0,109235
CPV,2021-04-05,0,109235
CPV,2021-04-06,970,110205
CPV,2021-04-07,1393,111598
CPV,2021-04-08,0,111598
CPV,2021-04-09,0,111598
CPV,2021-04-10,871,112469
CPV,2021-04-11,752,113221
CPV,2021-04-12,835,114056
CPV,2021-04-13,1242,115298
CPV,2021-04-14,0,115298
CPV,2021-04-15,0,115298
CPV,2021-04-16,0,115298
CPV,2021-04-17,956,116254
CPV,2021-04-18,940,117194
CPV,2021-04-19,958,118152
CPV,2021-04-20,1619,119771
CPV,2021-04-21,1854,121625
CPV,2021-04-22,0,121625
CPV,2021-04-23,0,121625
CPV,2021-04-24,1036,122661
CPV,2021-04-25,1159,123820
CPV,2021-04-26,1204,125024
CPV,2021-04-27,0,125024
CPV,2021-04-28,0,125024
CPV,2021-04-29,0,125024
CPV,2021-04-30,0,125024
CPV,2021-05-01,1157,126181
CPV,2021-05-02,0,126181
CPV,2021-05-03,1153,127334
CPV,2021-05-04,1707,129041
CPV,2021-05-05,2410,131451
CPV,2021-05-06,0,131451
CPV,2021-05-07,0,131451
CPV,2021-05-08,1447,132898
CPV,2021-05-09,1044,133942
CPV,2021-05-10,1119,135061
CPV,2021-05-11,1876,136937
CPV,2021-05-12,2220,139157
CPV,2021-05-13,0,139157
CPV,2021-05-14,0,139157
CPV,2021-05-15,0,139157
CPV,2021-05-16,1022,140179
CPV,2021-05-17,0,140179
CPV,2021-05-18,1492,141671
CPV,2021-05-19,1470,143141
CPV,2021-05-20,0,143141
CPV,2021-05-21,0,143141
CPV,2021-05-22,889,144030
CPV,2021-05-23,664,144694
CPV,2021-05-24,1055,145749
CPV,2021-05-25,1202,146951
CPV,2021-05-26,1321,148272
CPV,2021-05-27,0,148272
CPV,2021-05-28,0,148272
CPV,2021-05-29,778,149050
CPV,2021-05-30,0,149050
CPV,2021-05-31,705,149755
CPV,2021-06-01,974,150729
CPV,2021-06-02,974,151703
CPV,2021-06-03,0,151703
CPV,2021-06-04,0,151703
CPV,2021-06-05,639,152342
CPV,2021-06-06,639,152981
CPV,2021-06-07,829,153810
CPV,2021-06-08,994,154804
CPV,2021-06-09,1083,155887
CPV,2021-06-10,0,155887
CPV,2021-06-11,0,155887
CPV,2021-06-12,741,156628
CPV,2021-06-13,491,157119
CPV,2021-06-14,808,157927
CPV,2021-06-15,791,158718
CPV,2021-06-16,0,158718
CPV,2021-06-17,0,158718
CPV,2021-06-18,0,158718
CPV,2021-06-19,475,159193
CPV,2021-06-20,580,159773
CPV,2021-06-21,810,160583
CPV,2021-06-22,944,161527
CPV,2021-06-23,820,162347
CPV,2021-06-24,0,162347
CPV,2021-06-25,0,162347
CPV,2021-06-26,613,162960
CPV,2021-06-27,698,163658
CHL,2020-04-09,0,0
CHL,2020-04-10,4444,4444
CHL,2020-04-11,3577,8021
CHL,2020-04-12,5897,13918
CHL,2020-04-13,2764,16682
CHL,2020-04-14,2759,19441
CHL,2020-04-15,4079,23520
CHL,2020-04-16,6551,30071
CHL,2020-04-17,5449,35520
CHL,2020-04-18,5018,40538
CHL,2020-04-19,4758,45296
CHL,2020-04-20,5178,50474
CHL,2020-04-21,3530,54004
CHL,2020-04-22,6365,60369
CHL,2020-04-23,6425,66794
CHL,2020-04-24,7120,73914
CHL,2020-04-25,6945,80859
CHL,2020-04-26,6763,87622
CHL,2020-04-27,5260,92882
CHL,2020-04-28,4930,97812
CHL,2020-04-29,6454,104266
CHL,2020-04-30,7898,112164
CHL,2020-05-01,8916,121080
CHL,2020-05-02,9967,131047
CHL,2020-05-03,6818,137865
CHL,2020-05-04,7913,145778
CHL,2020-05-05,7964,153742
CHL,2020-05-06,10013,163755
CHL,2020-05-07,12118,175873
CHL,2020-05-08,11735,187608
CHL,2020-05-09,11943,199551
CHL,2020-05-10,12780,212331
CHL,2020-05-11,13373,225704
CHL,2020-05-12,9283,234987
CHL,2020-05-13,10410,245397
CHL,2020-05-14,11667,257064
CHL,2020-05-15,16095,273159
CHL,2020-05-16,8813,281972
CHL,2020-05-17,13171,295143
CHL,2020-05-18,17515,312658
CHL,2020-05-19,16189,328847
CHL,2020-05-20,12469,341316
CHL,2020-05-21,16334,357650
CHL,2020-05-22,16090,373740
CHL,2020-05-23,15239,388979
CHL,2020-05-24,14426,403405
CHL,2020-05-25,16283,419688
CHL,2020-05-26,13084,432772
CHL,2020-05-27,13398,446170
CHL,2020-05-28,15650,461820
CHL,2020-05-29,16333,478153
CHL,2020-05-30,16814,494967
CHL,2020-05-31,19120,514087
CHL,2020-06-01,16890,530977
CHL,2020-06-02,13442,544419
CHL,2020-06-03,15546,559965
CHL,2020-06-04,18140,578105
CHL,2020-06-05,22098,600203
CHL,2020-06-06,18954,619157
CHL,2020-06-07,21263,640420
CHL,2020-06-08,20042,660462
CHL,2020-06-09,17777,678239
CHL,2020-06-10,14475,692714
CHL,2020-06-11,19976,712690
CHL,2020-06-12,18733,731423
CHL,2020-06-13,20223,751646
CHL,2020-06-14,20151,771797
CHL,2020-06-15,18808,790605
CHL,2020-06-16,14575,805180
CHL,2020-06-17,12636,817816
CHL,2020-06-18,16997,834813
CHL,2020-06-19,20347,855160
CHL,2020-06-20,20080,875240
CHL,2020-06-21,20115,895355
CHL,2020-06-22,18645,914000
CHL,2020-06-23,12707,926707
CHL,2020-06-24,12575,939282
CHL,2020-06-25,17446,956728
CHL,2020-06-26,18249,974977
CHL,2020-06-27,17944,992921
CHL,2020-06-28,18370,1011291
CHL,2020-06-29,16799,1028090
CHL,2020-06-30,13349,1041439
CHL,2020-07-01,10385,1051824
CHL,2020-07-02,10831,1062655
CHL,2020-07-03,15585,1078240
CHL,2020-07-04,17287,1095527
CHL,2020-07-05,18004,1113531
CHL,2020-07-06,16377,1129908
CHL,2020-07-07,12065,1141973
CHL,2020-07-08,10464,1152437
CHL,2020-07-09,16842,1169279
CHL,2020-07-10,17727,1187006
CHL,2020-07-11,18268,1205274
CHL,2020-07-12,19171,1224445
CHL,2020-07-13,17467,1241912
CHL,2020-07-14,12238,1254150
CHL,2020-07-15,12209,1266359
CHL,2020-07-16,17192,1283551
CHL,2020-07-17,18699,1302250
CHL,2020-07-18,17716,1319966
CHL,2020-07-19,15728,1335694
CHL,2020-07-20,16343,1352037
CHL,2020-07-21,12590,1364627
CHL,2020-07-22,12793,1377420
CHL,2020-07-23,18867,1396287
CHL,2020-07-24,21071,1417358
CHL,2020-07-25,19133,1436491
CHL,2020-07-26,19709,1456200
CHL,2020-07-27,21544,1477744
CHL,2020-07-28,17596,1495340
CHL,2020-07-29,17130,1512470
CHL,2020-07-30,20295,1532765
CHL,2020-07-31,22874,1555639
CHL,2020-08-01,24398,1580037
CHL,2020-08-02,24899,1604936
CHL,2020-08-03,24269,1629205
CHL,2020-08-04,18857,1648062
CHL,2020-08-05,21398,1669460
CHL,2020-08-06,22802,1692262
CHL,2020-08-07,25243,1717505
CHL,2020-08-08,27037,1744542
CHL,2020-08-09,28460,1773002
CHL,2020-08-10,26012,1799014
CHL,2020-08-11,22249,1821263
CHL,2020-08-12,19348,1840611
CHL,2020-08-13,23628,1864239
CHL,2020-08-14,27618,1891857
CHL,2020-08-15,28499,1920356
CHL,2020-08-16,30882,1951238
CHL,2020-08-17,25289,1976527
CHL,2020-08-18,23199,1999726
CHL,2020-08-19,19275,2019001
CHL,2020-08-20,26278,2045279
CHL,2020-08-21,28669,2073948
CHL,2020-08-22,29727,2103675
CHL,2020-08-23,31981,2135656
CHL,2020-08-24,27454,2163110
CHL,2020-08-25,24503,2187613
CHL,2020-08-26,20257,2207870
CHL,2020-08-27,27019,2234889
CHL,2020-08-28,30274,2265163
CHL,2020-08-29,32237,2297400
CHL,2020-08-30,34769,2332169
CHL,2020-08-31,31914,2364083
CHL,2020-09-01,26326,2390409
CHL,2020-09-02,22746,2413155
CHL,2020-09-03,27242,2440397
CHL,2020-09-04,31968,2472365
CHL,2020-09-05,34595,2506960
CHL,2020-09-06,35289,2542249
CHL,2020-09-07,30987,2573236
CHL,2020-09-08,27980,2601216
CHL,2020-09-09,21805,2623021
CHL,2020-09-10,28313,2651334
CHL,2020-09-11,34082,2685416
CHL,2020-09-12,38062,2723478
CHL,2020-09-13,36298,2759776
CHL,2020-09-14,32577,2792353
CHL,2020-09-15,27197,2819550
CHL,2020-09-16,23102,2842652
CHL,2020-09-17,31646,2874298
CHL,2020-09-18,33240,2907538
CHL,2020-09-19,34822,2942360
CHL,2020-09-20,27620,2969980
CHL,2020-09-21,16822,2986802
CHL,2020-09-22,13389,3000191
CHL,2020-09-23,15573,3015764
CHL,2020-09-24,29078,3044842
CHL,2020-09-25,37653,3082495
CHL,2020-09-26,38161,3120656
CHL,2020-09-27,39405,3160061
CHL,2020-09-28,37473,3197534
CHL,2020-09-29,28919,3226453
CHL,2020-09-30,27509,3253962
CHL,2020-10-01,33533,3287495
CHL,2020-10-02,38674,3326169
CHL,2020-10-03,35698,3361867
CHL,2020-10-04,36333,3398200
CHL,2020-10-05,36198,3434398
CHL,2020-10-06,26316,3460714
CHL,2020-10-07,19706,3480420
CHL,2020-10-08,32954,3513374
CHL,2020-10-09,36292,3549666
CHL,2020-10-10,36022,3585688
CHL,2020-10-11,39211,3624899
CHL,2020-10-12,35907,3660806
CHL,2020-10-13,25603,3686409
CHL,2020-10-14,17351,3703760
CHL,2020-10-15,18005,3721765
CHL,2020-10-16,31088,3752853
CHL,2020-10-17,36614,3789467
CHL,2020-10-18,37121,3826588
CHL,2020-10-19,34671,3861259
CHL,2020-10-20,25731,3886990
CHL,2020-10-21,18846,3905836
CHL,2020-10-22,31734,3937570
CHL,2020-10-23,37359,3974929
CHL,2020-10-24,37796,4012725
CHL,2020-10-25,38473,4051198
CHL,2020-10-26,37832,4089030
CHL,2020-10-27,20012,4109042
CHL,2020-10-28,21822,4130864
CHL,2020-10-29,33406,4164270
CHL,2020-10-30,36880,4201150
CHL,2020-10-31,39258,4240408
CHL,2020-11-01,41152,4281560
CHL,2020-11-02,36260,4317820
CHL,2020-11-03,23654,4341474
CHL,2020-11-04,18031,4359505
CHL,2020-11-05,34228,4393733
CHL,2020-11-06,40493,4434226
CHL,2020-11-07,39290,4473516
CHL,2020-11-08,42071,4515587
CHL,2020-11-09,37331,4552918
CHL,2020-11-10,23931,4576849
CHL,2020-11-11,22148,4598997
CHL,2020-11-12,35708,4634705
CHL,2020-11-13,38283,4672988
CHL,2020-11-14,40522,4713510
CHL,2020-11-15,40814,4754324
CHL,2020-11-16,37329,4791653
CHL,2020-11-17,22703,4814356
CHL,2020-11-18,20225,4834581
CHL,2020-11-19,35314,4869895
CHL,2020-11-20,39230,4909125
CHL,2020-11-21,39586,4948711
CHL,2020-11-22,40034,4988745
CHL,2020-11-23,38378,5027123
CHL,2020-11-24,22760,5049883
CHL,2020-11-25,20380,5070263
CHL,2020-11-26,36179,5106442
CHL,2020-11-27,38926,5145368
CHL,2020-11-28,39462,5184830
CHL,2020-11-29,42774,5227604
CHL,2020-11-30,37496,5265100
CHL,2020-12-01,23680,5288780
CHL,2020-12-02,21600,5310380
CHL,2020-12-03,36062,5346442
CHL,2020-12-04,40641,5387083
CHL,2020-12-05,40161,5427244
CHL,2020-12-06,42177,5469421
CHL,2020-12-07,38743,5508164
CHL,2020-12-08,28185,5536349
CHL,2020-12-09,22192,5558541
CHL,2020-12-10,32509,5591050
CHL,2020-12-11,27543,5618593
CHL,2020-12-12,40359,5658952
CHL,2020-12-13,48000,5706952
CHL,2020-12-14,46876,5753828
CHL,2020-12-15,29482,5783310
CHL,2020-12-16,25899,5809209
CHL,2020-12-17,40061,5849270
CHL,2020-12-18,47534,5896804
CHL,2020-12-19,46726,5943530
CHL,2020-12-20,50285,5993815
CHL,2020-12-21,45693,6039508
CHL,2020-12-22,29905,6069413
CHL,2020-12-23,31234,6100647
CHL,2020-12-24,44304,6144951
CHL,2020-12-25,48011,6192962
CHL,2020-12-26,48273,6241235
CHL,2020-12-27,27297,6268532
CHL,2020-12-28,23491,6292023
CHL,2020-12-29,22390,6314413
CHL,2020-12-30,26092,6340505
CHL,2020-12-31,42570,6383075
CHL,2021-01-01,50583,6433658
CHL,2021-01-02,46178,6479836
CHL,2021-01-03,29784,6509620
CHL,2021-01-04,25497,6535117
CHL,2021-01-05,25817,6560934
CHL,2021-01-06,32036,6592970
CHL,2021-01-07,47718,6640688
CHL,2021-01-08,54041,6694729
CHL,2021-01-09,58116,6752845
CHL,2021-01-10,59726,6812571
CHL,2021-01-11,57438,6870009
CHL,2021-01-12,42722,6912731
CHL,2021-01-13,41460,6954191
CHL,2021-01-14,54116,7008307
CHL,2021-01-15,58977,7067284
CHL,2021-01-16,65199,7132483
CHL,2021-01-17,68458,7200941
CHL,2021-01-18,55673,7256614
CHL,2021-01-19,42013,7298627
CHL,2021-01-20,41504,7340131
CHL,2021-01-21,56928,7397059
CHL,2021-01-22,62516,7459575
CHL,2021-01-23,58428,7518003
CHL,2021-01-24,65500,7583503
CHL,2021-01-25,55229,7638732
CHL,2021-01-26,42995,7681727
CHL,2021-01-27,39555,7721282
CHL,2021-01-28,53790,7775072
CHL,2021-01-29,61941,7837013
CHL,2021-01-30,63308,7900321
CHL,2021-01-31,60434,7960755
CHL,2021-02-01,58709,8019464
CHL,2021-02-02,45388,8064852
CHL,2021-02-03,32488,8097340
CHL,2021-02-04,52040,8149380
CHL,2021-02-05,56151,8205531
CHL,2021-02-06,59950,8265481
CHL,2021-02-07,54943,8320424
CHL,2021-02-08,50505,8370929
CHL,2021-02-09,39024,8409953
CHL,2021-02-10,28742,8438695
CHL,2021-02-11,52742,8491437
CHL,2021-02-12,55262,8546699
CHL,2021-02-13,54720,8601419
CHL,2021-02-14,54923,8656342
CHL,2021-02-15,50614,8706956
CHL,2021-02-16,34193,8741149
CHL,2021-02-17,24914,8766063
CHL,2021-02-18,51196,8817259
CHL,2021-02-19,49684,8866943
CHL,2021-02-20,51953,8918896
CHL,2021-02-21,50028,8968924
CHL,2021-02-22,54650,9023574
CHL,2021-02-23,31486,9055060
CHL,2021-02-24,28884,9083944
CHL,2021-02-25,51026,9134970
CHL,2021-02-26,54910,9189880
CHL,2021-02-27,55300,9245180
CHL,2021-02-28,53311,9298491
CHL,2021-03-01,56754,9355245
CHL,2021-03-02,31617,9386862
CHL,2021-03-03,27151,9414013
CHL,2021-03-04,55677,9469690
CHL,2021-03-05,60720,9530410
CHL,2021-03-06,59191,9589601
CHL,2021-03-07,63583,9653184
CHL,2021-03-08,62007,9715191
CHL,2021-03-09,35615,9750806
CHL,2021-03-10,35006,9785812
CHL,2021-03-11,62746,9848558
CHL,2021-03-12,65686,9914244
CHL,2021-03-13,69517,9983761
CHL,2021-03-14,68151,10051912
CHL,2021-03-15,68968,10120880
CHL,2021-03-16,46380,10167260
CHL,2021-03-17,37465,10204725
CHL,2021-03-18,70195,10274920
CHL,2021-03-19,73129,10348049
CHL,2021-03-20,76275,10424324
CHL,2021-03-21,76335,10500659
CHL,2021-03-22,75880,10576539
CHL,2021-03-23,54615,10631154
CHL,2021-03-24,39770,10670924
CHL,2021-03-25,70922,10741846
CHL,2021-03-26,77308,10819154
CHL,2021-03-27,79262,10898416
CHL,2021-03-28,78444,10976860
CHL,2021-03-29,75958,11052818
CHL,2021-03-30,46387,11099205
CHL,2021-03-31,41827,11141032
CHL,2021-04-01,69121,11210153
CHL,2021-04-02,73543,11283696
CHL,2021-04-03,70458,11354154
CHL,2021-04-04,69095,11423249
CHL,2021-04-05,45821,11469070
CHL,2021-04-06,35604,11504674
CHL,2021-04-07,30671,11535345
CHL,2021-04-08,70204,11605549
CHL,2021-04-09,77899,11683448
CHL,2021-04-10,73833,11757281
CHL,2021-04-11,72297,11829578
CHL,2021-04-12,73293,11902871
CHL,2021-04-13,49904,11952775
CHL,2021-04-14,36705,11989480
CHL,2021-04-15,70821,12060301
CHL,2021-04-16,77375,12137676
CHL,2021-04-17,72806,12210482
CHL,2021-04-18,74989,12285471
CHL,2021-04-19,72839,12358310
CHL,2021-04-20,45505,12403815
CHL,2021-04-21,36128,12439943
CHL,2021-04-22,66267,12506210
CHL,2021-04-23,69461,12575671
CHL,2021-04-24,65303,12640974
CHL,2021-04-25,67932,12708906
CHL,2021-04-26,69029,12777935
CHL,2021-04-27,38690,12816625
CHL,2021-04-28,31603,12848228
CHL,2021-04-29,63239,12911467
CHL,2021-04-30,71802,12983269
CHL,2021-05-01,64363,13047632
CHL,2021-05-02,66725,13114357
CHL,2021-05-03,60737,13175094
CHL,2021-05-04,29850,13204944
CHL,2021-05-05,30531,13235475
CHL,2021-05-06,62816,13298291
CHL,2021-05-07,65470,13363761
CHL,2021-05-08,62995,13426756
CHL,2021-05-09,62044,13488800
CHL,2021-05-10,66350,13555150
CHL,2021-05-11,37399,13592549
CHL,2021-05-12,28402,13620951
CHL,2021-05-13,60976,13681927
CHL,2021-05-14,65918,13747845
CHL,2021-05-15,65312,13813157
CHL,2021-05-16,65886,13879043
CHL,2021-05-17,66252,13945295
CHL,2021-05-18,30228,13975523
CHL,2021-05-19,32470,14007993
CHL,2021-05-20,68721,14076714
CHL,2021-05-21,68158,14144872
CHL,2021-05-22,70401,14215273
CHL,2021-05-23,65339,14280612
CHL,2021-05-24,43802,14324414
CHL,2021-05-25,33538,14357952
CHL,2021-05-26,32389,14390341
CHL,2021-05-27,70276,14460617
CHL,2021-05-28,72575,14533192
CHL,2021-05-29,74580,14607772
CHL,2021-05-30,77048,14684820
CHL,2021-05-31,71749,14756569
CHL,2021-06-01,43648,14800217
CHL,2021-06-02,39081,14839298
CHL,2021-06-03,73435,14912733
CHL,2021-06-04,72491,14985224
CHL,2021-06-05,77869,15063093
CHL,2021-06-06,77462,15140555
CHL,2021-06-07,75405,15215960
CHL,2021-06-08,49496,15265456
CHL,2021-06-09,38446,15303902
CHL,2021-06-10,71578,15375480
CHL,2021-06-11,76449,15451929
CHL,2021-06-12,73990,15525919
CHL,2021-06-13,80575,15606494
CHL,2021-06-14,69966,15676460
CHL,2021-06-15,46235,15722695
CHL,2021-06-16,34432,15757127
CHL,2021-06-17,75673,15832800
CHL,2021-06-18,74299,15907099
CHL,2021-06-19,70903,15978002
CHL,2021-06-20,67170,16045172
CHL,2021-06-21,72479,16117651
CHL,2021-06-22,38613,16156264
CHL,2021-06-23,24067,16180331
CHL,2021-06-24,35435,16215766
CHL,2021-06-25,68685,16284451
CHL,2021-06-26,67619,16352070
CHL,2021-06-27,67406,16419476
CHL,2021-06-28,66030,16485506
CHN,2020-06-24,0,0
CHN,2020-08-06,0,0
COL,2020-06-02,0,0
COL,2020-06-03,12820,12820
COL,2020-06-04,0,12820
COL,2020-06-05,0,12820
COL,2020-06-06,14296,27116
COL,2020-06-07,10885,38001
COL,2020-06-08,11028,49029
COL,2020-06-09,12430,61459
COL,2020-06-10,11764,73223
COL,2020-06-11,13253,86476
COL,2020-06-12,11988,98464
COL,2020-06-13,11523,109987
COL,2020-06-14,15362,125349
COL,2020-06-15,12500,137849
COL,2020-06-16,12380,150229
COL,2020-06-17,15167,165396
COL,2020-06-18,15361,180757
COL,2020-06-19,17665,198422
COL,2020-06-20,17412,215834
COL,2020-06-21,18405,234239
COL,2020-06-22,15971,250210
COL,2020-06-23,13871,264081
COL,2020-06-24,17361,281442
COL,2020-06-25,18383,299825
COL,2020-06-26,18817,318642
COL,2020-06-27,19122,337764
COL,2020-06-28,17561,355325
COL,2020-06-29,17598,372923
COL,2020-06-30,17208,390131
COL,2020-07-01,18019,408150
COL,2020-07-02,19108,427258
COL,2020-07-03,20518,447776
COL,2020-07-04,20850,468626
COL,2020-07-05,20963,489589
COL,2020-07-06,20366,509955
COL,2020-07-07,21039,530994
COL,2020-07-08,21332,552326
COL,2020-07-09,21272,573598
COL,2020-07-10,23188,596786
COL,2020-07-11,37461,634247
COL,2020-07-12,25081,659328
COL,2020-07-13,25533,684861
COL,2020-07-14,25512,710373
COL,2020-07-15,25684,736057
COL,2020-07-16,25326,761383
COL,2020-07-17,25871,787254
COL,2020-07-18,26345,813599
COL,2020-07-19,24039,837638
COL,2020-07-20,26405,864043
COL,2020-07-21,26975,891018
COL,2020-07-22,28772,919790
COL,2020-07-23,28402,948192
COL,2020-07-24,28430,976622
COL,2020-07-25,29508,1006130
COL,2020-07-26,30004,1036134
COL,2020-07-27,30265,1066399
COL,2020-07-28,31038,1097437
COL,2020-07-29,32056,1129493
COL,2020-07-30,35599,1165092
COL,2020-07-31,36062,1201154
COL,2020-08-01,35503,1236657
COL,2020-08-02,40153,1276810
COL,2020-08-03,37531,1314341
COL,2020-08-04,39170,1353511
COL,2020-08-05,40505,1394016
COL,2020-08-06,42674,1436690
COL,2020-08-07,43502,1480192
COL,2020-08-08,36604,1516796
COL,2020-08-09,34474,1551270
COL,2020-08-10,35386,1586656
COL,2020-08-11,40736,1627392
COL,2020-08-12,49411,1676803
COL,2020-08-13,43905,1720708
COL,2020-08-14,46112,1766820
COL,2020-08-15,42841,1809661
COL,2020-08-16,40512,1850173
COL,2020-08-17,34263,1884436
COL,2020-08-18,39368,1923804
COL,2020-08-19,37933,1961737
COL,2020-08-20,37492,1999229
COL,2020-08-21,34713,2033942
COL,2020-08-22,40620,2074562
COL,2020-08-23,23879,2098441
COL,2020-08-24,34417,2132858
COL,2020-08-25,37039,2169897
COL,2020-08-26,36349,2206246
COL,2020-08-27,36990,2243236
COL,2020-08-28,35136,2278372
COL,2020-08-29,30398,2308770
COL,2020-08-30,30154,2338924
COL,2020-08-31,30552,2369476
COL,2020-09-01,30506,2399982
COL,2020-09-02,26828,2426810
COL,2020-09-03,33897,2460707
COL,2020-09-04,35829,2496536
COL,2020-09-05,32010,2528546
COL,2020-09-06,27534,2556080
COL,2020-09-07,30532,2586612
COL,2020-09-08,32141,2618753
COL,2020-09-09,31714,2650467
COL,2020-09-10,33895,2684362
COL,2020-09-11,37755,2722117
COL,2020-09-12,32094,2754211
COL,2020-09-13,31027,2785238
COL,2020-09-14,27265,2812503
COL,2020-09-15,21867,2834370
COL,2020-09-16,33837,2868207
COL,2020-09-17,50955,2919162
COL,2020-09-18,33692,2952854
COL,2020-09-19,32198,2985052
COL,2020-09-20,28972,3014024
COL,2020-09-21,30883,3044907
COL,2020-09-22,35958,3080865
COL,2020-09-23,38321,3119186
COL,2020-09-24,35391,3154577
COL,2020-09-25,36408,3190985
COL,2020-09-26,33818,3224803
COL,2020-09-27,31669,3256472
COL,2020-09-28,31181,3287653
COL,2020-09-29,34342,3321995
COL,2020-09-30,35081,3357076
COL,2020-10-01,38186,3395262
COL,2020-10-02,42138,3437400
COL,2020-10-03,42625,3480025
COL,2020-10-04,32335,3512360
COL,2020-10-05,35729,3548089
COL,2020-10-06,37350,3585439
COL,2020-10-07,37346,3622785
COL,2020-10-08,42048,3664833
COL,2020-10-09,49472,3714305
COL,2020-10-10,44248,3758553
COL,2020-10-11,32130,3790683
COL,2020-10-12,28290,3818973
COL,2020-10-13,32583,3851556
COL,2020-10-14,35777,3887333
COL,2020-10-15,43426,3930759
COL,2020-10-16,43013,3973772
COL,2020-10-17,43801,4017573
COL,2020-10-18,31880,4049453
COL,2020-10-19,33429,4082882
COL,2020-10-20,49556,4132438
COL,2020-10-21,47064,4179502
COL,2020-10-22,51398,4230900
COL,2020-10-23,52549,4283449
COL,2020-10-24,50236,4333685
COL,2020-10-25,32831,4366516
COL,2020-10-26,37819,4404335
COL,2020-10-27,48314,4452649
COL,2020-10-28,49004,4501653
COL,2020-10-29,53229,4554882
COL,2020-10-30,51137,4606019
COL,2020-10-31,57051,4663070
COL,2020-11-01,45575,4708645
COL,2020-11-02,30955,4739600
COL,2020-11-03,38051,4777651
COL,2020-11-04,50685,4828336
COL,2020-11-05,42835,4871171
COL,2020-11-06,62426,4933597
COL,2020-11-07,48532,4982129
COL,2020-11-08,32807,5014936
COL,2020-11-09,48464,5063400
COL,2020-11-10,49316,5112716
COL,2020-11-11,48623,5161339
COL,2020-11-12,52784,5214123
COL,2020-11-13,50500,5264623
COL,2020-11-14,55026,5319649
COL,2020-11-15,26349,5345998
COL,2020-11-16,31868,5377866
COL,2020-11-17,37790,5415656
COL,2020-11-18,51296,5466952
COL,2020-11-19,47427,5514379
COL,2020-11-20,51453,5565832
COL,2020-11-21,55067,5620899
COL,2020-11-22,33247,5654146
COL,2020-11-23,38638,5692784
COL,2020-11-24,53096,5745880
COL,2020-11-25,50120,5796000
COL,2020-11-26,59047,5855047
COL,2020-11-27,51087,5906134
COL,2020-11-28,55304,5961438
COL,2020-11-29,40115,6001553
COL,2020-11-30,36510,6038063
COL,2020-12-01,49610,6087673
COL,2020-12-02,54843,6142516
COL,2020-12-03,57462,6199978
COL,2020-12-04,56800,6256778
COL,2020-12-05,52663,6309441
COL,2020-12-06,35345,6344786
COL,2020-12-07,37016,6381802
COL,2020-12-08,39526,6421328
COL,2020-12-09,40096,6461424
COL,2020-12-10,60272,6521696
COL,2020-12-11,52940,6574636
COL,2020-12-12,60339,6634975
COL,2020-12-13,39999,6674974
COL,2020-12-14,53189,6728163
COL,2020-12-15,63467,6791630
COL,2020-12-16,60441,6852071
COL,2020-12-17,63698,6915769
COL,2020-12-18,75005,6990774
COL,2020-12-19,62661,7053435
COL,2020-12-20,43378,7096813
COL,2020-12-21,47351,7144164
COL,2020-12-22,61659,7205823
COL,2020-12-23,79784,7285607
COL,2020-12-24,74156,7359763
COL,2020-12-25,46523,7406286
COL,2020-12-26,32215,7438501
COL,2020-12-27,39487,7477988
COL,2020-12-28,38229,7516217
COL,2020-12-29,69488,7585705
COL,2020-12-30,68138,7653843
COL,2020-12-31,83388,7737231
COL,2021-01-01,38942,7776173
COL,2021-01-02,30806,7806979
COL,2021-01-03,33857,7840836
COL,2021-01-04,48184,7889020
COL,2021-01-05,65649,7954669
COL,2021-01-06,67108,8021777
COL,2021-01-07,68347,8090124
COL,2021-01-08,66675,8156799
COL,2021-01-09,70090,8226889
COL,2021-01-10,55567,8282456
COL,2021-01-11,43086,8325542
COL,2021-01-12,43414,8368956
COL,2021-01-13,58108,8427064
COL,2021-01-14,93133,8520197
COL,2021-01-15,86722,8606919
COL,2021-01-16,70645,8677564
COL,2021-01-17,51586,8729150
COL,2021-01-18,57791,8786941
COL,2021-01-19,75647,8862588
COL,2021-01-20,76482,8939070
COL,2021-01-21,78649,9017719
COL,2021-01-22,85352,9103071
COL,2021-01-23,70017,9173088
COL,2021-01-24,51262,9224350
COL,2021-01-25,59646,9283996
COL,2021-01-26,69479,9353475
COL,2021-01-27,73821,9427296
COL,2021-01-28,72597,9499893
COL,2021-01-29,67913,9567806
COL,2021-01-30,65561,9633367
COL,2021-01-31,56741,9690108
COL,2021-02-01,57773,9747881
COL,2021-02-02,61078,9808959
COL,2021-02-03,62561,9871520
COL,2021-02-04,72452,9943972
COL,2021-02-05,64453,10008425
COL,2021-02-06,54764,10063189
COL,2021-02-07,37903,10101092
COL,2021-02-08,50732,10151824
COL,2021-02-09,47608,10199432
COL,2021-02-10,53330,10252762
COL,2021-02-11,61098,10313860
COL,2021-02-12,53936,10367796
COL,2021-02-13,42715,10410511
COL,2021-02-14,34146,10444657
COL,2021-02-15,40135,10484792
COL,2021-02-16,50371,10535163
COL,2021-02-17,49339,10584502
COL,2021-02-18,46243,10630745
COL,2021-02-19,49972,10680717
COL,2021-02-20,46211,10726928
COL,2021-02-21,48517,10775445
COL,2021-02-22,37682,10813127
COL,2021-02-23,41704,10854831
COL,2021-02-24,43796,10898627
COL,2021-02-25,40409,10939036
COL,2021-02-26,42024,10981060
COL,2021-02-27,42705,11023765
COL,2021-02-28,31431,11055196
COL,2021-03-01,32140,11087336
COL,2021-03-02,37650,11124986
COL,2021-03-03,39977,11164963
COL,2021-03-04,45266,11210229
COL,2021-03-05,40883,11251112
COL,2021-03-06,40718,11291830
COL,2021-03-07,21646,11313476
COL,2021-03-08,31358,11344834
COL,2021-03-09,35254,11380088
COL,2021-03-10,35469,11415557
COL,2021-03-11,50669,11466226
COL,2021-03-12,47976,11514202
COL,2021-03-13,40936,11555138
COL,2021-03-14,30313,11585451
COL,2021-03-15,30968,11616419
COL,2021-03-16,41720,11658139
COL,2021-03-17,34063,11692202
COL,2021-03-18,46016,11738218
COL,2021-03-19,43986,11782204
COL,2021-03-20,60700,11842904
COL,2021-03-21,38893,11881797
COL,2021-03-22,28126,11909923
COL,2021-03-23,28592,11938515
COL,2021-03-24,43616,11982131
COL,2021-03-25,52093,12034224
COL,2021-03-26,46488,12080712
COL,2021-03-27,56697,12137409
COL,2021-03-28,44339,12181748
COL,2021-03-29,42928,12224676
COL,2021-03-30,47170,12271846
COL,2021-03-31,55762,12327608
COL,2021-04-01,57618,12385226
COL,2021-04-02,43369,12428595
COL,2021-04-03,36258,12464853
COL,2021-04-04,32601,12497454
COL,2021-04-05,42199,12539653
COL,2021-04-06,44225,12583878
COL,2021-04-07,52847,12636725
COL,2021-04-08,67180,12703905
COL,2021-04-09,64970,12768875
COL,2021-04-10,71561,12840436
COL,2021-04-11,67946,12908382
COL,2021-04-12,53153,12961535
COL,2021-04-13,71880,13033415
COL,2021-04-14,87410,13120825
COL,2021-04-15,89027,13209852
COL,2021-04-16,77238,13287090
COL,2021-04-17,81400,13368490
COL,2021-04-18,69964,13438454
COL,2021-04-19,62609,13501063
COL,2021-04-20,70930,13571993
COL,2021-04-21,74004,13645997
COL,2021-04-22,81926,13727923
COL,2021-04-23,98756,13826679
COL,2021-04-24,83354,13910033
COL,2021-04-25,81104,13991137
COL,2021-04-26,68589,14059726
COL,2021-04-27,74407,14134133
COL,2021-04-28,84237,14218370
COL,2021-04-29,89339,14307709
COL,2021-04-30,87024,14394733
COL,2021-05-01,85465,14480198
COL,2021-05-02,56178,14536376
COL,2021-05-03,55286,14591662
COL,2021-05-04,60290,14651952
COL,2021-05-05,66469,14718421
COL,2021-05-06,74550,14792971
COL,2021-05-07,82048,14875019
COL,2021-05-08,81382,14956401
COL,2021-05-09,70866,15027267
COL,2021-05-10,41635,15068902
COL,2021-05-11,86895,15155797
COL,2021-05-12,74112,15229909
COL,2021-05-13,72705,15302614
COL,2021-05-14,71437,15374051
COL,2021-05-15,79899,15453950
COL,2021-05-16,61453,15515403
COL,2021-05-17,32568,15547971
COL,2021-05-18,41262,15589233
COL,2021-05-19,75751,15664984
COL,2021-05-20,71291,15736275
COL,2021-05-21,70423,15806698
COL,2021-05-22,94305,15901003
COL,2021-05-23,66947,15967950
COL,2021-05-24,40771,16008721
COL,2021-05-25,89619,16098340
COL,2021-05-26,97639,16195979
COL,2021-05-27,104058,16300037
COL,2021-05-28,80965,16381002
COL,2021-05-29,86214,16467216
COL,2021-05-30,78907,16546123
COL,2021-05-31,50978,16597101
COL,2021-06-01,90599,16687700
COL,2021-06-02,108014,16795714
COL,2021-06-03,96870,16892584
COL,2021-06-04,97432,16990016
COL,2021-06-05,98348,17088364
COL,2021-06-06,71602,17159966
COL,2021-06-07,52198,17212164
COL,2021-06-08,64325,17276489
COL,2021-06-09,109217,17385706
COL,2021-06-10,112372,17498078
COL,2021-06-11,117306,17615384
COL,2021-06-12,84988,17700372
COL,2021-06-13,91746,17792118
COL,2021-06-14,45672,17837790
COL,2021-06-15,87647,17925437
COL,2021-06-16,110827,18036264
COL,2021-06-17,106714,18142978
COL,2021-06-18,113194,18256172
COL,2021-06-19,101219,18357391
COL,2021-06-20,76382,18433773
COL,2021-06-21,79665,18513438
COL,2021-06-22,110780,18624218
COL,2021-06-23,127781,18751999
COL,2021-06-24,119377,18871376
COL,2021-06-25,121464,18992840
COL,2021-06-26,110440,19103280
COL,2021-06-27,99209,19202489
COL,2021-06-28,76223,19278712
CRI,2020-03-06,2,2
CRI,2020-03-07,5,7
CRI,2020-03-08,3,10
CRI,2020-03-09,2,12
CRI,2020-03-10,1,13
CRI,2020-03-11,9,22
CRI,2020-03-12,89,111
CRI,2020-03-13,86,197
CRI,2020-03-14,127,324
CRI,2020-03-15,43,367
CRI,2020-03-16,171,538
CRI,2020-03-17,114,652
CRI,2020-03-18,154,806
CRI,2020-03-19,114,920
CRI,2020-03-20,121,1041
CRI,2020-03-21,148,1189
CRI,2020-03-22,227,1416
CRI,2020-03-23,157,1573
CRI,2020-03-24,165,1738
CRI,2020-03-25,29,1767
CRI,2020-03-26,677,2444
CRI,2020-03-27,487,2931
CRI,2020-03-28,158,3089
CRI,2020-03-29,222,3311
CRI,2020-03-30,263,3574
CRI,2020-03-31,153,3727
CRI,2020-04-01,373,4100
CRI,2020-04-02,132,4232
CRI,2020-04-03,110,4342
CRI,2020-04-04,194,4536
CRI,2020-04-05,444,4980
CRI,2020-04-06,265,5245
CRI,2020-04-07,162,5407
CRI,2020-04-08,510,5917
CRI,2020-04-09,263,6180
CRI,2020-04-10,154,6334
CRI,2020-04-11,156,6490
CRI,2020-04-12,154,6644
CRI,2020-04-13,106,6750
CRI,2020-04-14,76,6826
CRI,2020-04-15,193,7019
CRI,2020-04-16,214,7233
CRI,2020-04-17,172,7405
CRI,2020-04-18,227,7632
CRI,2020-04-19,52,7684
CRI,2020-04-20,96,7780
CRI,2020-04-21,266,8046
CRI,2020-04-22,301,8347
CRI,2020-04-23,253,8600
CRI,2020-04-24,102,8702
CRI,2020-04-25,87,8789
CRI,2020-04-26,37,8826
CRI,2020-04-27,58,8884
CRI,2020-04-28,59,8943
CRI,2020-04-29,237,9180
CRI,2020-04-30,109,9289
CRI,2020-05-01,167,9456
CRI,2020-05-02,91,9547
CRI,2020-05-03,120,9667
CRI,2020-05-04,106,9773
CRI,2020-05-05,73,9846
CRI,2020-05-06,209,10055
CRI,2020-05-07,274,10329
CRI,2020-05-08,452,10781
CRI,2020-05-09,449,11230
CRI,2020-05-10,592,11822
CRI,2020-05-11,120,11942
CRI,2020-05-12,73,12015
CRI,2020-05-13,446,12461
CRI,2020-05-14,315,12776
CRI,2020-05-15,209,12985
CRI,2020-05-16,665,13650
CRI,2020-05-17,576,14226
CRI,2020-05-18,206,14432
CRI,2020-05-19,138,14570
CRI,2020-05-20,434,15004
CRI,2020-05-21,168,15172
CRI,2020-05-22,486,15658
CRI,2020-05-23,235,15893
CRI,2020-05-24,410,16303
CRI,2020-05-25,157,16460
CRI,2020-05-26,125,16585
CRI,2020-05-27,649,17234
CRI,2020-05-28,374,17608
CRI,2020-05-29,540,18148
CRI,2020-05-30,467,18615
CRI,2020-05-31,521,19136
CRI,2020-06-01,261,19397
CRI,2020-06-02,264,19661
CRI,2020-06-03,415,20076
CRI,2020-06-04,376,20452
CRI,2020-06-05,443,20895
CRI,2020-06-06,334,21229
CRI,2020-06-07,268,21497
CRI,2020-06-08,161,21658
CRI,2020-06-09,229,21887
CRI,2020-06-10,427,22314
CRI,2020-06-11,381,22695
CRI,2020-06-12,483,23178
CRI,2020-06-13,510,23688
CRI,2020-06-14,308,23996
CRI,2020-06-15,237,24233
CRI,2020-06-16,278,24511
CRI,2020-06-17,451,24962
CRI,2020-06-18,447,25409
CRI,2020-06-19,629,26038
CRI,2020-06-20,457,26495
CRI,2020-06-21,391,26886
CRI,2020-06-22,244,27130
CRI,2020-06-23,443,27573
CRI,2020-06-24,621,28194
CRI,2020-06-25,703,28897
CRI,2020-06-26,687,29584
CRI,2020-06-27,890,30474
CRI,2020-06-28,743,31217
CRI,2020-06-29,691,31908
CRI,2020-06-30,594,32502
CRI,2020-07-01,853,33355
CRI,2020-07-02,1259,34614
CRI,2020-07-03,933,35547
CRI,2020-07-04,998,36545
CRI,2020-07-05,1197,37742
CRI,2020-07-06,1000,38742
CRI,2020-07-07,1222,39964
CRI,2020-07-08,1128,41092
CRI,2020-07-09,1750,42842
CRI,2020-07-10,1367,44209
CRI,2020-07-11,1478,45687
CRI,2020-07-12,1792,47479
CRI,2020-07-13,1989,49468
CRI,2020-07-14,1435,50903
CRI,2020-07-15,1334,52237
CRI,2020-07-16,1562,53799
CRI,2020-07-17,1568,55367
CRI,2020-07-18,1116,56483
CRI,2020-07-19,1524,58007
CRI,2020-07-20,1117,59124
CRI,2020-07-21,1104,60228
CRI,2020-07-22,1228,61456
CRI,2020-07-23,1829,63285
CRI,2020-07-24,1510,64795
CRI,2020-07-25,1842,66637
CRI,2020-07-26,1564,68201
CRI,2020-07-27,1701,69902
CRI,2020-07-28,1501,71403
CRI,2020-07-29,1656,73059
CRI,2020-07-30,1840,74899
CRI,2020-07-31,1744,76643
CRI,2020-08-01,1663,78306
CRI,2020-08-02,2015,80321
CRI,2020-08-03,1550,81871
CRI,2020-08-04,1584,83455
CRI,2020-08-05,1799,85254
CRI,2020-08-06,1835,87089
CRI,2020-08-07,1830,88919
CRI,2020-08-08,1687,90606
CRI,2020-08-09,1405,92011
CRI,2020-08-10,1457,93468
CRI,2020-08-11,1251,94719
CRI,2020-08-12,1664,96383
CRI,2020-08-13,1997,98380
CRI,2020-08-14,2172,100552
CRI,2020-08-15,2197,102749
CRI,2020-08-16,2244,104993
CRI,2020-08-17,1535,106528
CRI,2020-08-18,1059,107587
CRI,2020-08-19,1535,109122
CRI,2020-08-20,1195,110317
CRI,2020-08-21,1838,112155
CRI,2020-08-22,2131,114286
CRI,2020-08-23,2093,116379
CRI,2020-08-24,1533,117912
CRI,2020-08-25,1304,119216
CRI,2020-08-26,2048,121264
CRI,2020-08-27,1859,123123
CRI,2020-08-28,2211,125334
CRI,2020-08-29,2633,127967
CRI,2020-08-30,2054,130021
CRI,2020-08-31,1517,131538
CRI,2020-09-01,1488,133026
CRI,2020-09-02,2119,135145
CRI,2020-09-03,2491,137636
CRI,2020-09-04,2750,140386
CRI,2020-09-05,2879,143265
CRI,2020-09-06,2142,145407
CRI,2020-09-07,1556,146963
CRI,2020-09-08,1978,148941
CRI,2020-09-09,2517,151458
CRI,2020-09-10,2615,154073
CRI,2020-09-11,3154,157227
CRI,2020-09-12,2996,160223
CRI,2020-09-13,2595,162818
CRI,2020-09-14,1856,164674
CRI,2020-09-15,1708,166382
CRI,2020-09-16,2220,168602
CRI,2020-09-17,2308,170910
CRI,2020-09-18,3238,174148
CRI,2020-09-19,3110,177258
CRI,2020-09-20,2914,180172
CRI,2020-09-21,1741,181913
CRI,2020-09-22,1902,183815
CRI,2020-09-23,2977,186792
CRI,2020-09-24,3189,189981
CRI,2020-09-25,2658,192639
CRI,2020-09-26,3057,195696
CRI,2020-09-27,2422,198118
CRI,2020-09-28,1722,199840
CRI,2020-09-29,1655,201495
CRI,2020-09-30,2707,204202
CRI,2020-10-01,2532,206734
CRI,2020-10-02,2552,209286
CRI,2020-10-03,3153,212439
CRI,2020-10-04,2800,215239
CRI,2020-10-05,1655,216894
CRI,2020-10-06,1716,218610
CRI,2020-10-07,2455,221065
CRI,2020-10-08,2964,224029
CRI,2020-10-09,2749,226778
CRI,2020-10-10,3031,229809
CRI,2020-10-11,2701,232510
CRI,2020-10-12,1630,234140
CRI,2020-10-13,1918,236058
CRI,2020-10-14,2999,239057
CRI,2020-10-15,3092,242149
CRI,2020-10-16,2732,244881
CRI,2020-10-17,2666,247547
CRI,2020-10-18,2509,250056
CRI,2020-10-19,1327,251383
CRI,2020-10-20,1453,252836
CRI,2020-10-21,3064,255900
CRI,2020-10-22,2660,258560
CRI,2020-10-23,2782,261342
CRI,2020-10-24,2924,264266
CRI,2020-10-25,2306,266572
CRI,2020-10-26,1162,267734
CRI,2020-10-27,1496,269230
CRI,2020-10-28,2625,271855
CRI,2020-10-29,2445,274300
CRI,2020-10-30,3058,277358
CRI,2020-10-31,2590,279948
CRI,2020-11-01,1761,281709
CRI,2020-11-02,1376,283085
CRI,2020-11-03,1822,284907
CRI,2020-11-04,2489,287396
CRI,2020-11-05,2848,290244
CRI,2020-11-06,2473,292717
CRI,2020-11-07,2401,295118
CRI,2020-11-08,2219,297337
CRI,2020-11-09,867,298204
CRI,2020-11-10,2007,300211
CRI,2020-11-11,2606,302817
CRI,2020-11-12,2862,305679
CRI,2020-11-13,2697,308376
CRI,2020-11-14,2493,310869
CRI,2020-11-15,2072,312941
CRI,2020-11-16,1299,314240
CRI,2020-11-17,1641,315881
CRI,2020-11-18,3084,318965
CRI,2020-11-19,2834,321799
CRI,2020-11-20,2573,324372
CRI,2020-11-21,3239,327611
CRI,2020-11-22,2636,330247
CRI,2020-11-23,1376,331623
CRI,2020-11-24,1910,333533
CRI,2020-11-25,2795,336328
CRI,2020-11-26,3022,339350
CRI,2020-11-27,2941,342291
CRI,2020-11-28,3128,345419
CRI,2020-11-29,2523,347942
CRI,2020-11-30,1387,349329
CRI,2020-12-01,1220,350549
CRI,2020-12-02,2030,352579
CRI,2020-12-03,2597,355176
CRI,2020-12-04,2606,357782
CRI,2020-12-05,3278,361060
CRI,2020-12-06,2841,363901
CRI,2020-12-07,1447,365348
CRI,2020-12-08,2017,367365
CRI,2020-12-09,3054,370419
CRI,2020-12-10,2907,373326
CRI,2020-12-11,3218,376544
CRI,2020-12-12,3139,379683
CRI,2020-12-13,2445,382128
CRI,2020-12-14,1260,383388
CRI,2020-12-15,2028,385416
CRI,2020-12-16,2950,388366
CRI,2020-12-17,3046,391412
CRI,2020-12-18,2745,394157
CRI,2020-12-19,4182,398339
CRI,2020-12-20,2634,400973
CRI,2020-12-21,1745,402718
CRI,2020-12-22,2694,405412
CRI,2020-12-23,2869,408281
CRI,2020-12-24,3251,411532
CRI,2020-12-25,2933,414465
CRI,2020-12-26,1704,416169
CRI,2020-12-27,1928,418097
CRI,2020-12-28,1635,419732
CRI,2020-12-29,2053,421785
CRI,2020-12-30,3105,424890
CRI,2020-12-31,2871,427761
CRI,2021-01-01,3252,431013
CRI,2021-01-02,1837,432850
CRI,2021-01-03,1797,434647
CRI,2021-01-04,2666,437313
CRI,2021-01-05,2501,439814
CRI,2021-01-06,3488,443302
CRI,2021-01-07,3434,446736
CRI,2021-01-08,2981,449717
CRI,2021-01-09,3884,453601
CRI,2021-01-10,2460,456061
CRI,2021-01-11,1259,457320
CRI,2021-01-12,2385,459705
CRI,2021-01-13,2765,462470
CRI,2021-01-14,2735,465205
CRI,2021-01-15,2621,467826
CRI,2021-01-16,2651,470477
CRI,2021-01-17,1619,472096
CRI,2021-01-18,1318,473414
CRI,2021-01-19,1893,475307
CRI,2021-01-20,2344,477651
CRI,2021-01-21,1989,479640
CRI,2021-01-22,2502,482142
CRI,2021-01-23,1628,483770
CRI,2021-01-24,1334,485104
CRI,2021-01-25,896,486000
CRI,2021-01-26,1857,487857
CRI,2021-01-27,2881,490738
CRI,2021-01-28,2499,493237
CRI,2021-01-29,2195,495432
CRI,2021-01-30,3459,498891
CRI,2021-01-31,3796,502687
CRI,2021-02-01,1602,504289
CRI,2021-02-02,2087,506376
CRI,2021-02-03,2668,509044
CRI,2021-02-04,2427,511471
CRI,2021-02-05,2224,513695
CRI,2021-02-06,3862,517557
CRI,2021-02-07,2822,520379
CRI,2021-02-08,1503,521882
CRI,2021-02-09,2114,523996
CRI,2021-02-10,2515,526511
CRI,2021-02-11,2333,528844
CRI,2021-02-12,2477,531321
CRI,2021-02-13,3624,534945
CRI,2021-02-14,2930,537875
CRI,2021-02-15,1564,539439
CRI,2021-02-16,2516,541955
CRI,2021-02-17,3003,544958
CRI,2021-02-18,3126,548084
CRI,2021-02-19,2115,550199
CRI,2021-02-20,4648,554847
CRI,2021-02-21,2532,557379
CRI,2021-02-22,1958,559337
CRI,2021-02-23,2316,561653
CRI,2021-02-24,3063,564716
CRI,2021-02-25,3112,567828
CRI,2021-02-26,3974,571802
CRI,2021-02-27,5105,576907
CRI,2021-02-28,2990,579897
CRI,2021-03-01,2207,582104
CRI,2021-03-02,2790,584894
CRI,2021-03-03,2656,587550
CRI,2021-03-04,3129,590679
CRI,2021-03-05,2961,593640
CRI,2021-03-06,3836,597476
CRI,2021-03-07,2546,600022
CRI,2021-03-08,1859,601881
CRI,2021-03-09,2159,604040
CRI,2021-03-10,2443,606483
CRI,2021-03-11,2893,609376
CRI,2021-03-12,3022,612398
CRI,2021-03-13,4407,616805
CRI,2021-03-14,2818,619623
CRI,2021-03-15,1943,621566
CRI,2021-03-16,1927,623493
CRI,2021-03-17,3813,627306
CRI,2021-03-18,4156,631462
CRI,2021-03-19,3985,635447
CRI,2021-03-20,5109,640556
CRI,2021-03-21,3470,644026
CRI,2021-03-22,2461,646487
CRI,2021-03-23,2810,649297
CRI,2021-03-24,3825,653122
CRI,2021-03-25,4455,657577
CRI,2021-03-26,3943,661520
CRI,2021-03-27,6308,667828
CRI,2021-03-28,3965,671793
CRI,2021-03-29,2611,674404
CRI,2021-03-30,3144,677548
CRI,2021-03-31,3914,681462
CRI,2021-04-01,4007,685469
CRI,2021-04-02,3646,689115
CRI,2021-04-03,4036,693151
CRI,2021-04-04,3623,696774
CRI,2021-04-05,2636,699410
CRI,2021-04-06,2965,702375
CRI,2021-04-07,4247,706622
CRI,2021-04-08,4151,710773
CRI,2021-04-09,4612,715385
CRI,2021-04-10,5938,721323
CRI,2021-04-11,4350,725673
CRI,2021-04-12,3169,728842
CRI,2021-04-13,3440,732282
CRI,2021-04-14,4371,736653
CRI,2021-04-15,4010,740663
CRI,2021-04-16,4976,745639
CRI,2021-04-17,5994,751633
CRI,2021-04-18,4525,756158
CRI,2021-04-19,2918,759076
CRI,2021-04-20,4307,763383
CRI,2021-04-21,4902,768285
CRI,2021-04-22,6600,774885
CRI,2021-04-23,2860,777745
CRI,2021-04-24,6867,784612
CRI,2021-04-25,4941,789553
CRI,2021-04-26,4390,793943
CRI,2021-04-27,4526,798469
CRI,2021-04-28,6867,805336
CRI,2021-04-29,7449,812785
CRI,2021-04-30,8961,821746
CRI,2021-05-01,9016,830762
CRI,2021-05-02,5749,836511
CRI,2021-05-03,3758,840269
CRI,2021-05-04,4714,844983
CRI,2021-05-05,7210,852193
CRI,2021-05-06,6295,858488
CRI,2021-05-07,7276,865764
CRI,2021-05-08,7934,873698
CRI,2021-05-09,7268,880966
CRI,2021-05-10,6187,887153
CRI,2021-05-11,5708,892861
CRI,2021-05-12,7558,900419
CRI,2021-05-13,8121,908540
CRI,2021-05-14,8913,917453
CRI,2021-05-15,8197,925650
CRI,2021-05-16,6637,932287
CRI,2021-05-17,4451,936738
CRI,2021-05-18,4800,941538
CRI,2021-05-19,7310,948848
CRI,2021-05-20,6811,955659
CRI,2021-05-21,7124,962783
CRI,2021-05-22,8861,971644
CRI,2021-05-23,5614,977258
CRI,2021-05-24,3559,980817
CRI,2021-05-25,5942,986759
CRI,2021-05-26,7208,993967
CRI,2021-05-27,9121,1003088
CRI,2021-05-28,6907,1009995
CRI,2021-05-29,6856,1016851
CRI,2021-05-30,3453,1020304
CRI,2021-05-31,3182,1023486
CRI,2021-06-01,7449,1030935
CRI,2021-06-02,9922,1040857
CRI,2021-06-03,8806,1049663
CRI,2021-06-04,5829,1055492
CRI,2021-06-05,7661,1063153
CRI,2021-06-06,5424,1068577
CRI,2021-06-07,3229,1071806
CRI,2021-06-08,6393,1078199
CRI,2021-06-09,7836,1086035
CRI,2021-06-10,8603,1094638
CRI,2021-06-11,7443,1102081
CRI,2021-06-12,8870,1110951
CRI,2021-06-13,5792,1116743
CRI,2021-06-14,3985,1120728
CRI,2021-06-15,6297,1127025
CRI,2021-06-16,8893,1135918
CRI,2021-06-17,8458,1144376
CRI,2021-06-18,8344,1152720
CRI,2021-06-19,7915,1160635
CRI,2021-06-20,6172,1166807
CRI,2021-06-21,3169,1169976
CRI,2021-06-22,8157,1178133
CRI,2021-06-23,8649,1186782
CRI,2021-06-24,8478,1195260
CRI,2021-06-25,10441,1205701
CRI,2021-06-26,8902,1214603
CIV,2020-04-13,0,0
CIV,2020-04-14,129,129
CIV,2020-04-15,238,367
CIV,2020-04-16,298,665
CIV,2020-04-17,296,961
CIV,2020-04-18,361,1322
CIV,2020-04-19,399,1721
CIV,2020-04-20,351,2072
CIV,2020-04-21,270,2342
CIV,2020-04-22,342,2684
CIV,2020-04-23,504,3188
CIV,2020-04-24,584,3772
CIV,2020-04-25,302,4074
CIV,2020-04-26,560,4634
CIV,2020-04-27,289,4923
CIV,2020-04-28,179,5102
CIV,2020-04-29,512,5614
CIV,2020-04-30,385,5999
CIV,2020-05-01,0,5999
CIV,2020-05-02,0,5999
CIV,2020-05-03,288,6287
CIV,2020-05-04,482,6769
CIV,2020-05-05,170,6939
CIV,2020-05-06,497,7436
CIV,2020-05-07,367,7803
CIV,2020-05-08,456,8259
CIV,2020-05-09,573,8832
CIV,2020-05-10,322,9154
CIV,2020-05-11,499,9653
CIV,2020-05-12,506,10159
CIV,2020-05-13,592,10751
CIV,2020-05-14,680,11431
CIV,2020-05-15,728,12159
CIV,2020-05-16,845,13004
CIV,2020-05-17,790,13794
CIV,2020-05-18,305,14099
CIV,2020-05-19,566,14665
CIV,2020-05-20,840,15505
CIV,2020-05-21,1055,16560
CIV,2020-05-22,1164,17724
CIV,2020-05-23,727,18451
CIV,2020-05-24,484,18935
CIV,2020-05-25,873,19808
CIV,2020-05-26,782,20590
CIV,2020-05-27,425,21015
CIV,2020-05-28,497,21512
CIV,2020-05-29,527,22039
CIV,2020-05-30,357,22396
CIV,2020-05-31,134,22530
CIV,2020-06-01,611,23141
CIV,2020-06-02,470,23611
CIV,2020-06-03,402,24013
CIV,2020-06-04,706,24719
CIV,2020-06-05,628,25347
CIV,2020-06-06,756,26103
CIV,2020-06-07,937,27040
CIV,2020-06-08,800,27840
CIV,2020-06-09,515,28355
CIV,2020-06-10,612,28967
CIV,2020-06-11,796,29763
CIV,2020-06-12,0,29763
CIV,2020-06-13,0,29763
CIV,2020-06-14,848,30611
CIV,2020-06-15,870,31481
CIV,2020-06-16,984,32465
CIV,2020-06-17,1214,33679
CIV,2020-06-18,1592,35271
CIV,2020-06-19,1632,36903
CIV,2020-06-20,1155,38058
CIV,2020-06-21,922,38980
CIV,2020-06-22,844,39824
CIV,2020-06-23,1303,41127
CIV,2020-06-24,1041,42168
CIV,2020-06-25,1012,43180
CIV,2020-06-26,1562,44742
CIV,2020-06-27,1347,46089
CIV,2020-06-28,624,46713
CIV,2020-06-29,1053,47766
CIV,2020-06-30,2012,49778
CIV,2020-07-01,1824,51602
CIV,2020-07-02,1608,53210
CIV,2020-07-03,1270,54480
CIV,2020-07-04,1553,56033
CIV,2020-07-05,2219,58252
CIV,2020-07-06,1464,59716
CIV,2020-07-07,1280,60996
CIV,2020-07-08,1841,62837
CIV,2020-07-09,1405,64242
CIV,2020-07-10,2185,66427
CIV,2020-07-11,2281,68708
CIV,2020-07-12,1370,70078
CIV,2020-07-13,1134,71212
CIV,2020-07-14,682,71894
CIV,2020-07-15,1829,73723
CIV,2020-07-16,738,74461
CIV,2020-07-17,746,75207
CIV,2020-07-18,1237,76444
CIV,2020-07-19,1137,77581
CIV,2020-07-20,1656,79237
CIV,2020-07-21,1143,80380
CIV,2020-07-22,1131,81511
CIV,2020-07-23,2237,83748
CIV,2020-07-24,1735,85483
CIV,2020-07-25,2004,87487
CIV,2020-07-26,1446,88933
CIV,2020-07-27,992,89925
CIV,2020-07-28,671,90596
CIV,2020-07-29,1246,91842
CIV,2020-07-30,1720,93562
CIV,2020-07-31,951,94513
CIV,2020-08-01,898,95411
CIV,2020-08-02,1102,96513
CIV,2020-08-03,427,96940
CIV,2020-08-04,512,97452
CIV,2020-08-05,0,97452
CIV,2020-08-06,0,97452
CIV,2020-08-07,924,98376
CIV,2020-08-08,1245,99621
CIV,2020-08-09,2109,101730
CIV,2020-08-10,815,102545
CIV,2020-08-11,682,103227
CIV,2020-08-12,252,103479
CIV,2020-08-13,521,104000
CIV,2020-08-14,929,104929
CIV,2020-08-15,870,105799
CIV,2020-08-16,457,106256
CIV,2020-08-17,1032,107288
CIV,2020-08-18,918,108206
CIV,2020-08-19,1447,109653
CIV,2020-08-20,330,109983
CIV,2020-08-21,950,110933
CIV,2020-08-22,1101,112034
CIV,2020-08-23,1133,113167
CIV,2020-08-24,987,114154
CIV,2020-08-25,793,114947
CIV,2020-08-26,896,115843
CIV,2020-08-27,1082,116925
CIV,2020-08-28,1028,117953
CIV,2020-08-29,887,118840
CIV,2020-08-30,580,119420
CIV,2020-08-31,1252,120672
CIV,2020-09-01,383,121055
CIV,2020-09-02,938,121993
CIV,2020-09-03,921,122914
CIV,2020-09-04,1104,124018
CIV,2020-09-05,1713,125731
CIV,2020-09-06,1163,126894
CIV,2020-09-07,759,127653
CIV,2020-09-08,492,128145
CIV,2020-09-09,1164,129309
CIV,2020-09-10,1480,130789
CIV,2020-09-11,1785,132574
CIV,2020-09-12,1756,134330
CIV,2020-09-13,786,135116
CIV,2020-09-14,1413,136529
CIV,2020-09-15,1098,137627
CIV,2020-09-16,1553,139180
CIV,2020-09-17,1253,140433
CIV,2020-09-18,1392,141825
CIV,2020-09-19,1689,143514
CIV,2020-09-20,1881,145395
CIV,2020-09-21,155,145550
CIV,2020-09-22,546,146096
CIV,2020-09-23,1742,147838
CIV,2020-09-24,1420,149258
CIV,2020-09-25,1632,150890
CIV,2020-09-26,1263,152153
CIV,2020-09-27,907,153060
CIV,2020-09-28,236,153296
CIV,2020-09-29,693,153989
CIV,2020-09-30,1660,155649
CIV,2020-10-01,934,156583
CIV,2020-10-02,1124,157707
CIV,2020-10-03,896,158603
CIV,2020-10-04,794,159397
CIV,2020-10-05,170,159567
CIV,2020-10-06,384,159951
CIV,2020-10-07,1226,161177
CIV,2020-10-08,1095,162272
CIV,2020-10-09,1099,163371
CIV,2020-10-10,1805,165176
CIV,2020-10-11,906,166082
CIV,2020-10-12,68,166150
CIV,2020-10-13,941,167091
CIV,2020-10-14,1443,168534
CIV,2020-10-15,1178,169712
CIV,2020-10-16,973,170685
CIV,2020-10-17,984,171669
CIV,2020-10-18,1239,172908
CIV,2020-10-19,760,173668
CIV,2020-10-20,935,174603
CIV,2020-10-21,0,174603
CIV,2020-10-22,0,174603
CIV,2020-10-23,1396,175999
CIV,2020-10-24,1608,177607
CIV,2020-10-25,1613,179220
CIV,2020-10-26,699,179919
CIV,2020-10-27,336,180255
CIV,2020-10-28,1064,181319
CIV,2020-10-29,2278,183597
CIV,2020-10-30,1321,184918
CIV,2020-10-31,485,185403
CIV,2020-11-01,0,185403
CIV,2020-11-02,0,185403
CIV,2020-11-03,463,185866
CIV,2020-11-04,601,186467
CIV,2020-11-05,962,187429
CIV,2020-11-06,617,188046
CIV,2020-11-07,954,189000
CIV,2020-11-08,941,189941
CIV,2020-11-09,277,190218
CIV,2020-11-10,338,190556
CIV,2020-11-11,768,191324
CIV,2020-11-12,874,192198
CIV,2020-11-13,856,193054
CIV,2020-11-14,1086,194140
CIV,2020-11-15,954,195094
CIV,2020-11-16,472,195566
CIV,2020-11-17,370,195936
CIV,2020-11-18,859,196795
CIV,2020-11-19,864,197659
CIV,2020-11-20,1105,198764
CIV,2020-11-21,869,199633
CIV,2020-11-22,941,200574
CIV,2020-11-23,966,201540
CIV,2020-11-24,338,201878
CIV,2020-11-25,1071,202949
CIV,2020-11-26,1078,204027
CIV,2020-11-27,1237,205264
CIV,2020-11-28,1018,206282
CIV,2020-11-29,1518,207800
CIV,2020-11-30,745,208545
CIV,2020-12-01,453,208998
CIV,2020-12-02,1115,210113
CIV,2020-12-03,1444,211557
CIV,2020-12-04,1243,212800
CIV,2020-12-05,1415,214215
CIV,2020-12-06,1522,215737
CIV,2020-12-07,838,216575
CIV,2020-12-08,357,216932
CIV,2020-12-09,1288,218220
CIV,2020-12-10,1611,219831
CIV,2020-12-11,1306,221137
CIV,2020-12-12,1421,222558
CIV,2020-12-13,1847,224405
CIV,2020-12-14,1311,225716
CIV,2020-12-15,700,226416
CIV,2020-12-16,1391,227807
CIV,2020-12-17,1896,229703
CIV,2020-12-18,1856,231559
CIV,2020-12-19,1806,233365
CIV,2020-12-20,1930,235295
CIV,2020-12-21,1171,236466
CIV,2020-12-22,841,237307
CIV,2020-12-23,1081,238388
CIV,2020-12-24,2206,240594
CIV,2020-12-25,995,241589
CIV,2020-12-26,0,241589
CIV,2020-12-27,0,241589
CIV,2020-12-28,879,242468
CIV,2020-12-29,992,243460
CIV,2020-12-30,1646,245106
CIV,2020-12-31,1857,246963
CIV,2021-01-01,2345,249308
CIV,2021-01-02,0,249308
CIV,2021-01-03,0,249308
CIV,2021-01-04,1816,251124
CIV,2021-01-05,1308,252432
CIV,2021-01-06,1745,254177
CIV,2021-01-07,4077,258254
CIV,2021-01-08,2935,261189
CIV,2021-01-09,2863,264052
CIV,2021-01-10,3478,267530
CIV,2021-01-11,1496,269026
CIV,2021-01-12,1634,270660
CIV,2021-01-13,2939,273599
CIV,2021-01-14,3767,277366
CIV,2021-01-15,2917,280283
CIV,2021-01-16,2584,282867
CIV,2021-01-17,2881,285748
CIV,2021-01-18,2390,288138
CIV,2021-01-19,1729,289867
CIV,2021-01-20,2333,292200
CIV,2021-01-21,1330,293530
CIV,2021-01-22,5027,298557
CIV,2021-01-23,2976,301533
CIV,2021-01-24,4600,306133
CIV,2021-01-25,1851,307984
CIV,2021-01-26,2239,310223
CIV,2021-01-27,2550,312773
CIV,2021-01-28,4301,317074
CIV,2021-01-29,3418,320492
CIV,2021-01-30,5774,326266
CIV,2021-01-31,5112,331378
CIV,2021-02-01,1708,333086
CIV,2021-02-02,3166,336252
CIV,2021-02-03,1965,338217
CIV,2021-02-04,4380,342597
CIV,2021-02-05,3854,346451
CIV,2021-02-06,2485,348936
CIV,2021-02-07,3473,352409
CIV,2021-02-08,1845,354254
CIV,2021-02-09,1480,355734
CIV,2021-02-10,3187,358921
CIV,2021-02-11,3467,362388
CIV,2021-02-12,3418,365806
CIV,2021-02-13,3173,368979
CIV,2021-02-14,3538,372517
CIV,2021-02-15,1184,373701
CIV,2021-02-16,2390,376091
CIV,2021-02-17,2658,378749
CIV,2021-02-18,2820,381569
CIV,2021-02-19,3715,385284
CIV,2021-02-20,3426,388710
CIV,2021-02-21,3303,392013
CIV,2021-02-22,1028,393041
CIV,2021-02-23,2027,395068
CIV,2021-02-24,3735,398803
CIV,2021-02-25,3359,402162
CIV,2021-02-26,2213,404375
CIV,2021-02-27,3108,407483
CIV,2021-02-28,3149,410632
CIV,2021-03-01,894,411526
CIV,2021-03-02,2251,413777
CIV,2021-03-03,2301,416078
CIV,2021-03-04,3518,419596
CIV,2021-03-05,2961,422557
CIV,2021-03-06,2678,425235
CIV,2021-03-07,0,425235
CIV,2021-03-08,0,425235
CIV,2021-03-09,1942,427177
CIV,2021-03-10,3092,430269
CIV,2021-03-11,3833,434102
CIV,2021-03-12,3006,437108
CIV,2021-03-13,3544,440652
CIV,2021-03-14,3288,443940
CIV,2021-03-15,2034,445974
CIV,2021-03-16,2209,448183
CIV,2021-03-17,3948,452131
CIV,2021-03-18,3339,455470
CIV,2021-03-19,3632,459102
CIV,2021-03-20,4097,463199
CIV,2021-03-21,3446,466645
CIV,2021-03-22,1793,468438
CIV,2021-03-23,1882,470320
CIV,2021-03-24,3914,474234
CIV,2021-03-25,4649,478883
CIV,2021-03-26,4914,483797
CIV,2021-03-27,3835,487632
CIV,2021-03-28,4048,491680
CIV,2021-03-29,3002,494682
CIV,2021-03-30,1827,496509
CIV,2021-03-31,4685,501194
CIV,2021-04-01,4735,505929
CIV,2021-04-02,4046,509975
CIV,2021-04-03,4822,514797
CIV,2021-04-04,2984,517781
CIV,2021-04-05,2302,520083
CIV,2021-04-06,1096,521179
CIV,2021-04-07,1907,523086
CIV,2021-04-08,3429,526515
CIV,2021-04-09,4155,530670
CIV,2021-04-10,2902,533572
CIV,2021-04-11,4252,537824
CIV,2021-04-12,1142,538966
CIV,2021-04-13,2036,541002
CIV,2021-04-14,2945,543947
CIV,2021-04-15,2942,546889
CIV,2021-04-16,2497,549386
CIV,2021-04-17,2485,551871
CIV,2021-04-18,2532,554403
CIV,2021-04-19,451,554854
CIV,2021-04-20,0,554854
CIV,2021-04-21,0,554854
CIV,2021-04-22,1950,556804
CIV,2021-04-23,2072,558876
CIV,2021-04-24,1807,560683
CIV,2021-04-25,2196,562879
CIV,2021-04-26,632,563511
CIV,2021-04-27,2099,565610
CIV,2021-04-28,1653,567263
CIV,2021-04-29,2177,569440
CIV,2021-04-30,1904,571344
CIV,2021-05-01,2566,573910
CIV,2021-05-02,1852,575762
CIV,2021-05-03,287,576049
CIV,2021-05-04,1668,577717
CIV,2021-05-05,2360,580077
CIV,2021-05-06,0,580077
CIV,2021-05-07,0,580077
CIV,2021-05-08,1980,582057
CIV,2021-05-09,2159,584216
CIV,2021-05-10,151,584367
CIV,2021-05-11,1884,586251
CIV,2021-05-12,1805,588056
CIV,2021-05-13,1119,589175
CIV,2021-05-14,1126,590301
CIV,2021-05-15,2537,592838
CIV,2021-05-16,1670,594508
CIV,2021-05-17,171,594679
CIV,2021-05-18,1801,596480
CIV,2021-05-19,2240,598720
CIV,2021-05-20,2158,600878
CIV,2021-05-21,2670,603548
CIV,2021-05-22,1739,605287
CIV,2021-05-23,2856,608143
CIV,2021-05-24,622,608765
CIV,2021-05-25,1312,610077
CIV,2021-05-26,0,610077
CIV,2021-05-27,0,610077
CIV,2021-05-28,2064,612141
CIV,2021-05-29,2109,614250
CIV,2021-05-30,0,614250
CIV,2021-05-31,0,614250
CIV,2021-06-01,1779,616029
CIV,2021-06-02,2362,618391
CIV,2021-06-03,1810,620201
CIV,2021-06-04,2759,622960
CIV,2021-06-05,2450,625410
CIV,2021-06-06,1826,627236
CIV,2021-06-07,476,627712
CIV,2021-06-08,1187,628899
CIV,2021-06-09,2315,631214
CIV,2021-06-10,2604,633818
CIV,2021-06-11,1938,635756
CIV,2021-06-12,2510,638266
CIV,2021-06-13,2225,640491
CIV,2021-06-14,860,641351
CIV,2021-06-15,1777,643128
CIV,2021-06-16,1292,644420
CIV,2021-06-17,2886,647306
CIV,2021-06-18,2895,650201
CIV,2021-06-19,2416,652617
CIV,2021-06-20,2855,655472
CIV,2021-06-21,377,655849
CIV,2021-06-22,1917,657766
CIV,2021-06-23,2025,659791
HRV,2020-03-03,0,0
HRV,2020-03-04,8,8
HRV,2020-03-05,18,26
HRV,2020-03-06,29,55
HRV,2020-03-07,15,70
HRV,2020-03-08,10,80
HRV,2020-03-09,17,97
HRV,2020-03-10,21,118
HRV,2020-03-11,0,118
HRV,2020-03-12,0,118
HRV,2020-03-13,70,188
HRV,2020-03-14,96,284
HRV,2020-03-15,96,380
HRV,2020-03-16,135,515
HRV,2020-03-17,229,744
HRV,2020-03-18,72,816
HRV,2020-03-19,83,899
HRV,2020-03-20,0,899
HRV,2020-03-21,0,899
HRV,2020-03-22,0,899
HRV,2020-03-23,0,899
HRV,2020-03-24,0,899
HRV,2020-03-25,459,1358
HRV,2020-03-26,590,1948
HRV,2020-03-27,570,2518
HRV,2020-03-28,437,2955
HRV,2020-03-29,685,3640
HRV,2020-03-30,504,4144
HRV,2020-03-31,611,4755
HRV,2020-04-01,665,5420
HRV,2020-04-02,672,6092
HRV,2020-04-03,898,6990
HRV,2020-04-04,583,7573
HRV,2020-04-05,1014,8587
HRV,2020-04-06,617,9204
HRV,2020-04-07,858,10062
HRV,2020-04-08,803,10865
HRV,2020-04-09,555,11420
HRV,2020-04-10,932,12352
HRV,2020-04-11,1079,13431
HRV,2020-04-12,690,14121
HRV,2020-04-13,1409,15530
HRV,2020-04-14,569,16099
HRV,2020-04-15,897,16996
HRV,2020-04-16,902,17898
HRV,2020-04-17,795,18693
HRV,2020-04-18,694,19387
HRV,2020-04-19,2539,21926
HRV,2020-04-20,2424,24350
HRV,2020-04-21,0,24350
HRV,2020-04-22,0,24350
HRV,2020-04-23,1239,25589
HRV,2020-04-24,1360,26949
HRV,2020-04-25,700,27649
HRV,2020-04-26,709,28358
HRV,2020-04-27,1195,29553
HRV,2020-04-28,760,30313
HRV,2020-04-29,899,31212
HRV,2020-04-30,2441,33653
HRV,2020-05-01,0,33653
HRV,2020-05-02,0,33653
HRV,2020-05-03,527,34180
HRV,2020-05-04,956,35136
HRV,2020-05-05,933,36069
HRV,2020-05-06,1080,37149
HRV,2020-05-07,885,38034
HRV,2020-05-08,1440,39474
HRV,2020-05-09,840,40314
HRV,2020-05-10,668,40982
HRV,2020-05-11,1185,42167
HRV,2020-05-12,1409,43576
HRV,2020-05-13,1257,44833
HRV,2020-05-14,1603,46436
HRV,2020-05-15,1228,47664
HRV,2020-05-16,857,48521
HRV,2020-05-17,1452,49973
HRV,2020-05-18,943,50916
HRV,2020-05-19,980,51896
HRV,2020-05-20,1221,53117
HRV,2020-05-21,0,53117
HRV,2020-05-22,0,53117
HRV,2020-05-23,953,54070
HRV,2020-05-24,618,54688
HRV,2020-05-25,940,55628
HRV,2020-05-26,1260,56888
HRV,2020-05-27,584,57472
HRV,2020-05-28,828,58300
HRV,2020-05-29,415,58715
HRV,2020-05-30,635,59350
HRV,2020-05-31,261,59611
HRV,2020-06-01,290,59901
HRV,2020-06-02,602,60503
HRV,2020-06-03,517,61020
HRV,2020-06-04,183,61203
HRV,2020-06-05,270,61473
HRV,2020-06-06,247,61720
HRV,2020-06-07,226,61946
HRV,2020-06-08,126,62072
HRV,2020-06-09,249,62321
HRV,2020-06-10,234,62555
HRV,2020-06-11,257,62812
HRV,2020-06-12,115,62927
HRV,2020-06-13,246,63173
HRV,2020-06-14,143,63316
HRV,2020-06-15,144,63460
HRV,2020-06-16,272,63732
HRV,2020-06-17,186,63918
HRV,2020-06-18,283,64201
HRV,2020-06-19,819,65020
HRV,2020-06-20,388,65408
HRV,2020-06-21,276,65684
HRV,2020-06-22,268,65952
HRV,2020-06-23,347,66299
HRV,2020-06-24,645,66944
HRV,2020-06-25,919,67863
HRV,2020-06-26,0,67863
HRV,2020-06-27,0,67863
HRV,2020-06-28,829,68692
HRV,2020-06-29,730,69422
HRV,2020-06-30,921,70343
HRV,2020-07-01,1352,71695
HRV,2020-07-02,981,72676
HRV,2020-07-03,1465,74141
HRV,2020-07-04,1264,75405
HRV,2020-07-05,1244,76649
HRV,2020-07-06,587,77236
HRV,2020-07-07,863,78099
HRV,2020-07-08,1375,79474
HRV,2020-07-09,1529,81003
HRV,2020-07-10,1722,82725
HRV,2020-07-11,1322,84047
HRV,2020-07-12,763,84810
HRV,2020-07-13,604,85414
HRV,2020-07-14,1745,87159
HRV,2020-07-15,1804,88963
HRV,2020-07-16,1690,90653
HRV,2020-07-17,1437,92090
HRV,2020-07-18,1338,93428
HRV,2020-07-19,915,94343
HRV,2020-07-20,1028,95371
HRV,2020-07-21,1394,96765
HRV,2020-07-22,1279,98044
HRV,2020-07-23,1417,99461
HRV,2020-07-24,1136,100597
HRV,2020-07-25,1156,101753
HRV,2020-07-26,1489,103242
HRV,2020-07-27,831,104073
HRV,2020-07-28,1256,105329
HRV,2020-07-29,1632,106961
HRV,2020-07-30,1448,108409
HRV,2020-07-31,1785,110194
HRV,2020-08-01,1381,111575
HRV,2020-08-02,984,112559
HRV,2020-08-03,763,113322
HRV,2020-08-04,1116,114438
HRV,2020-08-05,1184,115622
HRV,2020-08-06,934,116556
HRV,2020-08-07,1093,117649
HRV,2020-08-08,995,118644
HRV,2020-08-09,727,119371
HRV,2020-08-10,1247,120618
HRV,2020-08-11,1309,121927
HRV,2020-08-12,1604,123531
HRV,2020-08-13,1201,124732
HRV,2020-08-14,1249,125981
HRV,2020-08-15,1538,127519
HRV,2020-08-16,1377,128896
HRV,2020-08-17,990,129886
HRV,2020-08-18,1824,131710
HRV,2020-08-19,1653,133363
HRV,2020-08-20,2397,135760
HRV,2020-08-21,1647,137407
HRV,2020-08-22,2574,139981
HRV,2020-08-23,1718,141699
HRV,2020-08-24,2364,144063
HRV,2020-08-25,1335,145398
HRV,2020-08-26,3228,148626
HRV,2020-08-27,2849,151475
HRV,2020-08-28,2065,153540
HRV,2020-08-29,3415,156955
HRV,2020-08-30,922,157877
HRV,2020-08-31,1591,159468
HRV,2020-09-01,2995,162463
HRV,2020-09-02,4122,166585
HRV,2020-09-03,4492,171077
HRV,2020-09-04,4074,175151
HRV,2020-09-05,3939,179090
HRV,2020-09-06,3509,182599
HRV,2020-09-07,1793,184392
HRV,2020-09-08,3813,188205
HRV,2020-09-09,4172,192377
HRV,2020-09-10,4118,196495
HRV,2020-09-11,5549,202044
HRV,2020-09-12,5690,207734
HRV,2020-09-13,5339,213073
HRV,2020-09-14,3180,216253
HRV,2020-09-15,5571,221824
HRV,2020-09-16,6353,228177
HRV,2020-09-17,5948,234125
HRV,2020-09-18,6137,240262
HRV,2020-09-19,5457,245719
HRV,2020-09-20,4384,250103
HRV,2020-09-21,3268,253371
HRV,2020-09-22,5165,258536
HRV,2020-09-23,6387,264923
HRV,2020-09-24,5351,270274
HRV,2020-09-25,5414,275688
HRV,2020-09-26,4575,280263
HRV,2020-09-27,3945,284208
HRV,2020-09-28,3029,287237
HRV,2020-09-29,4494,291731
HRV,2020-09-30,6592,298323
HRV,2020-10-01,5322,303645
HRV,2020-10-02,4793,308438
HRV,2020-10-03,0,308438
HRV,2020-10-04,0,308438
HRV,2020-10-05,2233,310671
HRV,2020-10-06,4849,315520
HRV,2020-10-07,5353,320873
HRV,2020-10-08,5939,326812
HRV,2020-10-09,4417,331229
HRV,2020-10-10,4576,335805
HRV,2020-10-11,4989,340794
HRV,2020-10-12,2461,343255
HRV,2020-10-13,5259,348514
HRV,2020-10-14,6448,354962
HRV,2020-10-15,6696,361658
HRV,2020-10-16,5693,367351
HRV,2020-10-17,6980,374331
HRV,2020-10-18,4948,379279
HRV,2020-10-19,3636,382915
HRV,2020-10-20,5883,388798
HRV,2020-10-21,8255,397053
HRV,2020-10-22,6874,403927
HRV,2020-10-23,7313,411240
HRV,2020-10-24,8087,419327
HRV,2020-10-25,8520,427847
HRV,2020-10-26,3973,431820
HRV,2020-10-27,8185,440005
HRV,2020-10-28,8589,448594
HRV,2020-10-29,9679,458273
HRV,2020-10-30,9287,467560
HRV,2020-10-31,8741,476301
HRV,2020-11-01,8026,484327
HRV,2020-11-02,5115,489442
HRV,2020-11-03,7013,496455
HRV,2020-11-04,9206,505661
HRV,2020-11-05,8906,514567
HRV,2020-11-06,9317,523884
HRV,2020-11-07,8624,532508
HRV,2020-11-08,8787,541295
HRV,2020-11-09,5670,546965
HRV,2020-11-10,7803,554768
HRV,2020-11-11,9681,564449
HRV,2020-11-12,10156,574605
HRV,2020-11-13,9417,584022
HRV,2020-11-14,9614,593636
HRV,2020-11-15,8175,601811
HRV,2020-11-16,4861,606672
HRV,2020-11-17,7262,613934
HRV,2020-11-18,9126,623060
HRV,2020-11-19,8770,631830
HRV,2020-11-20,8321,640151
HRV,2020-11-21,9877,650028
HRV,2020-11-22,9216,659244
HRV,2020-11-23,6139,665383
HRV,2020-11-24,8944,674327
HRV,2020-11-25,10194,684521
HRV,2020-11-26,11487,696008
HRV,2020-11-27,11091,707099
HRV,2020-11-28,11282,718381
HRV,2020-11-29,8217,726598
HRV,2020-11-30,5027,731625
HRV,2020-12-01,9668,741293
HRV,2020-12-02,10077,751370
HRV,2020-12-03,11166,762536
HRV,2020-12-04,10626,773162
HRV,2020-12-05,10662,783824
HRV,2020-12-06,9340,793164
HRV,2020-12-07,5356,798520
HRV,2020-12-08,8782,807302
HRV,2020-12-09,12596,819898
HRV,2020-12-10,12095,831993
HRV,2020-12-11,11687,843680
HRV,2020-12-12,11114,854794
HRV,2020-12-13,9767,864561
HRV,2020-12-14,5798,870359
HRV,2020-12-15,8748,879107
HRV,2020-12-16,11387,890494
HRV,2020-12-17,12294,902788
HRV,2020-12-18,10849,913637
HRV,2020-12-19,0,913637
HRV,2020-12-20,0,913637
HRV,2020-12-21,0,913637
HRV,2020-12-22,9088,922725
HRV,2020-12-23,10194,932919
HRV,2020-12-24,8343,941262
HRV,2020-12-25,6164,947426
HRV,2020-12-26,1651,949077
HRV,2020-12-27,3628,952705
HRV,2020-12-28,2642,955347
HRV,2020-12-29,7411,962758
HRV,2020-12-30,6322,969080
HRV,2020-12-31,8441,977521
HRV,2021-01-01,5631,983152
HRV,2021-01-02,1740,984892
HRV,2021-01-03,5611,990503
HRV,2021-01-04,2985,993488
HRV,2021-01-05,6602,1000090
HRV,2021-01-06,9919,1010009
HRV,2021-01-07,3614,1013623
HRV,2021-01-08,6742,1020365
HRV,2021-01-09,8609,1028974
HRV,2021-01-10,7215,1036189
HRV,2021-01-11,3141,1039330
HRV,2021-01-12,7074,1046404
HRV,2021-01-13,7713,1054117
HRV,2021-01-14,6847,1060964
HRV,2021-01-15,5335,1066299
HRV,2021-01-16,5969,1072268
HRV,2021-01-17,4669,1076937
HRV,2021-01-18,2369,1079306
HRV,2021-01-19,6259,1085565
HRV,2021-01-20,7068,1092633
HRV,2021-01-21,5735,1098368
HRV,2021-01-22,4863,1103231
HRV,2021-01-23,4872,1108103
HRV,2021-01-24,4342,1112445
HRV,2021-01-25,2423,1114868
HRV,2021-01-26,6208,1121076
HRV,2021-01-27,7173,1128249
HRV,2021-01-28,5994,1134243
HRV,2021-01-29,5020,1139263
HRV,2021-01-30,5195,1144458
HRV,2021-01-31,5079,1149537
HRV,2021-02-01,1881,1151418
HRV,2021-02-02,6343,1157761
HRV,2021-02-03,7023,1164784
HRV,2021-02-04,0,1164784
HRV,2021-02-05,0,1164784
HRV,2021-02-06,0,1164784
HRV,2021-02-07,0,1164784
HRV,2021-02-08,0,1164784
HRV,2021-02-09,0,1164784
HRV,2021-02-10,0,1164784
HRV,2021-02-11,0,1164784
HRV,2021-02-12,4931,1169715
HRV,2021-02-13,0,1169715
HRV,2021-02-14,0,1169715
HRV,2021-02-15,2134,1171849
HRV,2021-02-16,6686,1178535
HRV,2021-02-17,7348,1185883
HRV,2021-02-18,6072,1191955
HRV,2021-02-19,4986,1196941
HRV,2021-02-20,5579,1202520
HRV,2021-02-21,5458,1207978
HRV,2021-02-22,2242,1210220
HRV,2021-02-23,6879,1217099
HRV,2021-02-24,7763,1224862
HRV,2021-02-25,6433,1231295
HRV,2021-02-26,5071,1236366
HRV,2021-02-27,6002,1242368
HRV,2021-02-28,5810,1248178
HRV,2021-03-01,2294,1250472
HRV,2021-03-02,7245,1257717
HRV,2021-03-03,7292,1265009
HRV,2021-03-04,6965,1271974
HRV,2021-03-05,5429,1277403
HRV,2021-03-06,5838,1283241
HRV,2021-03-07,6053,1289294
HRV,2021-03-08,0,1289294
HRV,2021-03-09,0,1289294
HRV,2021-03-10,0,1289294
HRV,2021-03-11,0,1289294
HRV,2021-03-12,0,1289294
HRV,2021-03-13,0,1289294
HRV,2021-03-14,0,1289294
HRV,2021-03-15,0,1289294
HRV,2021-03-16,0,1289294
HRV,2021-03-17,0,1289294
HRV,2021-03-18,0,1289294
HRV,2021-03-19,0,1289294
HRV,2021-03-20,0,1289294
HRV,2021-03-21,0,1289294
HRV,2021-03-22,0,1289294
HRV,2021-03-23,0,1289294
HRV,2021-03-24,0,1289294
HRV,2021-03-25,0,1289294
HRV,2021-03-26,8003,1297297
HRV,2021-03-27,8291,1305588
HRV,2021-03-28,7589,1313177
HRV,2021-03-29,2848,1316025
HRV,2021-03-30,9064,1325089
HRV,2021-03-31,10622,1335711
HRV,2021-04-01,9476,1345187
HRV,2021-04-02,8697,1353884
HRV,2021-04-03,7623,1361507
HRV,2021-04-04,6850,1368357
HRV,2021-04-05,1154,1369511
HRV,2021-04-06,6333,1375844
HRV,2021-04-07,9466,1385310
HRV,2021-04-08,11216,1396526
HRV,2021-04-09,8994,1405520
HRV,2021-04-10,10140,1415660
HRV,2021-04-11,9307,1424967
HRV,2021-04-12,3201,1428168
HRV,2021-04-13,10214,1438382
HRV,2021-04-14,11017,1449399
HRV,2021-04-15,0,1449399
HRV,2021-04-16,0,1449399
HRV,2021-04-17,0,1449399
HRV,2021-04-18,0,1449399
HRV,2021-04-19,0,1449399
HRV,2021-04-20,9831,1459230
HRV,2021-04-21,10523,1469753
HRV,2021-04-22,10537,1480290
HRV,2021-04-23,8783,1489073
HRV,2021-04-24,9184,1498257
HRV,2021-04-25,7007,1505264
HRV,2021-04-26,3417,1508681
HRV,2021-04-27,9890,1518571
HRV,2021-04-28,12032,1530603
HRV,2021-04-29,10358,1540961
HRV,2021-04-30,9282,1550243
HRV,2021-05-01,10318,1560561
HRV,2021-05-02,8370,1568931
HRV,2021-05-03,4193,1573124
HRV,2021-05-04,9040,1582164
HRV,2021-05-05,10446,1592610
HRV,2021-05-06,9069,1601679
HRV,2021-05-07,7682,1609361
HRV,2021-05-08,7985,1617346
HRV,2021-05-09,7060,1624406
HRV,2021-05-10,2944,1627350
HRV,2021-05-11,8839,1636189
HRV,2021-05-12,8773,1644962
HRV,2021-05-13,7501,1652463
HRV,2021-05-14,6587,1659050
HRV,2021-05-15,7322,1666372
HRV,2021-05-16,6946,1673318
HRV,2021-05-17,2329,1675647
HRV,2021-05-18,8004,1683651
HRV,2021-05-19,8426,1692077
HRV,2021-05-20,7038,1699115
HRV,2021-05-21,5829,1704944
HRV,2021-05-22,6497,1711441
HRV,2021-05-23,5612,1717053
HRV,2021-05-24,2704,1719757
HRV,2021-05-25,7695,1727452
HRV,2021-05-26,6830,1734282
HRV,2021-05-27,6319,1740601
HRV,2021-05-28,5273,1745874
HRV,2021-05-29,5971,1751845
HRV,2021-05-30,5550,1757395
HRV,2021-05-31,2116,1759511
HRV,2021-06-01,7039,1766550
HRV,2021-06-02,5657,1772207
HRV,2021-06-03,6049,1778256
HRV,2021-06-04,2675,1780931
HRV,2021-06-05,5381,1786312
HRV,2021-06-06,4973,1791285
HRV,2021-06-07,1989,1793274
HRV,2021-06-08,6814,1800088
HRV,2021-06-09,5970,1806058
HRV,2021-06-10,5435,1811493
HRV,2021-06-11,4083,1815576
HRV,2021-06-12,4701,1820277
HRV,2021-06-13,4495,1824772
HRV,2021-06-14,2076,1826848
HRV,2021-06-15,5924,1832772
HRV,2021-06-16,5485,1838257
HRV,2021-06-17,5192,1843449
HRV,2021-06-18,4436,1847885
HRV,2021-06-19,4316,1852201
HRV,2021-06-20,4340,1856541
HRV,2021-06-21,1674,1858215
HRV,2021-06-22,5308,1863523
HRV,2021-06-23,1992,1865515
HRV,2021-06-24,5051,1870566
HRV,2021-06-25,4009,1874575
HRV,2021-06-26,3834,1878409
HRV,2021-06-27,3505,1881914
HRV,2021-06-28,2236,1884150
HRV,2021-06-29,5506,1889656
CUB,2020-03-22,0,0
CUB,2020-03-23,107,107
CUB,2020-03-24,113,220
CUB,2020-03-25,155,375
CUB,2020-03-26,146,521
CUB,2020-03-27,329,850
CUB,2020-03-28,297,1147
CUB,2020-03-29,342,1489
CUB,2020-03-30,315,1804
CUB,2020-03-31,444,2248
CUB,2020-04-01,576,2824
CUB,2020-04-02,803,3627
CUB,2020-04-03,1057,4684
CUB,2020-04-04,1201,5885
CUB,2020-04-05,764,6649
CUB,2020-04-06,1056,7705
CUB,2020-04-07,1187,8892
CUB,2020-04-08,1315,10207
CUB,2020-04-09,1298,11505
CUB,2020-04-10,1139,12644
CUB,2020-04-11,1895,14539
CUB,2020-04-12,2076,16615
CUB,2020-04-13,1634,18249
CUB,2020-04-14,1684,19933
CUB,2020-04-15,1386,21319
CUB,2020-04-16,1480,22799
CUB,2020-04-17,1895,24694
CUB,2020-04-18,1770,26464
CUB,2020-04-19,1616,28080
CUB,2020-04-20,1818,29898
CUB,2020-04-21,1860,31758
CUB,2020-04-22,1967,33725
CUB,2020-04-23,1891,35616
CUB,2020-04-24,1857,37473
CUB,2020-04-25,1837,39310
CUB,2020-04-26,1823,41133
CUB,2020-04-27,1857,42990
CUB,2020-04-28,1836,44826
CUB,2020-04-29,2003,46829
CUB,2020-04-30,2062,48891
CUB,2020-05-01,2097,50988
CUB,2020-05-02,2039,53027
CUB,2020-05-03,1997,55024
CUB,2020-05-04,2169,57193
CUB,2020-05-05,1937,59130
CUB,2020-05-06,1965,61095
CUB,2020-05-07,1947,63042
CUB,2020-05-08,1949,64991
CUB,2020-05-09,1826,66817
CUB,2020-05-10,1847,68664
CUB,2020-05-11,1975,70639
CUB,2020-05-12,1972,72611
CUB,2020-05-13,2013,74624
CUB,2020-05-14,2232,76856
CUB,2020-05-15,2460,79316
CUB,2020-05-16,2083,81399
CUB,2020-05-17,1951,83350
CUB,2020-05-18,1688,85038
CUB,2020-05-19,1732,86770
CUB,2020-05-20,1743,88513
CUB,2020-05-21,1880,90393
CUB,2020-05-22,1718,92111
CUB,2020-05-23,1431,93542
CUB,2020-05-24,1451,94993
CUB,2020-05-25,1492,96485
CUB,2020-05-26,1378,97863
CUB,2020-05-27,1364,99227
CUB,2020-05-28,1363,100590
CUB,2020-05-29,2015,102605
CUB,2020-05-30,2151,104756
CUB,2020-05-31,1763,106519
CUB,2020-06-01,1352,107871
CUB,2020-06-02,1960,109831
CUB,2020-06-03,2100,111931
CUB,2020-06-04,2015,113946
CUB,2020-06-05,2004,115950
CUB,2020-06-06,2020,117970
CUB,2020-06-07,2048,120018
CUB,2020-06-08,2067,122085
CUB,2020-06-09,2344,124429
CUB,2020-06-10,2095,126524
CUB,2020-06-11,2090,128614
CUB,2020-06-12,2496,131110
CUB,2020-06-13,2135,133245
CUB,2020-06-14,2486,135731
CUB,2020-06-15,2582,138313
CUB,2020-06-16,2320,140633
CUB,2020-06-17,2582,143215
CUB,2020-06-18,2543,145758
CUB,2020-06-19,2536,148294
CUB,2020-06-20,2352,150646
CUB,2020-06-21,2069,152715
CUB,2020-06-22,2148,154863
CUB,2020-06-23,2006,156869
CUB,2020-06-24,2184,159053
CUB,2020-06-25,2103,161156
CUB,2020-06-26,2288,163444
CUB,2020-06-27,2373,165817
CUB,2020-06-28,2210,168027
CUB,2020-06-29,2246,170273
CUB,2020-06-30,2272,172545
CUB,2020-07-01,2309,174854
CUB,2020-07-02,2690,177544
CUB,2020-07-03,2635,180179
CUB,2020-07-04,2446,182625
CUB,2020-07-05,3375,186000
CUB,2020-07-06,3081,189081
CUB,2020-07-07,2844,191925
CUB,2020-07-08,3091,195016
CUB,2020-07-09,3141,198157
CUB,2020-07-10,3339,201496
CUB,2020-07-11,3106,204602
CUB,2020-07-12,2978,207580
CUB,2020-07-13,3329,210909
CUB,2020-07-14,3372,214281
CUB,2020-07-15,2761,217042
CUB,2020-07-16,3179,220221
CUB,2020-07-17,2959,223180
CUB,2020-07-18,2745,225925
CUB,2020-07-19,2914,228839
CUB,2020-07-20,2746,231585
CUB,2020-07-21,2714,234299
CUB,2020-07-22,3002,237301
CUB,2020-07-23,3075,240376
CUB,2020-07-24,3126,243502
CUB,2020-07-25,3183,246685
CUB,2020-07-26,3212,249897
CUB,2020-07-27,3346,253243
CUB,2020-07-28,3235,256478
CUB,2020-07-29,3455,259933
CUB,2020-07-30,3696,263629
CUB,2020-07-31,3502,267131
CUB,2020-08-01,3340,270471
CUB,2020-08-02,3485,273956
CUB,2020-08-03,3389,277345
CUB,2020-08-04,3732,281077
CUB,2020-08-05,3876,284953
CUB,2020-08-06,3941,288894
CUB,2020-08-07,3657,292551
CUB,2020-08-08,4262,296813
CUB,2020-08-09,4267,301080
CUB,2020-08-10,4054,305134
CUB,2020-08-11,4256,309390
CUB,2020-08-12,4591,313981
CUB,2020-08-13,4941,318922
CUB,2020-08-14,4603,323525
CUB,2020-08-15,3646,327171
CUB,2020-08-16,4350,331521
CUB,2020-08-17,4294,335815
CUB,2020-08-18,4990,340805
CUB,2020-08-19,5116,345921
CUB,2020-08-20,5224,351145
CUB,2020-08-21,4562,355707
CUB,2020-08-22,4867,360574
CUB,2020-08-23,4261,364835
CUB,2020-08-24,4536,369371
CUB,2020-08-25,3056,372427
CUB,2020-08-26,4549,376976
CUB,2020-08-27,5002,381978
CUB,2020-08-28,5698,387676
CUB,2020-08-29,4591,392267
CUB,2020-08-30,5438,397705
CUB,2020-08-31,4958,402663
CUB,2020-09-01,5546,408209
CUB,2020-09-02,5691,413900
CUB,2020-09-03,5855,419755
CUB,2020-09-04,6007,425762
CUB,2020-09-05,5760,431522
CUB,2020-09-06,7164,438686
CUB,2020-09-07,7572,446258
CUB,2020-09-08,7948,454206
CUB,2020-09-09,7569,461775
CUB,2020-09-10,7138,468913
CUB,2020-09-11,8128,477041
CUB,2020-09-12,7588,484629
CUB,2020-09-13,7380,492009
CUB,2020-09-14,7758,499767
CUB,2020-09-15,7939,507706
CUB,2020-09-16,7745,515451
CUB,2020-09-17,8405,523856
CUB,2020-09-18,7554,531410
CUB,2020-09-19,6724,538134
CUB,2020-09-20,7598,545732
CUB,2020-09-21,8175,553907
CUB,2020-09-22,7321,561228
CUB,2020-09-23,7625,568853
CUB,2020-09-24,7779,576632
CUB,2020-09-25,7744,584376
CUB,2020-09-26,7027,591403
CUB,2020-09-27,7099,598502
CUB,2020-09-28,7424,605926
CUB,2020-09-29,7550,613476
CUB,2020-09-30,7186,620662
CUB,2020-10-01,7545,628207
CUB,2020-10-02,7438,635645
CUB,2020-10-03,7538,643183
CUB,2020-10-04,7334,650517
CUB,2020-10-05,5770,656287
CUB,2020-10-06,6807,663094
CUB,2020-10-07,7132,670226
CUB,2020-10-08,7208,677434
CUB,2020-10-09,7066,684500
CUB,2020-10-10,6725,691225
CUB,2020-10-11,7903,699128
CUB,2020-10-12,6655,705783
CUB,2020-10-13,6758,712541
CUB,2020-10-14,7775,720316
CUB,2020-10-15,7592,727908
CUB,2020-10-16,7085,734993
CUB,2020-10-17,7905,742898
CUB,2020-10-18,6508,749406
CUB,2020-10-19,6699,756105
CUB,2020-10-20,6719,762824
CUB,2020-10-21,6798,769622
CUB,2020-10-22,7107,776729
CUB,2020-10-23,7099,783828
CUB,2020-10-24,7872,791700
CUB,2020-10-25,7969,799669
CUB,2020-10-26,7890,807559
CUB,2020-10-27,8201,815760
CUB,2020-10-28,7764,823524
CUB,2020-10-29,8245,831769
CUB,2020-10-30,8994,840763
CUB,2020-10-31,8658,849421
CUB,2020-11-01,8192,857613
CUB,2020-11-02,8097,865710
CUB,2020-11-03,8474,874184
CUB,2020-11-04,8999,883183
CUB,2020-11-05,8176,891359
CUB,2020-11-06,9664,901023
CUB,2020-11-07,8091,909114
CUB,2020-11-08,8927,918041
CUB,2020-11-09,8219,926260
CUB,2020-11-10,8803,935063
CUB,2020-11-11,8203,943266
CUB,2020-11-12,8721,951987
CUB,2020-11-13,8074,960061
CUB,2020-11-14,8760,968821
CUB,2020-11-15,8577,977398
CUB,2020-11-16,7785,985183
CUB,2020-11-17,7985,993168
CUB,2020-11-18,8684,1001852
CUB,2020-11-19,10416,1012268
CUB,2020-11-20,9593,1021861
CUB,2020-11-21,10113,1031974
CUB,2020-11-22,9977,1041951
CUB,2020-11-23,9061,1051012
CUB,2020-11-24,9981,1060993
CUB,2020-11-25,10596,1071589
CUB,2020-11-26,10921,1082510
CUB,2020-11-27,10147,1092657
CUB,2020-11-28,10466,1103123
CUB,2020-11-29,11503,1114626
CUB,2020-11-30,10607,1125233
CUB,2020-12-01,9760,1134993
CUB,2020-12-02,11092,1146085
CUB,2020-12-03,10524,1156609
CUB,2020-12-04,9386,1165995
CUB,2020-12-05,10009,1176004
CUB,2020-12-06,10099,1186103
CUB,2020-12-07,11342,1197445
CUB,2020-12-08,10519,1207964
CUB,2020-12-09,10236,1218200
CUB,2020-12-10,10795,1228995
CUB,2020-12-11,10484,1239479
CUB,2020-12-12,11770,1251249
CUB,2020-12-13,9987,1261236
CUB,2020-12-14,10565,1271801
CUB,2020-12-15,10869,1282670
CUB,2020-12-16,10864,1293534
CUB,2020-12-17,10869,1304403
CUB,2020-12-18,12052,1316455
CUB,2020-12-19,12642,1329097
CUB,2020-12-20,14378,1343475
CUB,2020-12-21,12568,1356043
CUB,2020-12-22,12207,1368250
CUB,2020-12-23,13108,1381358
CUB,2020-12-24,12471,1393829
CUB,2020-12-25,12255,1406084
CUB,2020-12-26,13912,1419996
CUB,2020-12-27,13625,1433621
CUB,2020-12-28,14767,1448388
CUB,2020-12-29,13162,1461550
CUB,2020-12-30,14605,1476155
CUB,2020-12-31,14094,1490249
CUB,2021-01-01,11243,1501492
CUB,2021-01-02,11254,1512746
CUB,2021-01-03,10024,1522770
CUB,2021-01-04,8754,1531524
CUB,2021-01-05,10136,1541660
CUB,2021-01-06,11396,1553056
CUB,2021-01-07,12092,1565148
CUB,2021-01-08,13592,1578740
CUB,2021-01-09,13349,1592089
CUB,2021-01-10,13212,1605301
CUB,2021-01-11,14350,1619651
CUB,2021-01-12,14261,1633912
CUB,2021-01-13,14579,1648491
CUB,2021-01-14,14550,1663041
CUB,2021-01-15,13323,1676364
CUB,2021-01-16,12865,1689229
CUB,2021-01-17,11387,1700616
CUB,2021-01-18,12676,1713292
CUB,2021-01-19,10931,1724223
CUB,2021-01-20,11433,1735656
CUB,2021-01-21,13449,1749105
CUB,2021-01-22,14371,1763476
CUB,2021-01-23,14237,1777713
CUB,2021-01-24,15152,1792865
CUB,2021-01-25,15544,1808409
CUB,2021-01-26,14527,1822936
CUB,2021-01-27,14593,1837529
CUB,2021-01-28,13903,1851432
CUB,2021-01-29,16529,1867961
CUB,2021-01-30,18044,1886005
CUB,2021-01-31,18403,1904408
CUB,2021-02-01,18004,1922412
CUB,2021-02-02,17076,1939488
CUB,2021-02-03,18095,1957583
CUB,2021-02-04,18017,1975600
CUB,2021-02-05,17500,1993100
CUB,2021-02-06,17787,2010887
CUB,2021-02-07,18981,2029868
CUB,2021-02-08,19322,2049190
CUB,2021-02-09,19710,2068900
CUB,2021-02-10,18614,2087514
CUB,2021-02-11,18561,2106075
CUB,2021-02-12,18181,2124256
CUB,2021-02-13,18362,2142618
CUB,2021-02-14,17807,2160425
CUB,2021-02-15,16274,2176699
CUB,2021-02-16,16134,2192833
CUB,2021-02-17,17051,2209884
CUB,2021-02-18,17949,2227833
CUB,2021-02-19,17145,2244978
CUB,2021-02-20,17786,2262764
CUB,2021-02-21,18430,2281194
CUB,2021-02-22,18718,2299912
CUB,2021-02-23,18792,2318704
CUB,2021-02-24,18337,2337041
CUB,2021-02-25,18568,2355609
CUB,2021-02-26,17892,2373501
CUB,2021-02-27,18113,2391614
CUB,2021-02-28,19155,2410769
CUB,2021-03-01,17577,2428346
CUB,2021-03-02,17580,2445926
CUB,2021-03-03,18077,2464003
CUB,2021-03-04,18036,2482039
CUB,2021-03-05,18317,2500356
CUB,2021-03-06,18570,2518926
CUB,2021-03-07,20578,2539504
CUB,2021-03-08,18274,2557778
CUB,2021-03-09,18678,2576456
CUB,2021-03-10,17541,2593997
CUB,2021-03-11,17759,2611756
CUB,2021-03-12,18362,2630118
CUB,2021-03-13,19310,2649428
CUB,2021-03-14,20878,2670306
CUB,2021-03-15,19812,2690118
CUB,2021-03-16,20132,2710250
CUB,2021-03-17,19537,2729787
CUB,2021-03-18,19381,2749168
CUB,2021-03-19,19788,2768956
CUB,2021-03-20,18690,2787646
CUB,2021-03-21,18966,2806612
CUB,2021-03-22,18162,2824774
CUB,2021-03-23,18177,2842951
CUB,2021-03-24,19812,2862763
CUB,2021-03-25,19842,2882605
CUB,2021-03-26,20935,2903540
CUB,2021-03-27,20013,2923553
CUB,2021-03-28,19360,2942913
CUB,2021-03-29,20421,2963334
CUB,2021-03-30,20412,2983746
CUB,2021-03-31,20914,3004660
CUB,2021-04-01,20749,3025409
CUB,2021-04-02,20974,3046383
CUB,2021-04-03,21488,3067871
CUB,2021-04-04,21200,3089071
CUB,2021-04-05,19328,3108399
CUB,2021-04-06,20127,3128526
CUB,2021-04-07,20302,3148828
CUB,2021-04-08,21180,3170008
CUB,2021-04-09,21332,3191340
CUB,2021-04-10,21487,3212827
CUB,2021-04-11,21799,3234626
CUB,2021-04-12,21399,3256025
CUB,2021-04-13,20993,3277018
CUB,2021-04-14,20672,3297690
CUB,2021-04-15,22418,3320108
CUB,2021-04-16,21187,3341295
CUB,2021-04-17,22088,3363383
CUB,2021-04-18,21568,3384951
CUB,2021-04-19,22239,3407190
CUB,2021-04-20,21380,3428570
CUB,2021-04-21,21830,3450400
CUB,2021-04-22,22217,3472617
CUB,2021-04-23,22587,3495204
CUB,2021-04-24,22237,3517441
CUB,2021-04-25,24019,3541460
CUB,2021-04-26,22795,3564255
CUB,2021-04-27,21441,3585696
CUB,2021-04-28,22805,3608501
CUB,2021-04-29,22451,3630952
CUB,2021-04-30,23384,3654336
CUB,2021-05-01,22237,3676573
CUB,2021-05-02,22938,3699511
CUB,2021-05-03,20700,3720211
CUB,2021-05-04,21067,3741278
CUB,2021-05-05,22818,3764096
CUB,2021-05-06,23282,3787378
CUB,2021-05-07,24777,3812155
CUB,2021-05-08,24672,3836827
CUB,2021-05-09,24111,3860938
CUB,2021-05-10,18417,3879355
CUB,2021-05-11,20606,3899961
CUB,2021-05-12,22934,3922895
CUB,2021-05-13,23137,3946032
CUB,2021-05-14,23533,3969565
CUB,2021-05-15,23021,3992586
CUB,2021-05-16,22779,4015365
CUB,2021-05-17,21995,4037360
CUB,2021-05-18,22648,4060008
CUB,2021-05-19,21574,4081582
CUB,2021-05-20,22896,4104478
CUB,2021-05-21,22815,4127293
CUB,2021-05-22,22430,4149723
CUB,2021-05-23,21259,4170982
CUB,2021-05-24,22372,4193354
CUB,2021-05-25,21228,4214582
CUB,2021-05-26,23078,4237660
CUB,2021-05-27,21978,4259638
CUB,2021-05-28,23299,4282937
CUB,2021-05-29,23002,4305939
CUB,2021-05-30,22407,4328346
CUB,2021-05-31,20474,4348820
CUB,2021-06-01,21412,4370232
CUB,2021-06-02,22620,4392852
CUB,2021-06-03,24399,4417251
CUB,2021-06-04,23963,4441214
CUB,2021-06-05,21730,4462944
CUB,2021-06-06,20992,4483936
CUB,2021-06-07,22511,4506447
CUB,2021-06-08,22322,4528769
CUB,2021-06-09,23618,4552387
CUB,2021-06-10,22690,4575077
CUB,2021-06-11,20730,4595807
CUB,2021-06-12,19600,4615407
CUB,2021-06-13,22093,4637500
CUB,2021-06-14,19862,4657362
CUB,2021-06-15,19791,4677153
CUB,2021-06-16,19342,4696495
CUB,2021-06-17,37050,4733545
CUB,2021-06-18,30575,4764120
CUB,2021-06-19,31158,4795278
CUB,2021-06-20,29281,4824559
CUB,2021-06-21,27126,4851685
CUB,2021-06-22,30462,4882147
CUB,2021-06-23,33471,4915618
CUB,2021-06-24,32380,4947998
CUB,2021-06-25,34608,4982606
CUB,2021-06-26,33981,5016587
CUB,2021-06-27,30449,5047036
CYP,2020-03-28,0,0
CYP,2020-03-29,530,530
CYP,2020-03-30,400,930
CYP,2020-03-31,550,1480
CYP,2020-04-01,779,2259
CYP,2020-04-02,603,2862
CYP,2020-04-03,668,3530
CYP,2020-04-04,698,4228
CYP,2020-04-05,792,5020
CYP,2020-04-06,718,5738
CYP,2020-04-07,1353,7091
CYP,2020-04-08,1256,8347
CYP,2020-04-09,1216,9563
CYP,2020-04-10,819,10382
CYP,2020-04-11,811,11193
CYP,2020-04-12,804,11997
CYP,2020-04-13,891,12888
CYP,2020-04-14,1703,14591
CYP,2020-04-15,2312,16903
CYP,2020-04-16,2905,19808
CYP,2020-04-17,3241,23049
CYP,2020-04-18,3209,26258
CYP,2020-04-19,1803,28061
CYP,2020-04-20,1669,29730
CYP,2020-04-21,1325,31055
CYP,2020-04-22,1441,32496
CYP,2020-04-23,2322,34818
CYP,2020-04-24,2698,37516
CYP,2020-04-25,2467,39983
CYP,2020-04-26,2415,42398
CYP,2020-04-27,1796,44194
CYP,2020-04-28,2999,47193
CYP,2020-04-29,2436,49629
CYP,2020-04-30,2454,52083
CYP,2020-05-01,2427,54510
CYP,2020-05-02,1731,56241
CYP,2020-05-03,1968,58209
CYP,2020-05-04,1490,59699
CYP,2020-05-05,1250,60949
CYP,2020-05-06,2062,63011
CYP,2020-05-07,1774,64785
CYP,2020-05-08,1957,66742
CYP,2020-05-09,1978,68720
CYP,2020-05-10,1393,70113
CYP,2020-05-11,1046,71159
CYP,2020-05-12,1153,72312
CYP,2020-05-13,1946,74258
CYP,2020-05-14,1659,75917
CYP,2020-05-15,1794,77711
CYP,2020-05-16,1564,79275
CYP,2020-05-17,2248,81523
CYP,2020-05-18,1287,82810
CYP,2020-05-19,1882,84692
CYP,2020-05-20,1984,86676
CYP,2020-05-21,2647,89323
CYP,2020-05-22,1970,91293
CYP,2020-05-23,2414,93707
CYP,2020-05-24,1953,95660
CYP,2020-05-25,2128,97788
CYP,2020-05-26,2214,100002
CYP,2020-05-27,2640,102642
CYP,2020-05-28,2602,105244
CYP,2020-05-29,2363,107607
CYP,2020-05-30,2061,109668
CYP,2020-05-31,1717,111385
CYP,2020-06-01,1504,112889
CYP,2020-06-02,1473,114362
CYP,2020-06-03,2928,117290
CYP,2020-06-04,1996,119286
CYP,2020-06-05,1836,121122
CYP,2020-06-06,2054,123176
CYP,2020-06-07,2364,125540
CYP,2020-06-08,799,126339
CYP,2020-06-09,484,126823
CYP,2020-06-10,1369,128192
CYP,2020-06-11,2518,130710
CYP,2020-06-12,1289,131999
CYP,2020-06-13,1613,133612
CYP,2020-06-14,1252,134864
CYP,2020-06-15,622,135486
CYP,2020-06-16,912,136398
CYP,2020-06-17,1210,137608
CYP,2020-06-18,1047,138655
CYP,2020-06-19,763,139418
CYP,2020-06-20,808,140226
CYP,2020-06-21,620,140846
CYP,2020-06-22,1039,141885
CYP,2020-06-23,1067,142952
CYP,2020-06-24,1405,144357
CYP,2020-06-25,1104,145461
CYP,2020-06-26,1059,146520
CYP,2020-06-27,1336,147856
CYP,2020-06-28,1059,148915
CYP,2020-06-29,1290,150205
CYP,2020-06-30,1320,151525
CYP,2020-07-01,1204,152729
CYP,2020-07-02,1019,153748
CYP,2020-07-03,1538,155286
CYP,2020-07-04,1699,156985
CYP,2020-07-05,1445,158430
CYP,2020-07-06,1259,159689
CYP,2020-07-07,1191,160880
CYP,2020-07-08,1691,162571
CYP,2020-07-09,1159,163730
CYP,2020-07-10,1247,164977
CYP,2020-07-11,1748,166725
CYP,2020-07-12,1179,167904
CYP,2020-07-13,942,168846
CYP,2020-07-14,1754,170600
CYP,2020-07-15,1658,172258
CYP,2020-07-16,1504,173762
CYP,2020-07-17,1329,175091
CYP,2020-07-18,1831,176922
CYP,2020-07-19,1085,178007
CYP,2020-07-20,1565,179572
CYP,2020-07-21,1395,180967
CYP,2020-07-22,2465,183432
CYP,2020-07-23,1575,185007
CYP,2020-07-24,1109,186116
CYP,2020-07-25,1682,187798
CYP,2020-07-26,902,188700
CYP,2020-07-27,1855,190555
CYP,2020-07-28,1974,192529
CYP,2020-07-29,1725,194254
CYP,2020-07-30,2069,196323
CYP,2020-07-31,1850,198173
CYP,2020-08-01,2987,201160
CYP,2020-08-02,2924,204084
CYP,2020-08-03,2581,206665
CYP,2020-08-04,3988,210653
CYP,2020-08-05,3132,213785
CYP,2020-08-06,3486,217271
CYP,2020-08-07,3539,220810
CYP,2020-08-08,3314,224124
CYP,2020-08-09,2919,227043
CYP,2020-08-10,2619,229662
CYP,2020-08-11,4024,233686
CYP,2020-08-12,3775,237461
CYP,2020-08-13,3387,240848
CYP,2020-08-14,2960,243808
CYP,2020-08-15,3813,247621
CYP,2020-08-16,2475,250096
CYP,2020-08-17,3588,253684
CYP,2020-08-18,4315,257999
CYP,2020-08-19,3372,261371
CYP,2020-08-20,3202,264573
CYP,2020-08-21,3201,267774
CYP,2020-08-22,3446,271220
CYP,2020-08-23,3281,274501
CYP,2020-08-24,3522,278023
CYP,2020-08-25,2769,280792
CYP,2020-08-26,3207,283999
CYP,2020-08-27,2755,286754
CYP,2020-08-28,2917,289671
CYP,2020-08-29,2843,292514
CYP,2020-08-30,2845,295359
CYP,2020-08-31,1916,297275
CYP,2020-09-01,2646,299921
CYP,2020-09-02,2643,302564
CYP,2020-09-03,2149,304713
CYP,2020-09-04,1810,306523
CYP,2020-09-05,3033,309556
CYP,2020-09-06,2150,311706
CYP,2020-09-07,2049,313755
CYP,2020-09-08,2797,316552
CYP,2020-09-09,2251,318803
CYP,2020-09-10,2452,321255
CYP,2020-09-11,3108,324363
CYP,2020-09-12,2320,326683
CYP,2020-09-13,2810,329493
CYP,2020-09-14,1960,331453
CYP,2020-09-15,3157,334610
CYP,2020-09-16,2449,337059
CYP,2020-09-17,1951,339010
CYP,2020-09-18,3039,342049
CYP,2020-09-19,2950,344999
CYP,2020-09-20,2164,347163
CYP,2020-09-21,3036,350199
CYP,2020-09-22,2709,352908
CYP,2020-09-23,3317,356225
CYP,2020-09-24,2893,359118
CYP,2020-09-25,2615,361733
CYP,2020-09-26,3220,364953
CYP,2020-09-27,3338,368291
CYP,2020-09-28,2465,370756
CYP,2020-09-29,2685,373441
CYP,2020-09-30,3147,376588
CYP,2020-10-01,2454,379042
CYP,2020-10-02,2412,381454
CYP,2020-10-03,3477,384931
CYP,2020-10-04,3177,388108
CYP,2020-10-05,2736,390844
CYP,2020-10-06,3532,394376
CYP,2020-10-07,3533,397909
CYP,2020-10-08,3133,401042
CYP,2020-10-09,2891,403933
CYP,2020-10-10,3414,407347
CYP,2020-10-11,3365,410712
CYP,2020-10-12,2610,413322
CYP,2020-10-13,3645,416967
CYP,2020-10-14,2291,419258
CYP,2020-10-15,3877,423135
CYP,2020-10-16,3084,426219
CYP,2020-10-17,4966,431185
CYP,2020-10-18,3688,434873
CYP,2020-10-19,2558,437431
CYP,2020-10-20,4410,441841
CYP,2020-10-21,3309,445150
CYP,2020-10-22,4304,449454
CYP,2020-10-23,4327,453781
CYP,2020-10-24,4284,458065
CYP,2020-10-25,2781,460846
CYP,2020-10-26,2285,463131
CYP,2020-10-27,3589,466720
CYP,2020-10-28,3122,469842
CYP,2020-10-29,2530,472372
CYP,2020-10-30,3672,476044
CYP,2020-10-31,4783,480827
CYP,2020-11-01,3053,483880
CYP,2020-11-02,2812,486692
CYP,2020-11-03,4033,490725
CYP,2020-11-04,3529,494254
CYP,2020-11-05,3756,498010
CYP,2020-11-06,3693,501703
CYP,2020-11-07,4218,505921
CYP,2020-11-08,2803,508724
CYP,2020-11-09,2111,510835
CYP,2020-11-10,4143,514978
CYP,2020-11-11,3291,518269
CYP,2020-11-12,2891,521160
CYP,2020-11-13,3088,524248
CYP,2020-11-14,4157,528405
CYP,2020-11-15,3333,531738
CYP,2020-11-16,7830,539568
CYP,2020-11-17,11582,551150
CYP,2020-11-18,10098,561248
CYP,2020-11-19,12405,573653
CYP,2020-11-20,12077,585730
CYP,2020-11-21,13443,599173
CYP,2020-11-22,9477,608650
CYP,2020-11-23,10862,619512
CYP,2020-11-24,11024,630536
CYP,2020-11-25,12034,642570
CYP,2020-11-26,12145,654715
CYP,2020-11-27,12990,667705
CYP,2020-11-28,14524,682229
CYP,2020-11-29,7628,689857
CYP,2020-11-30,7633,697490
CYP,2020-12-01,10095,707585
CYP,2020-12-02,9087,716672
CYP,2020-12-03,10022,726694
CYP,2020-12-04,9589,736283
CYP,2020-12-05,9746,746029
CYP,2020-12-06,7918,753947
CYP,2020-12-07,9452,763399
CYP,2020-12-08,10910,774309
CYP,2020-12-09,12253,786562
CYP,2020-12-10,14567,801129
CYP,2020-12-11,12816,813945
CYP,2020-12-12,11917,825862
CYP,2020-12-13,9845,835707
CYP,2020-12-14,9951,845658
CYP,2020-12-15,11733,857391
CYP,2020-12-16,12358,869749
CYP,2020-12-17,11518,881267
CYP,2020-12-18,12042,893309
CYP,2020-12-19,10304,903613
CYP,2020-12-20,7218,910831
CYP,2020-12-21,12772,923603
CYP,2020-12-22,12658,936261
CYP,2020-12-23,14188,950449
CYP,2020-12-24,8720,959169
CYP,2020-12-25,1407,960576
CYP,2020-12-26,3866,964442
CYP,2020-12-27,5625,970067
CYP,2020-12-28,13482,983549
CYP,2020-12-29,18070,1001619
CYP,2020-12-30,17451,1019070
CYP,2020-12-31,12643,1031713
CYP,2021-01-01,3226,1034939
CYP,2021-01-02,12039,1046978
CYP,2021-01-03,12051,1059029
CYP,2021-01-04,13495,1072524
CYP,2021-01-05,14309,1086833
CYP,2021-01-06,10201,1097034
CYP,2021-01-07,11576,1108610
CYP,2021-01-08,12831,1121441
CYP,2021-01-09,11521,1132962
CYP,2021-01-10,8778,1141740
CYP,2021-01-11,12842,1154582
CYP,2021-01-12,13231,1167813
CYP,2021-01-13,13298,1181111
CYP,2021-01-14,10328,1191439
CYP,2021-01-15,11163,1202602
CYP,2021-01-16,8014,1210616
CYP,2021-01-17,7056,1217672
CYP,2021-01-18,9384,1227056
CYP,2021-01-19,8366,1235422
CYP,2021-01-20,9884,1245306
CYP,2021-01-21,11170,1256476
CYP,2021-01-22,9635,1266111
CYP,2021-01-23,8155,1274266
CYP,2021-01-24,7740,1282006
CYP,2021-01-25,12805,1294811
CYP,2021-01-26,10992,1305803
CYP,2021-01-27,12133,1317936
CYP,2021-01-28,13594,1331530
CYP,2021-01-29,18972,1350502
CYP,2021-01-30,22674,1373176
CYP,2021-01-31,28364,1401540
CYP,2021-02-01,27248,1428788
CYP,2021-02-02,27085,1455873
CYP,2021-02-03,28659,1484532
CYP,2021-02-04,28405,1512937
CYP,2021-02-05,30333,1543270
CYP,2021-02-06,36863,1580133
CYP,2021-02-07,40974,1621107
CYP,2021-02-08,34739,1655846
CYP,2021-02-09,25427,1681273
CYP,2021-02-10,24780,1706053
CYP,2021-02-11,25971,1732024
CYP,2021-02-12,31205,1763229
CYP,2021-02-13,32310,1795539
CYP,2021-02-14,35241,1830780
CYP,2021-02-15,35164,1865944
CYP,2021-02-16,26270,1892214
CYP,2021-02-17,25414,1917628
CYP,2021-02-18,25555,1943183
CYP,2021-02-19,37325,1980508
CYP,2021-02-20,31755,2012263
CYP,2021-02-21,35028,2047291
CYP,2021-02-22,34190,2081481
CYP,2021-02-23,27762,2109243
CYP,2021-02-24,26603,2135846
CYP,2021-02-25,28461,2164307
CYP,2021-02-26,43958,2208265
CYP,2021-02-27,40747,2249012
CYP,2021-02-28,45231,2294243
CYP,2021-03-01,38001,2332244
CYP,2021-03-02,32933,2365177
CYP,2021-03-03,33194,2398371
CYP,2021-03-04,39807,2438178
CYP,2021-03-05,57926,2496104
CYP,2021-03-06,45369,2541473
CYP,2021-03-07,46544,2588017
CYP,2021-03-08,40891,2628908
CYP,2021-03-09,34799,2663707
CYP,2021-03-10,34079,2697786
CYP,2021-03-11,43177,2740963
CYP,2021-03-12,57337,2798300
CYP,2021-03-13,43940,2842240
CYP,2021-03-14,41269,2883509
CYP,2021-03-15,23144,2906653
CYP,2021-03-16,47884,2954537
CYP,2021-03-17,38685,2993222
CYP,2021-03-18,45598,3038820
CYP,2021-03-19,57791,3096611
CYP,2021-03-20,53774,3150385
CYP,2021-03-21,47306,3197691
CYP,2021-03-22,43173,3240864
CYP,2021-03-23,36702,3277566
CYP,2021-03-24,37486,3315052
CYP,2021-03-25,21300,3336352
CYP,2021-03-26,48484,3384836
CYP,2021-03-27,43411,3428247
CYP,2021-03-28,55090,3483337
CYP,2021-03-29,48432,3531769
CYP,2021-03-30,42257,3574026
CYP,2021-03-31,51301,3625327
CYP,2021-04-01,43914,3669241
CYP,2021-04-02,59144,3728385
CYP,2021-04-03,50343,3778728
CYP,2021-04-04,54842,3833570
CYP,2021-04-05,54652,3888222
CYP,2021-04-06,49083,3937305
CYP,2021-04-07,47181,3984486
CYP,2021-04-08,47547,4032033
CYP,2021-04-09,63207,4095240
CYP,2021-04-10,49314,4144554
CYP,2021-04-11,55096,4199650
CYP,2021-04-12,58097,4257747
CYP,2021-04-13,51256,4309003
CYP,2021-04-14,50287,4359290
CYP,2021-04-15,50902,4410192
CYP,2021-04-16,69068,4479260
CYP,2021-04-17,57138,4536398
CYP,2021-04-18,59042,4595440
CYP,2021-04-19,59766,4655206
CYP,2021-04-20,56768,4711974
CYP,2021-04-21,53024,4764998
CYP,2021-04-22,55566,4820564
CYP,2021-04-23,66634,4887198
CYP,2021-04-24,58459,4945657
CYP,2021-04-25,56862,5002519
CYP,2021-04-26,50601,5053120
CYP,2021-04-27,42877,5095997
CYP,2021-04-28,40811,5136808
CYP,2021-04-29,37325,5174133
CYP,2021-04-30,47621,5221754
CYP,2021-05-01,31677,5253431
CYP,2021-05-02,6158,5259589
CYP,2021-05-03,32399,5291988
CYP,2021-05-04,62459,5354447
CYP,2021-05-05,57314,5411761
CYP,2021-05-06,42232,5453993
CYP,2021-05-07,56420,5510413
CYP,2021-05-08,71251,5581664
CYP,2021-05-09,109846,5691510
CYP,2021-05-10,83418,5774928
CYP,2021-05-11,65548,5840476
CYP,2021-05-12,54816,5895292
CYP,2021-05-13,74926,5970218
CYP,2021-05-14,92823,6063041
CYP,2021-05-15,83338,6146379
CYP,2021-05-16,63798,6210177
CYP,2021-05-17,62304,6272481
CYP,2021-05-18,45598,6318079
CYP,2021-05-19,44294,6362373
CYP,2021-05-20,49364,6411737
CYP,2021-05-21,79545,6491282
CYP,2021-05-22,61609,6552891
CYP,2021-05-23,60508,6613399
CYP,2021-05-24,52815,6666214
CYP,2021-05-25,43347,6709561
CYP,2021-05-26,41776,6751337
CYP,2021-05-27,44513,6795850
CYP,2021-05-28,62125,6857975
CYP,2021-05-29,56456,6914431
CYP,2021-05-30,47156,6961587
CYP,2021-05-31,47063,7008650
CYP,2021-06-01,43028,7051678
CYP,2021-06-02,39568,7091246
CYP,2021-06-03,43163,7134409
CYP,2021-06-04,54217,7188626
CYP,2021-06-05,49462,7238088
CYP,2021-06-06,46276,7284364
CYP,2021-06-07,46611,7330975
CYP,2021-06-08,38435,7369410
CYP,2021-06-09,39124,7408534
CYP,2021-06-10,37664,7446198
CYP,2021-06-11,53864,7500062
CYP,2021-06-12,43502,7543564
CYP,2021-06-13,43151,7586715
CYP,2021-06-14,39852,7626567
CYP,2021-06-15,35729,7662296
CYP,2021-06-16,31124,7693420
CYP,2021-06-17,34157,7727577
CYP,2021-06-18,41891,7769468
CYP,2021-06-19,41226,7810694
CYP,2021-06-20,30610,7841304
CYP,2021-06-21,21250,7862554
CYP,2021-06-22,37674,7900228
CYP,2021-06-23,33413,7933641
CYP,2021-06-24,34427,7968068
CYP,2021-06-25,42660,8010728
CYP,2021-06-26,41809,8052537
CYP,2021-06-27,38787,8091324
CYP,2021-06-28,37546,8128870
CZE,2020-09-01,11137,11137
CZE,2020-09-02,11810,22947
CZE,2020-09-03,11541,34488
CZE,2020-09-04,13654,48142
CZE,2020-09-05,7468,55610
CZE,2020-09-06,4537,60147
CZE,2020-09-07,11604,71751
CZE,2020-09-08,16115,87866
CZE,2020-09-09,15507,103373
CZE,2020-09-10,16513,119886
CZE,2020-09-11,19217,139103
CZE,2020-09-12,13317,152420
CZE,2020-09-13,7090,159510
CZE,2020-09-14,17519,177029
CZE,2020-09-15,20461,197490
CZE,2020-09-16,20587,218077
CZE,2020-09-17,23591,241668
CZE,2020-09-18,21580,263248
CZE,2020-09-19,15231,278479
CZE,2020-09-20,10561,289040
CZE,2020-09-21,19410,308450
CZE,2020-09-22,22400,330850
CZE,2020-09-23,22445,353295
CZE,2020-09-24,23163,376458
CZE,2020-09-25,23132,399590
CZE,2020-09-26,15388,414978
CZE,2020-09-27,10468,425446
CZE,2020-09-28,12218,437664
CZE,2020-09-29,18322,455986
CZE,2020-09-30,21092,477078
CZE,2020-10-01,23921,500999
CZE,2020-10-02,23639,524638
CZE,2020-10-03,15201,539839
CZE,2020-10-04,7776,547615
CZE,2020-10-05,17768,565383
CZE,2020-10-06,23053,588436
CZE,2020-10-07,24051,612487
CZE,2020-10-08,25073,637560
CZE,2020-10-09,27743,665303
CZE,2020-10-10,18124,683427
CZE,2020-10-11,11504,694931
CZE,2020-10-12,22048,716979
CZE,2020-10-13,31638,748617
CZE,2020-10-14,34859,783476
CZE,2020-10-15,34806,818282
CZE,2020-10-16,38723,857005
CZE,2020-10-17,29279,886284
CZE,2020-10-18,17240,903524
CZE,2020-10-19,31165,934689
CZE,2020-10-20,40598,975287
CZE,2020-10-21,45245,1020532
CZE,2020-10-22,46425,1066957
CZE,2020-10-23,45252,1112209
CZE,2020-10-24,39192,1151401
CZE,2020-10-25,21593,1172994
CZE,2020-10-26,35597,1208591
CZE,2020-10-27,47498,1256089
CZE,2020-10-28,40123,1296212
CZE,2020-10-29,42577,1338789
CZE,2020-10-30,46822,1385611
CZE,2020-10-31,36296,1421907
CZE,2020-11-01,20643,1442550
CZE,2020-11-02,32916,1475466
CZE,2020-11-03,43629,1519095
CZE,2020-11-04,46117,1565212
CZE,2020-11-05,44072,1609284
CZE,2020-11-06,40888,1650172
CZE,2020-11-07,26527,1676699
CZE,2020-11-08,14001,1690700
CZE,2020-11-09,31782,1722482
CZE,2020-11-10,43537,1766019
CZE,2020-11-11,47156,1813175
CZE,2020-11-12,44456,1857631
CZE,2020-11-13,44204,1901835
CZE,2020-11-14,17843,1919678
CZE,2020-11-15,11967,1931645
CZE,2020-11-16,44745,1976390
CZE,2020-11-17,22241,1998631
CZE,2020-11-18,47234,2045865
CZE,2020-11-19,34559,2080424
CZE,2020-11-20,33989,2114413
CZE,2020-11-21,23306,2137719
CZE,2020-11-22,12453,2150172
CZE,2020-11-23,64771,2214943
CZE,2020-11-24,39140,2254083
CZE,2020-11-25,37286,2291369
CZE,2020-11-26,33256,2324625
CZE,2020-11-27,35642,2360267
CZE,2020-11-28,20906,2381173
CZE,2020-11-29,10070,2391243
CZE,2020-11-30,63053,2454296
CZE,2020-12-01,40305,2494601
CZE,2020-12-02,37663,2532264
CZE,2020-12-03,33091,2565355
CZE,2020-12-04,32083,2597438
CZE,2020-12-05,16757,2614195
CZE,2020-12-06,10088,2624283
CZE,2020-12-07,49382,2673665
CZE,2020-12-08,37949,2711614
CZE,2020-12-09,36527,2748141
CZE,2020-12-10,35020,2783161
CZE,2020-12-11,39355,2822516
CZE,2020-12-12,20333,2842849
CZE,2020-12-13,12536,2855385
CZE,2020-12-14,51745,2907130
CZE,2020-12-15,44851,2951981
CZE,2020-12-16,52420,3004401
CZE,2020-12-17,49935,3054336
CZE,2020-12-18,61442,3115778
CZE,2020-12-19,35345,3151123
CZE,2020-12-20,23849,3174972
CZE,2020-12-21,78892,3253864
CZE,2020-12-22,77854,3331718
CZE,2020-12-23,86613,3418331
CZE,2020-12-24,19435,3437766
CZE,2020-12-25,14582,3452348
CZE,2020-12-26,20254,3472602
CZE,2020-12-27,22639,3495241
CZE,2020-12-28,73764,3569005
CZE,2020-12-29,67307,3636312
CZE,2020-12-30,67131,3703443
CZE,2020-12-31,47183,3750626
CZE,2021-01-01,11636,3762262
CZE,2021-01-02,28970,3791232
CZE,2021-01-03,29638,3820870
CZE,2021-01-04,90686,3911556
CZE,2021-01-05,79115,3990671
CZE,2021-01-06,68919,4059590
CZE,2021-01-07,67242,4126832
CZE,2021-01-08,69667,4196499
CZE,2021-01-09,35442,4231941
CZE,2021-01-10,24865,4256806
CZE,2021-01-11,84153,4340959
CZE,2021-01-12,66684,4407643
CZE,2021-01-13,60544,4468187
CZE,2021-01-14,56448,4524635
CZE,2021-01-15,60176,4584811
CZE,2021-01-16,27348,4612159
CZE,2021-01-17,17632,4629791
CZE,2021-01-18,71475,4701266
CZE,2021-01-19,55495,4756761
CZE,2021-01-20,51319,4808080
CZE,2021-01-21,48428,4856508
CZE,2021-01-22,58787,4915295
CZE,2021-01-23,26590,4941885
CZE,2021-01-24,17952,4959837
CZE,2021-01-25,74603,5034440
CZE,2021-01-26,57642,5092082
CZE,2021-01-27,59250,5151332
CZE,2021-01-28,54092,5205424
CZE,2021-01-29,62696,5268120
CZE,2021-01-30,30979,5299099
CZE,2021-01-31,22470,5321569
CZE,2021-02-01,82579,5404148
CZE,2021-02-02,63732,5467880
CZE,2021-02-03,64875,5532755
CZE,2021-02-04,61547,5594302
CZE,2021-02-05,67651,5661953
CZE,2021-02-06,32087,5694040
CZE,2021-02-07,24560,5718600
CZE,2021-02-08,81085,5799685
CZE,2021-02-09,68248,5867933
CZE,2021-02-10,65084,5933017
CZE,2021-02-11,63665,5996682
CZE,2021-02-12,71659,6068341
CZE,2021-02-13,35940,6104281
CZE,2021-02-14,28907,6133188
CZE,2021-02-15,92661,6225849
CZE,2021-02-16,79072,6304921
CZE,2021-02-17,75995,6380916
CZE,2021-02-18,78991,6459907
CZE,2021-02-19,86483,6546390
CZE,2021-02-20,40029,6586419
CZE,2021-02-21,35016,6621435
CZE,2021-02-22,109014,6730449
CZE,2021-02-23,96981,6827430
CZE,2021-02-24,97114,6924544
CZE,2021-02-25,97065,7021609
CZE,2021-02-26,102598,7124207
CZE,2021-02-27,50300,7174507
CZE,2021-02-28,40117,7214624
CZE,2021-03-01,126408,7341032
CZE,2021-03-02,115617,7456649
CZE,2021-03-03,115036,7571685
CZE,2021-03-04,127557,7699242
CZE,2021-03-05,136259,7835501
CZE,2021-03-06,57064,7892565
CZE,2021-03-07,46678,7939243
CZE,2021-03-08,200575,8139818
CZE,2021-03-09,205875,8345693
CZE,2021-03-10,210564,8556257
CZE,2021-03-11,220294,8776551
CZE,2021-03-12,194787,8971338
CZE,2021-03-13,66501,9037839
CZE,2021-03-14,59824,9097663
CZE,2021-03-15,259334,9356997
CZE,2021-03-16,230382,9587379
CZE,2021-03-17,222399,9809778
CZE,2021-03-18,217573,10027351
CZE,2021-03-19,184683,10212034
CZE,2021-03-20,64443,10276477
CZE,2021-03-21,59828,10336305
CZE,2021-03-22,273298,10609603
CZE,2021-03-23,247364,10856967
CZE,2021-03-24,230249,11087216
CZE,2021-03-25,226615,11313831
CZE,2021-03-26,180716,11494547
CZE,2021-03-27,52001,11546548
CZE,2021-03-28,50627,11597175
CZE,2021-03-29,285156,11882331
CZE,2021-03-30,246089,12128420
CZE,2021-03-31,233768,12362188
CZE,2021-04-01,259754,12621942
CZE,2021-04-02,63785,12685727
CZE,2021-04-03,43613,12729340
CZE,2021-04-04,42445,12771785
CZE,2021-04-05,60874,12832659
CZE,2021-04-06,383269,13215928
CZE,2021-04-07,266696,13482624
CZE,2021-04-08,234589,13717213
CZE,2021-04-09,172519,13889732
CZE,2021-04-10,52605,13942337
CZE,2021-04-11,58776,14001113
CZE,2021-04-12,293307,14294420
CZE,2021-04-13,262282,14556702
CZE,2021-04-14,234430,14791132
CZE,2021-04-15,226751,15017883
CZE,2021-04-16,157503,15175386
CZE,2021-04-17,50012,15225398
CZE,2021-04-18,65007,15290405
CZE,2021-04-19,293857,15584262
CZE,2021-04-20,253733,15837995
CZE,2021-04-21,229207,16067202
CZE,2021-04-22,231297,16298499
CZE,2021-04-23,162451,16460950
CZE,2021-04-24,54030,16514980
CZE,2021-04-25,59577,16574557
CZE,2021-04-26,293215,16867772
CZE,2021-04-27,258725,17126497
CZE,2021-04-28,236222,17362719
CZE,2021-04-29,240157,17602876
CZE,2021-04-30,169473,17772349
CZE,2021-05-01,44351,17816700
CZE,2021-05-02,73179,17889879
CZE,2021-05-03,339648,18229527
CZE,2021-05-04,281758,18511285
CZE,2021-05-05,247872,18759157
CZE,2021-05-06,245951,19005108
CZE,2021-05-07,172406,19177514
CZE,2021-05-08,49344,19226858
CZE,2021-05-09,72846,19299704
CZE,2021-05-10,352284,19651988
CZE,2021-05-11,275500,19927488
CZE,2021-05-12,244543,20172031
CZE,2021-05-13,251490,20423521
CZE,2021-05-14,175140,20598661
CZE,2021-05-15,53277,20651938
CZE,2021-05-16,71873,20723811
CZE,2021-05-17,394284,21118095
CZE,2021-05-18,300212,21418307
CZE,2021-05-19,270268,21688575
CZE,2021-05-20,273692,21962267
CZE,2021-05-21,216262,22178529
CZE,2021-05-22,56576,22235105
CZE,2021-05-23,70853,22305958
CZE,2021-05-24,362568,22668526
CZE,2021-05-25,261259,22929785
CZE,2021-05-26,229175,23158960
CZE,2021-05-27,234944,23393904
CZE,2021-05-28,194383,23588287
CZE,2021-05-29,55071,23643358
CZE,2021-05-30,63918,23707276
CZE,2021-05-31,336091,24043367
CZE,2021-06-01,234976,24278343
CZE,2021-06-02,209190,24487533
CZE,2021-06-03,223691,24711224
CZE,2021-06-04,183134,24894358
CZE,2021-06-05,49642,24944000
CZE,2021-06-06,54308,24998308
CZE,2021-06-07,269233,25267541
CZE,2021-06-08,194983,25462524
CZE,2021-06-09,182080,25644604
CZE,2021-06-10,188703,25833307
CZE,2021-06-11,173827,26007134
CZE,2021-06-12,47714,26054848
CZE,2021-06-13,48070,26102918
CZE,2021-06-14,237836,26340754
CZE,2021-06-15,179134,26519888
CZE,2021-06-16,168912,26688800
CZE,2021-06-17,192681,26881481
CZE,2021-06-18,174303,27055784
CZE,2021-06-19,47855,27103639
CZE,2021-06-20,43109,27146748
CZE,2021-06-21,202795,27349543
CZE,2021-06-22,146649,27496192
CZE,2021-06-23,142347,27638539
CZE,2021-06-24,159271,27797810
CZE,2021-06-25,137391,27935201
CZE,2021-06-26,50835,27986036
CZE,2021-06-27,37723,28023759
CZE,2021-06-28,144846,28168605
COD,2020-04-08,64,64
COD,2020-04-09,98,162
COD,2020-04-10,127,289
COD,2020-04-11,122,411
COD,2020-04-12,0,411
COD,2020-04-13,68,479
COD,2020-04-14,197,676
COD,2020-04-15,206,882
COD,2020-04-16,141,1023
COD,2020-04-17,300,1323
COD,2020-04-18,297,1620
COD,2020-04-19,127,1747
COD,2020-04-20,86,1833
COD,2020-04-21,123,1956
COD,2020-04-22,119,2075
COD,2020-04-23,74,2149
COD,2020-04-24,136,2285
COD,2020-04-25,190,2475
COD,2020-04-26,0,2475
COD,2020-04-27,70,2545
COD,2020-04-28,187,2732
COD,2020-04-29,126,2858
COD,2020-04-30,0,2858
COD,2020-05-01,238,3096
COD,2020-05-02,164,3260
COD,2020-05-03,0,3260
COD,2020-05-04,121,3381
COD,2020-05-05,0,3381
COD,2020-05-06,374,3755
COD,2020-05-07,270,4025
COD,2020-05-08,131,4156
COD,2020-05-09,0,4156
COD,2020-05-10,0,4156
COD,2020-05-11,289,4445
COD,2020-05-12,192,4637
COD,2020-05-13,310,4947
COD,2020-05-14,209,5156
COD,2020-05-15,0,5156
COD,2020-05-16,242,5398
COD,2020-05-17,0,5398
COD,2020-05-18,0,5398
COD,2020-05-19,0,5398
COD,2020-05-20,0,5398
COD,2020-05-21,225,5623
COD,2020-05-22,0,5623
COD,2020-05-23,287,5910
COD,2020-05-24,402,6312
COD,2020-05-25,0,6312
COD,2020-05-26,410,6722
COD,2020-05-27,367,7089
COD,2020-05-28,327,7416
COD,2020-05-29,398,7814
COD,2020-05-30,357,8171
COD,2020-05-31,0,8171
COD,2020-06-01,0,8171
COD,2020-06-02,610,8781
COD,2020-06-03,650,9431
COD,2020-06-04,415,9846
COD,2020-06-05,440,10286
COD,2020-06-06,492,10778
COD,2020-06-07,0,10778
COD,2020-06-08,0,10778
COD,2020-06-09,392,11170
COD,2020-06-10,655,11825
COD,2020-06-11,579,12404
COD,2020-06-12,366,12770
COD,2020-06-13,362,13132
COD,2020-06-14,0,13132
COD,2020-06-15,0,13132
COD,2020-06-16,549,13681
COD,2020-06-17,569,14250
COD,2020-06-18,624,14874
COD,2020-06-19,839,15713
COD,2020-06-20,0,15713
COD,2020-06-21,336,16049
COD,2020-06-22,0,16049
COD,2020-06-23,962,17011
COD,2020-06-24,974,17985
COD,2020-06-25,824,18809
COD,2020-06-26,951,19760
COD,2020-06-27,975,20735
COD,2020-06-28,475,21210
COD,2020-06-29,923,22133
COD,2020-06-30,686,22819
COD,2020-07-01,662,23481
COD,2020-07-02,748,24229
COD,2020-07-03,758,24987
COD,2020-07-04,243,25230
COD,2020-07-05,335,25565
COD,2020-07-06,846,26411
COD,2020-07-07,919,27330
COD,2020-07-08,1217,28547
COD,2020-07-09,566,29113
COD,2020-07-10,893,30006
COD,2020-07-11,466,30472
COD,2020-07-12,349,30821
COD,2020-07-13,741,31562
COD,2020-07-14,456,32018
COD,2020-07-15,563,32581
COD,2020-07-16,464,33045
COD,2020-07-17,800,33845
COD,2020-07-18,435,34280
COD,2020-07-19,423,34703
COD,2020-07-20,649,35352
COD,2020-07-21,741,36093
COD,2020-07-22,737,36830
COD,2020-07-23,645,37475
COD,2020-07-24,464,37939
COD,2020-07-25,669,38608
COD,2020-07-26,137,38745
COD,2020-07-27,242,38987
COD,2020-07-28,242,39229
COD,2020-07-29,637,39866
COD,2020-07-30,364,40230
COD,2020-07-31,417,40647
COD,2020-08-01,289,40936
COD,2020-08-02,237,41173
COD,2020-08-03,431,41604
COD,2020-08-04,344,41948
COD,2020-08-05,489,42437
COD,2020-08-06,342,42779
COD,2020-08-07,431,43210
COD,2020-08-08,342,43552
COD,2020-08-09,267,43819
COD,2020-08-10,299,44118
COD,2020-08-11,462,44580
COD,2020-08-12,413,44993
COD,2020-08-13,326,45319
COD,2020-08-14,480,45799
COD,2020-08-15,437,46236
COD,2020-08-16,208,46444
COD,2020-08-17,333,46777
COD,2020-08-18,293,47070
COD,2020-08-19,398,47468
COD,2020-08-20,309,47777
COD,2020-08-21,254,48031
COD,2020-08-22,422,48453
COD,2020-08-23,154,48607
COD,2020-08-24,184,48791
COD,2020-08-25,217,49008
COD,2020-08-26,148,49156
COD,2020-08-27,296,49452
COD,2020-08-28,151,49603
COD,2020-08-29,339,49942
COD,2020-08-30,327,50269
COD,2020-08-31,135,50404
COD,2020-09-01,0,50404
COD,2020-09-02,266,50670
COD,2020-09-03,187,50857
COD,2020-09-04,434,51291
COD,2020-09-05,339,51630
COD,2020-09-06,128,51758
COD,2020-09-07,272,52030
COD,2020-09-08,250,52280
COD,2020-09-09,195,52475
COD,2020-09-10,396,52871
COD,2020-09-11,273,53144
COD,2020-09-12,230,53374
COD,2020-09-13,36,53410
COD,2020-09-14,189,53599
COD,2020-09-15,272,53871
COD,2020-09-16,313,54184
COD,2020-09-17,392,54576
COD,2020-09-18,251,54827
COD,2020-09-19,188,55015
COD,2020-09-20,99,55114
COD,2020-09-21,128,55242
COD,2020-09-22,238,55480
COD,2020-09-23,251,55731
COD,2020-09-24,275,56006
COD,2020-09-25,210,56216
COD,2020-09-26,121,56337
COD,2020-09-27,92,56429
COD,2020-09-28,187,56616
COD,2020-09-29,212,56828
COD,2020-09-30,316,57144
COD,2020-10-01,253,57397
COD,2020-10-02,223,57620
COD,2020-10-03,141,57761
COD,2020-10-04,126,57887
COD,2020-10-05,147,58034
COD,2020-10-06,220,58254
COD,2020-10-07,210,58464
COD,2020-10-08,154,58618
COD,2020-10-09,0,58618
COD,2020-10-10,0,58618
COD,2020-10-11,0,58618
COD,2020-10-12,76,58694
COD,2020-10-13,224,58918
COD,2020-10-14,288,59206
COD,2020-10-15,0,59206
COD,2020-10-16,0,59206
COD,2020-10-17,0,59206
COD,2020-10-18,160,59366
COD,2020-10-19,0,59366
COD,2020-10-20,0,59366
COD,2020-10-21,174,59540
COD,2020-10-22,183,59723
COD,2020-10-23,180,59903
COD,2020-10-24,207,60110
COD,2020-10-25,139,60249
COD,2020-10-26,132,60381
COD,2020-10-27,208,60589
COD,2020-10-28,167,60756
COD,2020-10-29,287,61043
COD,2020-10-30,171,61214
COD,2020-10-31,180,61394
COD,2020-11-01,180,61574
COD,2020-11-02,168,61742
COD,2020-11-03,160,61902
COD,2020-11-04,291,62193
COD,2020-11-05,185,62378
COD,2020-11-06,157,62535
COD,2020-11-07,267,62802
COD,2020-11-08,116,62918
COD,2020-11-09,153,63071
COD,2020-11-10,202,63273
COD,2020-11-11,296,63569
COD,2020-11-12,0,63569
COD,2020-11-13,352,63921
COD,2020-11-14,342,64263
COD,2020-11-15,147,64410
COD,2020-11-16,177,64587
COD,2020-11-17,323,64910
COD,2020-11-18,323,65233
COD,2020-11-19,385,65618
COD,2020-11-20,331,65949
COD,2020-11-21,407,66356
COD,2020-11-22,178,66534
COD,2020-11-23,159,66693
COD,2020-11-24,278,66971
COD,2020-11-25,416,67387
COD,2020-11-26,407,67794
COD,2020-11-27,415,68209
COD,2020-11-28,448,68657
COD,2020-11-29,189,68846
COD,2020-11-30,348,69194
COD,2020-12-01,533,69727
COD,2020-12-02,575,70302
COD,2020-12-03,443,70745
COD,2020-12-04,477,71222
COD,2020-12-05,503,71725
COD,2020-12-06,284,72009
COD,2020-12-07,376,72385
COD,2020-12-08,496,72881
COD,2020-12-09,494,73375
COD,2020-12-10,598,73973
COD,2020-12-11,497,74470
COD,2020-12-12,413,74883
COD,2020-12-13,406,75289
COD,2020-12-14,372,75661
COD,2020-12-15,623,76284
COD,2020-12-16,536,76820
COD,2020-12-17,533,77353
COD,2020-12-18,561,77914
COD,2020-12-19,561,78475
COD,2020-12-20,355,78830
COD,2020-12-21,422,79252
COD,2020-12-22,720,79972
COD,2020-12-23,531,80503
COD,2020-12-24,486,80989
COD,2020-12-25,429,81418
COD,2020-12-26,434,81852
COD,2020-12-27,279,82131
COD,2020-12-28,529,82660
COD,2020-12-29,570,83230
COD,2020-12-30,714,83944
COD,2020-12-31,718,84662
COD,2021-01-01,220,84882
COD,2021-01-02,344,85226
COD,2021-01-03,190,85416
COD,2021-01-04,311,85727
COD,2021-01-05,628,86355
COD,2021-01-06,974,87329
COD,2021-01-07,504,87833
COD,2021-01-08,824,88657
COD,2021-01-09,862,89519
COD,2021-01-10,281,89800
COD,2021-01-11,1016,90816
COD,2021-01-12,1057,91873
COD,2021-01-13,866,92739
COD,2021-01-14,413,93152
COD,2021-01-15,675,93827
COD,2021-01-16,602,94429
COD,2021-01-17,454,94883
COD,2021-01-18,325,95208
COD,2021-01-19,454,95662
COD,2021-01-20,457,96119
COD,2021-01-21,651,96770
COD,2021-01-22,407,97177
COD,2021-01-23,728,97905
COD,2021-01-24,381,98286
COD,2021-01-25,269,98555
COD,2021-01-26,522,99077
COD,2021-01-27,669,99746
COD,2021-01-28,597,100343
COD,2021-01-29,901,101244
COD,2021-01-30,721,101965
COD,2021-01-31,371,102336
COD,2021-02-01,671,103007
COD,2021-02-02,603,103610
COD,2021-02-03,314,103924
COD,2021-02-04,936,104860
COD,2021-02-05,514,105374
COD,2021-02-06,441,105815
COD,2021-02-07,182,105997
COD,2021-02-08,413,106410
COD,2021-02-09,650,107060
COD,2021-02-10,604,107664
COD,2021-02-11,573,108237
COD,2021-02-12,485,108722
COD,2021-02-13,447,109169
COD,2021-02-14,384,109553
COD,2021-02-15,171,109724
COD,2021-02-16,445,110169
COD,2021-02-17,659,110828
COD,2021-02-18,440,111268
COD,2021-02-19,299,111567
COD,2021-02-20,422,111989
COD,2021-02-21,357,112346
COD,2021-02-22,298,112644
COD,2021-02-23,275,112919
COD,2021-02-24,352,113271
COD,2021-02-25,494,113765
COD,2021-02-26,654,114419
COD,2021-02-27,439,114858
COD,2021-02-28,184,115042
COD,2021-03-01,255,115297
COD,2021-03-02,634,115931
COD,2021-03-03,258,116189
COD,2021-03-04,219,116408
COD,2021-03-05,338,116746
COD,2021-03-06,291,117037
COD,2021-03-07,205,117242
COD,2021-03-08,330,117572
COD,2021-03-09,261,117833
COD,2021-03-10,236,118069
COD,2021-03-11,463,118532
COD,2021-03-12,308,118840
COD,2021-03-13,273,119113
COD,2021-03-14,391,119504
COD,2021-03-15,44,119548
COD,2021-03-16,254,119802
COD,2021-03-17,110,119912
COD,2021-03-18,333,120245
COD,2021-03-19,565,120810
COD,2021-03-20,251,121061
COD,2021-03-21,107,121168
COD,2021-03-22,107,121275
COD,2021-03-23,613,121888
COD,2021-03-24,253,122141
COD,2021-03-25,261,122402
COD,2021-03-26,557,122959
COD,2021-03-27,178,123137
COD,2021-03-28,452,123589
COD,2021-03-29,192,123781
COD,2021-03-30,318,124099
COD,2021-03-31,283,124382
COD,2021-04-01,148,124530
COD,2021-04-02,384,124914
COD,2021-04-03,127,125041
COD,2021-04-04,129,125170
COD,2021-04-05,127,125297
COD,2021-04-06,238,125535
COD,2021-04-07,203,125738
COD,2021-04-08,255,125993
COD,2021-04-09,197,126190
COD,2021-04-10,160,126350
COD,2021-04-11,168,126518
COD,2021-04-12,305,126823
COD,2021-04-13,406,127229
COD,2021-04-14,231,127460
COD,2021-04-15,351,127811
COD,2021-04-16,339,128150
COD,2021-04-17,514,128664
COD,2021-04-18,253,128917
COD,2021-04-19,223,129140
COD,2021-04-20,426,129566
COD,2021-04-21,307,129873
COD,2021-04-22,368,130241
COD,2021-04-23,543,130784
COD,2021-04-24,600,131384
COD,2021-04-25,240,131624
COD,2021-04-26,293,131917
COD,2021-04-27,242,132159
COD,2021-04-28,289,132448
COD,2021-04-29,253,132701
COD,2021-04-30,554,133255
COD,2021-05-01,360,133615
COD,2021-05-02,319,133934
COD,2021-05-03,407,134341
COD,2021-05-04,446,134787
COD,2021-05-05,493,135280
COD,2021-05-06,493,135773
COD,2021-05-07,182,135955
COD,2021-05-08,328,136283
COD,2021-05-09,229,136512
COD,2021-05-10,366,136878
COD,2021-05-11,432,137310
COD,2021-05-12,255,137565
COD,2021-05-13,129,137694
COD,2021-05-14,228,137922
COD,2021-05-15,38,137960
COD,2021-05-16,165,138125
COD,2021-05-17,147,138272
COD,2021-05-18,438,138710
COD,2021-05-19,438,139148
COD,2021-05-20,476,139624
COD,2021-05-21,401,140025
COD,2021-05-22,499,140524
COD,2021-05-23,177,140701
COD,2021-05-24,422,141123
COD,2021-05-25,226,141349
COD,2021-05-26,280,141629
COD,2021-05-27,512,142141
COD,2021-05-28,230,142371
COD,2021-05-29,533,142904
COD,2021-05-30,253,143157
COD,2021-05-31,0,143157
COD,2021-06-01,474,143631
COD,2021-06-02,488,144119
COD,2021-06-03,489,144608
COD,2021-06-04,715,145323
COD,2021-06-05,946,146269
COD,2021-06-06,587,146856
COD,2021-06-07,510,147366
COD,2021-06-08,2511,149877
COD,2021-06-09,1133,151010
COD,2021-06-10,2532,153542
COD,2021-06-11,1069,154611
COD,2021-06-12,1358,155969
COD,2021-06-13,5137,161106
COD,2021-06-14,1092,162198
COD,2021-06-15,1003,163201
COD,2021-06-16,1009,164210
COD,2021-06-17,1200,165410
COD,2021-06-18,562,165972
COD,2021-06-19,3485,169457
COD,2021-06-20,540,169997
COD,2021-06-21,1906,171903
COD,2021-06-22,1100,173003
COD,2021-06-23,1126,174129
DNK,2020-02-02,1,1
DNK,2020-02-03,0,1
DNK,2020-02-04,0,1
DNK,2020-02-05,0,1
DNK,2020-02-06,0,1
DNK,2020-02-07,0,1
DNK,2020-02-08,0,1
DNK,2020-02-09,0,1
DNK,2020-02-10,0,1
DNK,2020-02-11,0,1
DNK,2020-02-12,0,1
DNK,2020-02-13,1,2
DNK,2020-02-14,0,2
DNK,2020-02-15,0,2
DNK,2020-02-16,0,2
DNK,2020-02-17,1,3
DNK,2020-02-18,2,5
DNK,2020-02-19,2,7
DNK,2020-02-20,1,8
DNK,2020-02-21,0,8
DNK,2020-02-22,1,9
DNK,2020-02-23,0,9
DNK,2020-02-24,0,9
DNK,2020-02-25,10,19
DNK,2020-02-26,30,49
DNK,2020-02-27,109,158
DNK,2020-02-28,62,220
DNK,2020-02-29,74,294
DNK,2020-03-01,49,343
DNK,2020-03-02,80,423
DNK,2020-03-03,63,486
DNK,2020-03-04,88,574
DNK,2020-03-05,109,683
DNK,2020-03-06,127,810
DNK,2020-03-07,108,918
DNK,2020-03-08,229,1147
DNK,2020-03-09,577,1724
DNK,2020-03-10,806,2530
DNK,2020-03-11,882,3412
DNK,2020-03-12,676,4088
DNK,2020-03-13,710,4798
DNK,2020-03-14,583,5381
DNK,2020-03-15,726,6107
DNK,2020-03-16,1016,7123
DNK,2020-03-17,948,8071
DNK,2020-03-18,1226,9297
DNK,2020-03-19,1848,11145
DNK,2020-03-20,1178,12323
DNK,2020-03-21,602,12925
DNK,2020-03-22,532,13457
DNK,2020-03-23,1124,14581
DNK,2020-03-24,1123,15704
DNK,2020-03-25,1372,17076
DNK,2020-03-26,1610,18686
DNK,2020-03-27,2110,20796
DNK,2020-03-28,1383,22179
DNK,2020-03-29,1301,23480
DNK,2020-03-30,3218,26698
DNK,2020-03-31,3209,29907
DNK,2020-04-01,3558,33465
DNK,2020-04-02,5749,39214
DNK,2020-04-03,6615,45829
DNK,2020-04-04,3685,49514
DNK,2020-04-05,2187,51701
DNK,2020-04-06,6529,58230
DNK,2020-04-07,6350,64580
DNK,2020-04-08,5608,70188
DNK,2020-04-09,2522,72710
DNK,2020-04-10,2303,75013
DNK,2020-04-11,2210,77223
DNK,2020-04-12,2118,79341
DNK,2020-04-13,2129,81470
DNK,2020-04-14,6186,87656
DNK,2020-04-15,5600,93256
DNK,2020-04-16,5299,98555
DNK,2020-04-17,4773,103328
DNK,2020-04-18,2271,105599
DNK,2020-04-19,1860,107459
DNK,2020-04-20,6642,114101
DNK,2020-04-21,9745,123846
DNK,2020-04-22,11580,135426
DNK,2020-04-23,12459,147885
DNK,2020-04-24,14781,162666
DNK,2020-04-25,12416,175082
DNK,2020-04-26,10301,185383
DNK,2020-04-27,17341,202724
DNK,2020-04-28,16262,218986
DNK,2020-04-29,16058,235044
DNK,2020-04-30,15935,250979
DNK,2020-05-01,14432,265411
DNK,2020-05-02,11149,276560
DNK,2020-05-03,9001,285561
DNK,2020-05-04,17830,303391
DNK,2020-05-05,16018,319409
DNK,2020-05-06,14525,333934
DNK,2020-05-07,14414,348348
DNK,2020-05-08,8378,356726
DNK,2020-05-09,8250,364976
DNK,2020-05-10,6693,371669
DNK,2020-05-11,16449,388118
DNK,2020-05-12,14777,402895
DNK,2020-05-13,14713,417608
DNK,2020-05-14,12977,430585
DNK,2020-05-15,12650,443235
DNK,2020-05-16,7715,450950
DNK,2020-05-17,7094,458044
DNK,2020-05-18,15262,473306
DNK,2020-05-19,14906,488212
DNK,2020-05-20,14432,502644
DNK,2020-05-21,8505,511149
DNK,2020-05-22,12316,523465
DNK,2020-05-23,8804,532269
DNK,2020-05-24,8687,540956
DNK,2020-05-25,18300,559256
DNK,2020-05-26,15980,575236
DNK,2020-05-27,14781,590017
DNK,2020-05-28,13141,603158
DNK,2020-05-29,11786,614944
DNK,2020-05-30,7181,622125
DNK,2020-05-31,7648,629773
DNK,2020-06-01,8745,638518
DNK,2020-06-02,15549,654067
DNK,2020-06-03,13383,667450
DNK,2020-06-04,11865,679315
DNK,2020-06-05,9680,688995
DNK,2020-06-06,7986,696981
DNK,2020-06-07,7766,704747
DNK,2020-06-08,16855,721602
DNK,2020-06-09,15661,737263
DNK,2020-06-10,14968,752231
DNK,2020-06-11,14613,766844
DNK,2020-06-12,14880,781724
DNK,2020-06-13,10019,791743
DNK,2020-06-14,9069,800812
DNK,2020-06-15,17725,818537
DNK,2020-06-16,18209,836746
DNK,2020-06-17,19224,855970
DNK,2020-06-18,17511,873481
DNK,2020-06-19,16991,890472
DNK,2020-06-20,12112,902584
DNK,2020-06-21,11430,914014
DNK,2020-06-22,21462,935476
DNK,2020-06-23,20914,956390
DNK,2020-06-24,20075,976465
DNK,2020-06-25,16827,993292
DNK,2020-06-26,15741,1009033
DNK,2020-06-27,9489,1018522
DNK,2020-06-28,9458,1027980
DNK,2020-06-29,18722,1046702
DNK,2020-06-30,17888,1064590
DNK,2020-07-01,17616,1082206
DNK,2020-07-02,15357,1097563
DNK,2020-07-03,14320,1111883
DNK,2020-07-04,9670,1121553
DNK,2020-07-05,9741,1131294
DNK,2020-07-06,17840,1149134
DNK,2020-07-07,16513,1165647
DNK,2020-07-08,15898,1181545
DNK,2020-07-09,14341,1195886
DNK,2020-07-10,14184,1210070
DNK,2020-07-11,9656,1219726
DNK,2020-07-12,9131,1228857
DNK,2020-07-13,18278,1247135
DNK,2020-07-14,16718,1263853
DNK,2020-07-15,16346,1280199
DNK,2020-07-16,15181,1295380
DNK,2020-07-17,14276,1309656
DNK,2020-07-18,10671,1320327
DNK,2020-07-19,10940,1331267
DNK,2020-07-20,18211,1349478
DNK,2020-07-21,16694,1366172
DNK,2020-07-22,16643,1382815
DNK,2020-07-23,15790,1398605
DNK,2020-07-24,16108,1414713
DNK,2020-07-25,11731,1426444
DNK,2020-07-26,12805,1439249
DNK,2020-07-27,20724,1459973
DNK,2020-07-28,20376,1480349
DNK,2020-07-29,20224,1500573
DNK,2020-07-30,20541,1521114
DNK,2020-07-31,19915,1541029
DNK,2020-08-01,14306,1555335
DNK,2020-08-02,15716,1571051
DNK,2020-08-03,23844,1594895
DNK,2020-08-04,24946,1619841
DNK,2020-08-05,24854,1644695
DNK,2020-08-06,26848,1671543
DNK,2020-08-07,27059,1698602
DNK,2020-08-08,20788,1719390
DNK,2020-08-09,20932,1740322
DNK,2020-08-10,30953,1771275
DNK,2020-08-11,33527,1804802
DNK,2020-08-12,34727,1839529
DNK,2020-08-13,33796,1873325
DNK,2020-08-14,32563,1905888
DNK,2020-08-15,25250,1931138
DNK,2020-08-16,25599,1956737
DNK,2020-08-17,35579,1992316
DNK,2020-08-18,37881,2030197
DNK,2020-08-19,39067,2069264
DNK,2020-08-20,38011,2107275
DNK,2020-08-21,35709,2142984
DNK,2020-08-22,28635,2171619
DNK,2020-08-23,27561,2199180
DNK,2020-08-24,39336,2238516
DNK,2020-08-25,39814,2278330
DNK,2020-08-26,40054,2318384
DNK,2020-08-27,38675,2357059
DNK,2020-08-28,35429,2392488
DNK,2020-08-29,25184,2417672
DNK,2020-08-30,25244,2442916
DNK,2020-08-31,39637,2482553
DNK,2020-09-01,39253,2521806
DNK,2020-09-02,40019,2561825
DNK,2020-09-03,38809,2600634
DNK,2020-09-04,40139,2640773
DNK,2020-09-05,28976,2669749
DNK,2020-09-06,29754,2699503
DNK,2020-09-07,47893,2747396
DNK,2020-09-08,48354,2795750
DNK,2020-09-09,48840,2844590
DNK,2020-09-10,52171,2896761
DNK,2020-09-11,50575,2947336
DNK,2020-09-12,41718,2989054
DNK,2020-09-13,41900,3030954
DNK,2020-09-14,55785,3086739
DNK,2020-09-15,56157,3142896
DNK,2020-09-16,56699,3199595
DNK,2020-09-17,52062,3251657
DNK,2020-09-18,51572,3303229
DNK,2020-09-19,40425,3343654
DNK,2020-09-20,40969,3384623
DNK,2020-09-21,54189,3438812
DNK,2020-09-22,56632,3495444
DNK,2020-09-23,55683,3551127
DNK,2020-09-24,53932,3605059
DNK,2020-09-25,51594,3656653
DNK,2020-09-26,39984,3696637
DNK,2020-09-27,39623,3736260
DNK,2020-09-28,54003,3790263
DNK,2020-09-29,50817,3841080
DNK,2020-09-30,47976,3889056
DNK,2020-10-01,44600,3933656
DNK,2020-10-02,43183,3976839
DNK,2020-10-03,33981,4010820
DNK,2020-10-04,33955,4044775
DNK,2020-10-05,52642,4097417
DNK,2020-10-06,53627,4151044
DNK,2020-10-07,50486,4201530
DNK,2020-10-08,48124,4249654
DNK,2020-10-09,39707,4289361
DNK,2020-10-10,27469,4316830
DNK,2020-10-11,26770,4343600
DNK,2020-10-12,40602,4384202
DNK,2020-10-13,36289,4420491
DNK,2020-10-14,36128,4456619
DNK,2020-10-15,35456,4492075
DNK,2020-10-16,34773,4526848
DNK,2020-10-17,27152,4554000
DNK,2020-10-18,30274,4584274
DNK,2020-10-19,48310,4632584
DNK,2020-10-20,44678,4677262
DNK,2020-10-21,47533,4724795
DNK,2020-10-22,49655,4774450
DNK,2020-10-23,50591,4825041
DNK,2020-10-24,45801,4870842
DNK,2020-10-25,51926,4922768
DNK,2020-10-26,66140,4988908
DNK,2020-10-27,73495,5062403
DNK,2020-10-28,70458,5132861
DNK,2020-10-29,68123,5200984
DNK,2020-10-30,64105,5265089
DNK,2020-10-31,51286,5316375
DNK,2020-11-01,51835,5368210
DNK,2020-11-02,70512,5438722
DNK,2020-11-03,73758,5512480
DNK,2020-11-04,71632,5584112
DNK,2020-11-05,71485,5655597
DNK,2020-11-06,69486,5725083
DNK,2020-11-07,59039,5784122
DNK,2020-11-08,58175,5842297
DNK,2020-11-09,81330,5923627
DNK,2020-11-10,80782,6004409
DNK,2020-11-11,76243,6080652
DNK,2020-11-12,74229,6154881
DNK,2020-11-13,72041,6226922
DNK,2020-11-14,56125,6283047
DNK,2020-11-15,55306,6338353
DNK,2020-11-16,79314,6417667
DNK,2020-11-17,82542,6500209
DNK,2020-11-18,79931,6580140
DNK,2020-11-19,75401,6655541
DNK,2020-11-20,72594,6728135
DNK,2020-11-21,57736,6785871
DNK,2020-11-22,60988,6846859
DNK,2020-11-23,77416,6924275
DNK,2020-11-24,83748,7008023
DNK,2020-11-25,80273,7088296
DNK,2020-11-26,80401,7168697
DNK,2020-11-27,72172,7240869
DNK,2020-11-28,56611,7297480
DNK,2020-11-29,58069,7355549
DNK,2020-11-30,80796,7436345
DNK,2020-12-01,82561,7518906
DNK,2020-12-02,84882,7603788
DNK,2020-12-03,88424,7692212
DNK,2020-12-04,81878,7774090
DNK,2020-12-05,63397,7837487
DNK,2020-12-06,69187,7906674
DNK,2020-12-07,98384,8005058
DNK,2020-12-08,110530,8115588
DNK,2020-12-09,109651,8225239
DNK,2020-12-10,109672,8334911
DNK,2020-12-11,102377,8437288
DNK,2020-12-12,85552,8522840
DNK,2020-12-13,86855,8609695
DNK,2020-12-14,122593,8732288
DNK,2020-12-15,134497,8866785
DNK,2020-12-16,136603,9003388
DNK,2020-12-17,133887,9137275
DNK,2020-12-18,130243,9267518
DNK,2020-12-19,115116,9382634
DNK,2020-12-20,120927,9503561
DNK,2020-12-21,168293,9671854
DNK,2020-12-22,163526,9835380
DNK,2020-12-23,120590,9955970
DNK,2020-12-24,38866,9994836
DNK,2020-12-25,39382,10034218
DNK,2020-12-26,62850,10097068
DNK,2020-12-27,67157,10164225
DNK,2020-12-28,112261,10276486
DNK,2020-12-29,117889,10394375
DNK,2020-12-30,111380,10505755
DNK,2020-12-31,34462,10540217
DNK,2021-01-01,32021,10572238
DNK,2021-01-02,73453,10645691
DNK,2021-01-03,65623,10711314
DNK,2021-01-04,107361,10818675
DNK,2021-01-05,105577,10924252
DNK,2021-01-06,97035,11021287
DNK,2021-01-07,86421,11107708
DNK,2021-01-08,76570,11184278
DNK,2021-01-09,53521,11237799
DNK,2021-01-10,48754,11286553
DNK,2021-01-11,82711,11369264
DNK,2021-01-12,86191,11455455
DNK,2021-01-13,78860,11534315
DNK,2021-01-14,106737,11641052
DNK,2021-01-15,100907,11741959
DNK,2021-01-16,77360,11819319
DNK,2021-01-17,75273,11894592
DNK,2021-01-18,111394,12005986
DNK,2021-01-19,125187,12131173
DNK,2021-01-20,116677,12247850
DNK,2021-01-21,126729,12374579
DNK,2021-01-22,113152,12487731
DNK,2021-01-23,81783,12569514
DNK,2021-01-24,80054,12649568
DNK,2021-01-25,126982,12776550
DNK,2021-01-26,123901,12900451
DNK,2021-01-27,117644,13018095
DNK,2021-01-28,138737,13156832
DNK,2021-01-29,118175,13275007
DNK,2021-01-30,83169,13358176
DNK,2021-01-31,77543,13435719
DNK,2021-02-01,128096,13563815
DNK,2021-02-02,119525,13683340
DNK,2021-02-03,115171,13798511
DNK,2021-02-04,148438,13946949
DNK,2021-02-05,132806,14079755
DNK,2021-02-06,91274,14171029
DNK,2021-02-07,78960,14249989
DNK,2021-02-08,128813,14378802
DNK,2021-02-09,118727,14497529
DNK,2021-02-10,122961,14620490
DNK,2021-02-11,152941,14773431
DNK,2021-02-12,131567,14904998
DNK,2021-02-13,90105,14995103
DNK,2021-02-14,84946,15080049
DNK,2021-02-15,130691,15210740
DNK,2021-02-16,124600,15335340
DNK,2021-02-17,124136,15459476
DNK,2021-02-18,153808,15613284
DNK,2021-02-19,128791,15742075
DNK,2021-02-20,97624,15839699
DNK,2021-02-21,96917,15936616
DNK,2021-02-22,148824,16085440
DNK,2021-02-23,139626,16225066
DNK,2021-02-24,135900,16360966
DNK,2021-02-25,168629,16529595
DNK,2021-02-26,153366,16682961
DNK,2021-02-27,120288,16803249
DNK,2021-02-28,118142,16921391
DNK,2021-03-01,168917,17090308
DNK,2021-03-02,161159,17251467
DNK,2021-03-03,156540,17408007
DNK,2021-03-04,187079,17595086
DNK,2021-03-05,155247,17750333
DNK,2021-03-06,115482,17865815
DNK,2021-03-07,121643,17987458
DNK,2021-03-08,170437,18157895
DNK,2021-03-09,155492,18313387
DNK,2021-03-10,153602,18466989
DNK,2021-03-11,186540,18653529
DNK,2021-03-12,161223,18814752
DNK,2021-03-13,131522,18946274
DNK,2021-03-14,134738,19081012
DNK,2021-03-15,188321,19269333
DNK,2021-03-16,179905,19449238
DNK,2021-03-17,167816,19617054
DNK,2021-03-18,193846,19810900
DNK,2021-03-19,164799,19975699
DNK,2021-03-20,130659,20106358
DNK,2021-03-21,135468,20241826
DNK,2021-03-22,187780,20429606
DNK,2021-03-23,180908,20610514
DNK,2021-03-24,173667,20784181
DNK,2021-03-25,191865,20976046
DNK,2021-03-26,175053,21151099
DNK,2021-03-27,120350,21271449
DNK,2021-03-28,123458,21394907
DNK,2021-03-29,187581,21582488
DNK,2021-03-30,194732,21777220
DNK,2021-03-31,194865,21972085
DNK,2021-04-01,139653,22111738
DNK,2021-04-02,113863,22225601
DNK,2021-04-03,128678,22354279
DNK,2021-04-04,166342,22520621
DNK,2021-04-05,179399,22700020
DNK,2021-04-06,208209,22908229
DNK,2021-04-07,176614,23084843
DNK,2021-04-08,192857,23277700
DNK,2021-04-09,172698,23450398
DNK,2021-04-10,151559,23601957
DNK,2021-04-11,154064,23756021
DNK,2021-04-12,204533,23960554
DNK,2021-04-13,190850,24151404
DNK,2021-04-14,182675,24334079
DNK,2021-04-15,201280,24535359
DNK,2021-04-16,167799,24703158
DNK,2021-04-17,142504,24845662
DNK,2021-04-18,152068,24997730
DNK,2021-04-19,200153,25197883
DNK,2021-04-20,189176,25387059
DNK,2021-04-21,187450,25574509
DNK,2021-04-22,224473,25798982
DNK,2021-04-23,180558,25979540
DNK,2021-04-24,139579,26119119
DNK,2021-04-25,152632,26271751
DNK,2021-04-26,193740,26465491
DNK,2021-04-27,179121,26644612
DNK,2021-04-28,185262,26829874
DNK,2021-04-29,226847,27056721
DNK,2021-04-30,136200,27192921
DNK,2021-05-01,130872,27323793
DNK,2021-05-02,151394,27475187
DNK,2021-05-03,190631,27665818
DNK,2021-05-04,177516,27843334
DNK,2021-05-05,196364,28039698
DNK,2021-05-06,234537,28274235
DNK,2021-05-07,200147,28474382
DNK,2021-05-08,144938,28619320
DNK,2021-05-09,162860,28782180
DNK,2021-05-10,209847,28992027
DNK,2021-05-11,197690,29189717
DNK,2021-05-12,221291,29411008
DNK,2021-05-13,178538,29589546
DNK,2021-05-14,167428,29756974
DNK,2021-05-15,139422,29896396
DNK,2021-05-16,168297,30064693
DNK,2021-05-17,203144,30267837
DNK,2021-05-18,179029,30446866
DNK,2021-05-19,175787,30622653
DNK,2021-05-20,214376,30837029
DNK,2021-05-21,185227,31022256
DNK,2021-05-22,112611,31134867
DNK,2021-05-23,133409,31268276
DNK,2021-05-24,148016,31416292
DNK,2021-05-25,171119,31587411
DNK,2021-05-26,151518,31738929
DNK,2021-05-27,200631,31939560
DNK,2021-05-28,152513,32092073
DNK,2021-05-29,94191,32186264
DNK,2021-05-30,122759,32309023
DNK,2021-05-31,149515,32458538
DNK,2021-06-01,129107,32587645
DNK,2021-06-02,139400,32727045
DNK,2021-06-03,189222,32916267
DNK,2021-06-04,141848,33058115
DNK,2021-06-05,78634,33136749
DNK,2021-06-06,109174,33245923
DNK,2021-06-07,127208,33373131
DNK,2021-06-08,106156,33479287
DNK,2021-06-09,109295,33588582
DNK,2021-06-10,154248,33742830
DNK,2021-06-11,105583,33848413
DNK,2021-06-12,57795,33906208
DNK,2021-06-13,80472,33986680
DNK,2021-06-14,94815,34081495
DNK,2021-06-15,87122,34168617
DNK,2021-06-16,89870,34258487
DNK,2021-06-17,113779,34372266
DNK,2021-06-18,82578,34454844
DNK,2021-06-19,50923,34505767
DNK,2021-06-20,73498,34579265
DNK,2021-06-21,77592,34656857
DNK,2021-06-22,70902,34727759
DNK,2021-06-23,76040,34803799
DNK,2021-06-24,116727,34920526
DNK,2021-06-25,86955,35007481
DNK,2021-06-26,52388,35059869
DNK,2021-06-27,34473,35094342
DOM,2020-03-18,0,0
DOM,2020-03-19,0,0
DOM,2020-03-20,0,0
DOM,2020-03-21,309,309
DOM,2020-03-22,191,500
DOM,2020-03-23,185,685
DOM,2020-03-24,134,819
DOM,2020-03-25,341,1160
DOM,2020-03-26,282,1442
DOM,2020-03-27,423,1865
DOM,2020-03-28,437,2302
DOM,2020-03-29,366,2668
DOM,2020-03-30,299,2967
DOM,2020-03-31,447,3414
DOM,2020-04-01,316,3730
DOM,2020-04-02,182,3912
DOM,2020-04-03,342,4254
DOM,2020-04-04,641,4895
DOM,2020-04-05,306,5201
DOM,2020-04-06,331,5532
DOM,2020-04-07,538,6070
DOM,2020-04-08,793,6863
DOM,2020-04-09,785,7648
DOM,2020-04-10,533,8181
DOM,2020-04-11,806,8987
DOM,2020-04-12,800,9787
DOM,2020-04-13,373,10160
DOM,2020-04-14,1293,11453
DOM,2020-04-15,488,11941
DOM,2020-04-16,1053,12994
DOM,2020-04-17,1091,14085
DOM,2020-04-18,1210,15295
DOM,2020-04-19,1099,16394
DOM,2020-04-20,291,16685
DOM,2020-04-21,1288,17973
DOM,2020-04-22,1019,18992
DOM,2020-04-23,990,19982
DOM,2020-04-24,1014,20996
DOM,2020-04-25,1214,22210
DOM,2020-04-26,987,23197
DOM,2020-04-27,494,23691
DOM,2020-04-28,1389,25080
DOM,2020-04-29,1613,26693
DOM,2020-04-30,1465,28158
DOM,2020-05-01,1656,29814
DOM,2020-05-02,1923,31737
DOM,2020-05-03,1352,33089
DOM,2020-05-04,959,34048
DOM,2020-05-05,1004,35052
DOM,2020-05-06,1619,36671
DOM,2020-05-07,1584,38255
DOM,2020-05-08,2048,40303
DOM,2020-05-09,2024,42327
DOM,2020-05-10,1672,43999
DOM,2020-05-11,1038,45037
DOM,2020-05-12,1792,46829
DOM,2020-05-13,746,47575
DOM,2020-05-14,2245,49820
DOM,2020-05-15,2251,52071
DOM,2020-05-16,921,52992
DOM,2020-05-17,2189,55181
DOM,2020-05-18,2888,58069
DOM,2020-05-19,1619,59688
DOM,2020-05-20,1354,61042
DOM,2020-05-21,2189,63231
DOM,2020-05-22,1836,65067
DOM,2020-05-23,2585,67652
DOM,2020-05-24,1668,69320
DOM,2020-05-25,1364,70684
DOM,2020-05-26,2149,72833
DOM,2020-05-27,1491,74324
DOM,2020-05-28,2318,76642
DOM,2020-05-29,2242,78884
DOM,2020-05-30,2475,81359
DOM,2020-05-31,1797,83156
DOM,2020-06-01,1194,84350
DOM,2020-06-02,1647,85997
DOM,2020-06-03,1771,87768
DOM,2020-06-04,2085,89853
DOM,2020-06-05,2079,91932
DOM,2020-06-06,2291,94223
DOM,2020-06-07,2529,96752
DOM,2020-06-08,1060,97812
DOM,2020-06-09,1935,99747
DOM,2020-06-10,2465,102212
DOM,2020-06-11,2516,104728
DOM,2020-06-12,2159,106887
DOM,2020-06-13,1847,108734
DOM,2020-06-14,1759,110493
DOM,2020-06-15,1822,112315
DOM,2020-06-16,1932,114247
DOM,2020-06-17,2584,116831
DOM,2020-06-18,2200,119031
DOM,2020-06-19,3327,122358
DOM,2020-06-20,3222,125580
DOM,2020-06-21,2907,128487
DOM,2020-06-22,1970,130457
DOM,2020-06-23,2973,133430
DOM,2020-06-24,2251,135681
DOM,2020-06-25,2729,138410
DOM,2020-06-26,3642,142052
DOM,2020-06-27,3720,145772
DOM,2020-06-28,2148,147920
DOM,2020-06-29,2711,150631
DOM,2020-06-30,3210,153841
DOM,2020-07-01,2916,156757
DOM,2020-07-02,3496,160253
DOM,2020-07-03,3186,163439
DOM,2020-07-04,3645,167084
DOM,2020-07-05,2627,169711
DOM,2020-07-06,1098,170809
DOM,2020-07-07,3654,174463
DOM,2020-07-08,4087,178550
DOM,2020-07-09,3425,181975
DOM,2020-07-10,3590,185565
DOM,2020-07-11,3538,189103
DOM,2020-07-12,2969,192072
DOM,2020-07-13,2101,194173
DOM,2020-07-14,4035,198208
DOM,2020-07-15,3173,201381
DOM,2020-07-16,3769,205150
DOM,2020-07-17,3814,208964
DOM,2020-07-18,3833,212797
DOM,2020-07-19,3396,216193
DOM,2020-07-20,2345,218538
DOM,2020-07-21,3760,222298
DOM,2020-07-22,4107,226405
DOM,2020-07-23,3961,230366
DOM,2020-07-24,4635,235001
DOM,2020-07-25,5487,240488
DOM,2020-07-26,3867,244355
DOM,2020-07-27,2310,246665
DOM,2020-07-28,3471,250136
DOM,2020-07-29,4932,255068
DOM,2020-07-30,4815,259883
DOM,2020-07-31,4115,263998
DOM,2020-08-01,2558,266556
DOM,2020-08-02,1685,268241
DOM,2020-08-03,5172,273413
DOM,2020-08-04,4734,278147
DOM,2020-08-05,3491,281638
DOM,2020-08-06,4202,285840
DOM,2020-08-07,4139,289979
DOM,2020-08-08,3772,293751
DOM,2020-08-09,3453,297204
DOM,2020-08-10,2642,299846
DOM,2020-08-11,4367,304213
DOM,2020-08-12,3686,307899
DOM,2020-08-13,5104,313003
DOM,2020-08-14,4352,317355
DOM,2020-08-15,4413,321768
DOM,2020-08-16,2407,324175
DOM,2020-08-17,2181,326356
DOM,2020-08-18,4516,330872
DOM,2020-08-19,4318,335190
DOM,2020-08-20,4382,339572
DOM,2020-08-21,3936,343508
DOM,2020-08-22,3467,346975
DOM,2020-08-23,2770,349745
DOM,2020-08-24,3221,352966
DOM,2020-08-25,2585,355551
DOM,2020-08-26,2694,358245
DOM,2020-08-27,2466,360711
DOM,2020-08-28,2808,363519
DOM,2020-08-29,3339,366858
DOM,2020-08-30,3729,370587
DOM,2020-08-31,2126,372713
DOM,2020-09-01,3120,375833
DOM,2020-09-02,3808,379641
DOM,2020-09-03,6192,385833
DOM,2020-09-04,5069,390902
DOM,2020-09-05,3601,394503
DOM,2020-09-06,2854,397357
DOM,2020-09-07,2493,399850
DOM,2020-09-08,3617,403467
DOM,2020-09-09,4259,407726
DOM,2020-09-10,3650,411376
DOM,2020-09-11,0,411376
DOM,2020-09-12,0,411376
DOM,2020-09-13,2743,414119
DOM,2020-09-14,3432,417551
DOM,2020-09-15,3921,421472
DOM,2020-09-16,4425,425897
DOM,2020-09-17,3469,429366
DOM,2020-09-18,5037,434403
DOM,2020-09-19,3885,438288
DOM,2020-09-20,3350,441638
DOM,2020-09-21,2599,444237
DOM,2020-09-22,3337,447574
DOM,2020-09-23,3056,450630
DOM,2020-09-24,3706,454336
DOM,2020-09-25,3534,457870
DOM,2020-09-26,4440,462310
DOM,2020-09-27,2160,464470
DOM,2020-09-28,0,464470
DOM,2020-09-29,0,464470
DOM,2020-09-30,3595,468065
DOM,2020-10-01,3749,471814
DOM,2020-10-02,3981,475795
DOM,2020-10-03,4359,480154
DOM,2020-10-04,3109,483263
DOM,2020-10-05,1881,485144
DOM,2020-10-06,4599,489743
DOM,2020-10-07,3738,493481
DOM,2020-10-08,4566,498047
DOM,2020-10-09,4614,502661
DOM,2020-10-10,3768,506429
DOM,2020-10-11,2746,509175
DOM,2020-10-12,1525,510700
DOM,2020-10-13,5350,516050
DOM,2020-10-14,2679,518729
DOM,2020-10-15,3906,522635
DOM,2020-10-16,3481,526116
DOM,2020-10-17,3174,529290
DOM,2020-10-18,3265,532555
DOM,2020-10-19,2245,534800
DOM,2020-10-20,3304,538104
DOM,2020-10-21,3695,541799
DOM,2020-10-22,3772,545571
DOM,2020-10-23,5131,550702
DOM,2020-10-24,4337,555039
DOM,2020-10-25,2775,557814
DOM,2020-10-26,1755,559569
DOM,2020-10-27,6061,565630
DOM,2020-10-28,4141,569771
DOM,2020-10-29,5294,575065
DOM,2020-10-30,6702,581767
DOM,2020-10-31,4024,585791
DOM,2020-11-01,3373,589164
DOM,2020-11-02,3259,592423
DOM,2020-11-03,3671,596094
DOM,2020-11-04,3727,599821
DOM,2020-11-05,3608,603429
DOM,2020-11-06,2926,606355
DOM,2020-11-07,3589,609944
DOM,2020-11-08,2947,612891
DOM,2020-11-09,3467,616358
DOM,2020-11-10,1291,617649
DOM,2020-11-11,3251,620900
DOM,2020-11-12,6369,627269
DOM,2020-11-13,4332,631601
DOM,2020-11-14,4021,635622
DOM,2020-11-15,3511,639133
DOM,2020-11-16,3221,642354
DOM,2020-11-17,3869,646223
DOM,2020-11-18,5875,652098
DOM,2020-11-19,5139,657237
DOM,2020-11-20,6404,663641
DOM,2020-11-21,5615,669256
DOM,2020-11-22,3514,672770
DOM,2020-11-23,1585,674355
DOM,2020-11-24,4696,679051
DOM,2020-11-25,0,679051
DOM,2020-11-26,0,679051
DOM,2020-11-27,0,679051
DOM,2020-11-28,0,679051
DOM,2020-11-29,2873,681924
DOM,2020-11-30,2070,683994
DOM,2020-12-01,6801,690795
DOM,2020-12-02,4819,695614
DOM,2020-12-03,5731,701345
DOM,2020-12-04,8498,709843
DOM,2020-12-05,6479,716322
DOM,2020-12-06,3910,720232
DOM,2020-12-07,3969,724201
DOM,2020-12-08,5059,729260
DOM,2020-12-09,8316,737576
DOM,2020-12-10,4500,742076
DOM,2020-12-11,5739,747815
DOM,2020-12-12,6113,753928
DOM,2020-12-13,2824,756752
DOM,2020-12-14,3808,760560
DOM,2020-12-15,4160,764720
DOM,2020-12-16,5049,769769
DOM,2020-12-17,4550,774319
DOM,2020-12-18,6974,781293
DOM,2020-12-19,7925,789218
DOM,2020-12-20,3752,792970
DOM,2020-12-21,5650,798620
DOM,2020-12-22,3353,801973
DOM,2020-12-23,4609,806582
DOM,2020-12-24,6689,813271
DOM,2020-12-25,2965,816236
DOM,2020-12-26,2808,819044
DOM,2020-12-27,2040,821084
DOM,2020-12-28,2311,823395
DOM,2020-12-29,5388,828783
DOM,2020-12-30,4266,833049
DOM,2020-12-31,6384,839433
DOM,2021-01-01,2337,841770
DOM,2021-01-02,1337,843107
DOM,2021-01-03,5858,848965
DOM,2021-01-04,1626,850591
DOM,2021-01-05,1778,852369
DOM,2021-01-06,3568,855937
DOM,2021-01-07,5285,861222
DOM,2021-01-08,6911,868133
DOM,2021-01-09,4933,873066
DOM,2021-01-10,4379,877445
DOM,2021-01-11,5465,882910
DOM,2021-01-12,8028,890938
DOM,2021-01-13,4840,895778
DOM,2021-01-14,6164,901942
DOM,2021-01-15,8670,910612
DOM,2021-01-16,6414,917026
DOM,2021-01-17,6967,923993
DOM,2021-01-18,5741,929734
DOM,2021-01-19,7041,936775
DOM,2021-01-20,7920,944695
DOM,2021-01-21,7532,952227
DOM,2021-01-22,6932,959159
DOM,2021-01-23,7507,966666
DOM,2021-01-24,4600,971266
DOM,2021-01-25,4567,975833
DOM,2021-01-26,5020,980853
DOM,2021-01-27,8674,989527
DOM,2021-01-28,7194,996721
DOM,2021-01-29,11329,1008050
DOM,2021-01-30,6952,1015002
DOM,2021-01-31,0,1015002
DOM,2021-02-01,0,1015002
DOM,2021-02-02,6086,1021088
DOM,2021-02-03,8230,1029318
DOM,2021-02-04,7805,1037123
DOM,2021-02-05,9468,1046591
DOM,2021-02-06,7921,1054512
DOM,2021-02-07,5140,1059652
DOM,2021-02-08,2186,1061838
DOM,2021-02-09,5391,1067229
DOM,2021-02-10,6552,1073781
DOM,2021-02-11,6175,1079956
DOM,2021-02-12,7109,1087065
DOM,2021-02-13,5794,1092859
DOM,2021-02-14,6013,1098872
DOM,2021-02-15,3205,1102077
DOM,2021-02-16,3767,1105844
DOM,2021-02-17,6031,1111875
DOM,2021-02-18,5627,1117502
DOM,2021-02-19,7054,1124556
DOM,2021-02-20,6066,1130622
DOM,2021-02-21,3583,1134205
DOM,2021-02-22,2281,1136486
DOM,2021-02-23,3882,1140368
DOM,2021-02-24,4302,1144670
DOM,2021-02-25,4569,1149239
DOM,2021-02-26,6597,1155836
DOM,2021-02-27,4180,1160016
DOM,2021-02-28,3095,1163111
DOM,2021-03-01,1101,1164212
DOM,2021-03-02,3964,1168176
DOM,2021-03-03,3806,1171982
DOM,2021-03-04,4221,1176203
DOM,2021-03-05,3407,1179610
DOM,2021-03-06,0,1179610
DOM,2021-03-07,0,1179610
DOM,2021-03-08,0,1179610
DOM,2021-03-09,0,1179610
DOM,2021-03-10,0,1179610
DOM,2021-03-11,0,1179610
DOM,2021-03-12,0,1179610
DOM,2021-03-13,0,1179610
DOM,2021-03-14,0,1179610
DOM,2021-03-15,0,1179610
DOM,2021-03-16,0,1179610
DOM,2021-03-17,0,1179610
DOM,2021-03-18,0,1179610
DOM,2021-03-19,0,1179610
DOM,2021-03-20,0,1179610
DOM,2021-03-21,0,1179610
DOM,2021-03-22,0,1179610
DOM,2021-03-23,0,1179610
DOM,2021-03-24,0,1179610
DOM,2021-03-25,0,1179610
DOM,2021-03-26,0,1179610
DOM,2021-03-27,0,1179610
DOM,2021-03-28,0,1179610
DOM,2021-03-29,0,1179610
DOM,2021-03-30,0,1179610
DOM,2021-03-31,0,1179610
DOM,2021-04-01,0,1179610
DOM,2021-04-02,0,1179610
DOM,2021-04-03,1080,1180690
DOM,2021-04-04,0,1180690
DOM,2021-04-05,0,1180690
DOM,2021-04-06,0,1180690
DOM,2021-04-07,0,1180690
DOM,2021-04-08,0,1180690
DOM,2021-04-09,0,1180690
DOM,2021-04-10,0,1180690
DOM,2021-04-11,0,1180690
DOM,2021-04-12,0,1180690
DOM,2021-04-13,0,1180690
DOM,2021-04-14,0,1180690
DOM,2021-04-15,0,1180690
DOM,2021-04-16,0,1180690
DOM,2021-04-17,0,1180690
DOM,2021-04-18,0,1180690
DOM,2021-04-19,0,1180690
DOM,2021-04-20,0,1180690
DOM,2021-04-21,0,1180690
DOM,2021-04-22,0,1180690
DOM,2021-04-23,0,1180690
DOM,2021-04-24,0,1180690
DOM,2021-04-25,2967,1183657
DOM,2021-04-26,0,1183657
DOM,2021-04-27,0,1183657
DOM,2021-04-28,2749,1186406
DOM,2021-04-29,0,1186406
DOM,2021-04-30,0,1186406
DOM,2021-05-01,4311,1190717
DOM,2021-05-02,0,1190717
DOM,2021-05-03,0,1190717
DOM,2021-05-04,0,1190717
DOM,2021-05-05,0,1190717
DOM,2021-05-06,0,1190717
DOM,2021-05-07,0,1190717
DOM,2021-05-08,0,1190717
DOM,2021-05-09,0,1190717
DOM,2021-05-10,0,1190717
DOM,2021-05-11,4194,1194911
DOM,2021-05-12,0,1194911
DOM,2021-05-13,0,1194911
DOM,2021-05-14,0,1194911
DOM,2021-05-15,0,1194911
DOM,2021-05-16,0,1194911
DOM,2021-05-17,0,1194911
DOM,2021-05-18,0,1194911
DOM,2021-05-19,0,1194911
DOM,2021-05-20,0,1194911
DOM,2021-05-21,0,1194911
DOM,2021-05-22,0,1194911
DOM,2021-05-23,5096,1200007
DOM,2021-05-24,3159,1203166
DOM,2021-05-25,0,1203166
DOM,2021-05-26,0,1203166
DOM,2021-05-27,0,1203166
DOM,2021-05-28,0,1203166
DOM,2021-05-29,0,1203166
DOM,2021-05-30,0,1203166
DOM,2021-05-31,0,1203166
DOM,2021-06-01,0,1203166
DOM,2021-06-02,0,1203166
DOM,2021-06-03,0,1203166
DOM,2021-06-04,0,1203166
DOM,2021-06-05,0,1203166
DOM,2021-06-06,0,1203166
DOM,2021-06-07,4594,1207760
DOM,2021-06-08,0,1207760
DOM,2021-06-09,0,1207760
DOM,2021-06-10,0,1207760
DOM,2021-06-11,0,1207760
DOM,2021-06-12,0,1207760
DOM,2021-06-13,4193,1211953
DOM,2021-06-14,5392,1217345
DOM,2021-06-15,0,1217345
DOM,2021-06-16,0,1217345
DOM,2021-06-17,0,1217345
DOM,2021-06-18,0,1217345
DOM,2021-06-19,0,1217345
DOM,2021-06-20,0,1217345
DOM,2021-06-21,0,1217345
DOM,2021-06-22,0,1217345
DOM,2021-06-23,0,1217345
DOM,2021-06-24,0,1217345
DOM,2021-06-25,0,1217345
ECU,2020-03-18,0,0
ECU,2020-03-19,192,192
ECU,2020-03-20,287,479
ECU,2020-03-21,222,701
ECU,2020-03-22,480,1181
ECU,2020-03-23,411,1592
ECU,2020-03-24,235,1827
ECU,2020-03-25,291,2118
ECU,2020-03-26,527,2645
ECU,2020-03-27,443,3088
ECU,2020-03-28,367,3455
ECU,2020-03-29,188,3643
ECU,2020-03-30,96,3739
ECU,2020-03-31,609,4348
ECU,2020-04-01,763,5111
ECU,2020-04-02,711,5822
ECU,2020-04-03,354,6176
ECU,2020-04-04,178,6354
ECU,2020-04-05,415,6769
ECU,2020-04-06,341,7110
ECU,2020-04-07,361,7471
ECU,2020-04-08,707,8178
ECU,2020-04-09,981,9159
ECU,2020-04-10,4018,13177
ECU,2020-04-11,544,13721
ECU,2020-04-12,383,14104
ECU,2020-04-13,242,14346
ECU,2020-04-14,272,14618
ECU,2020-04-15,516,15134
ECU,2020-04-16,523,15657
ECU,2020-04-17,388,16045
ECU,2020-04-18,988,17033
ECU,2020-04-19,920,17953
ECU,2020-04-20,1427,19380
ECU,2020-04-21,620,20000
ECU,2020-04-22,1127,21127
ECU,2020-04-23,1776,22903
ECU,2020-04-24,0,22903
ECU,2020-04-25,0,22903
ECU,2020-04-26,0,22903
ECU,2020-04-27,0,22903
ECU,2020-04-28,1326,24229
ECU,2020-04-29,1224,25453
ECU,2020-04-30,663,26116
ECU,2020-05-01,2714,28830
ECU,2020-05-02,1863,30693
ECU,2020-05-03,4803,35496
ECU,2020-05-04,2533,38029
ECU,2020-05-05,0,38029
ECU,2020-05-06,0,38029
ECU,2020-05-07,1503,39532
ECU,2020-05-08,-3743,35789
ECU,2020-05-09,871,36660
ECU,2020-05-10,1814,38474
ECU,2020-05-11,-1377,37097
ECU,2020-05-12,2250,39347
ECU,2020-05-13,97,39444
ECU,2020-05-14,64,39508
ECU,2020-05-15,3532,43040
ECU,2020-05-16,2139,45179
ECU,2020-05-17,1375,46554
ECU,2020-05-18,1317,47871
ECU,2020-05-19,1101,48972
ECU,2020-05-20,1571,50543
ECU,2020-05-21,1742,52285
ECU,2020-05-22,2409,54694
ECU,2020-05-23,1161,55855
ECU,2020-05-24,1231,57086
ECU,2020-05-25,2268,59354
ECU,2020-05-26,582,59936
ECU,2020-05-27,1583,61519
ECU,2020-05-28,779,62298
ECU,2020-05-29,579,62877
ECU,2020-05-30,513,63390
ECU,2020-05-31,757,64147
ECU,2020-06-01,2434,66581
ECU,2020-06-02,1347,67928
ECU,2020-06-03,1959,69887
ECU,2020-06-04,1415,71302
ECU,2020-06-05,2136,73438
ECU,2020-06-06,844,74282
ECU,2020-06-07,1253,75535
ECU,2020-06-08,420,75955
ECU,2020-06-09,1483,77438
ECU,2020-06-10,1121,78559
ECU,2020-06-11,2192,80751
ECU,2020-06-12,1969,82720
ECU,2020-06-13,1385,84105
ECU,2020-06-14,896,85001
ECU,2020-06-15,1259,86260
ECU,2020-06-16,1863,88123
ECU,2020-06-17,1262,89385
ECU,2020-06-18,1470,90855
ECU,2020-06-19,1879,92734
ECU,2020-06-20,1466,94200
ECU,2020-06-21,1227,95427
ECU,2020-06-22,488,95915
ECU,2020-06-23,2099,98014
ECU,2020-06-24,1717,99731
ECU,2020-06-25,1904,101635
ECU,2020-06-26,1995,103630
ECU,2020-06-27,1468,105098
ECU,2020-06-28,1584,106682
ECU,2020-06-29,1322,108004
ECU,2020-06-30,2065,110069
ECU,2020-07-01,2693,112762
ECU,2020-07-02,2743,115505
ECU,2020-07-03,2285,117790
ECU,2020-07-04,2104,119894
ECU,2020-07-05,999,120893
ECU,2020-07-06,965,121858
ECU,2020-07-07,2126,123984
ECU,2020-07-08,2397,126381
ECU,2020-07-09,1985,128366
ECU,2020-07-10,1604,129970
ECU,2020-07-11,2608,132578
ECU,2020-07-12,1852,134430
ECU,2020-07-13,1331,135761
ECU,2020-07-14,2388,138149
ECU,2020-07-15,2217,140366
ECU,2020-07-16,2786,143152
ECU,2020-07-17,2368,145520
ECU,2020-07-18,2087,147607
ECU,2020-07-19,1702,149309
ECU,2020-07-20,1618,150927
ECU,2020-07-21,3384,154311
ECU,2020-07-22,2291,156602
ECU,2020-07-23,2155,158757
ECU,2020-07-24,2114,160871
ECU,2020-07-25,2070,162941
ECU,2020-07-26,1823,164764
ECU,2020-07-27,1126,165890
ECU,2020-07-28,3364,169254
ECU,2020-07-29,2113,171367
ECU,2020-07-30,2885,174252
ECU,2020-07-31,2501,176753
ECU,2020-08-01,2451,179204
ECU,2020-08-02,878,180082
ECU,2020-08-03,1413,181495
ECU,2020-08-04,2095,183590
ECU,2020-08-05,2156,185746
ECU,2020-08-06,3762,189508
ECU,2020-08-07,3508,193016
ECU,2020-08-08,4537,197553
ECU,2020-08-09,2335,199888
ECU,2020-08-10,635,200523
ECU,2020-08-11,2172,202695
ECU,2020-08-12,3656,206351
ECU,2020-08-13,3285,209636
ECU,2020-08-14,2997,212633
ECU,2020-08-15,3689,216322
ECU,2020-08-16,2679,219001
ECU,2020-08-17,993,219994
ECU,2020-08-18,3203,223197
ECU,2020-08-19,3845,227042
ECU,2020-08-20,3518,230560
ECU,2020-08-21,2757,233317
ECU,2020-08-22,1608,234925
ECU,2020-08-23,2348,237273
ECU,2020-08-24,1323,238596
ECU,2020-08-25,2546,241142
ECU,2020-08-26,3469,244611
ECU,2020-08-27,2080,246691
ECU,2020-08-28,2444,249135
ECU,2020-08-29,2236,251371
ECU,2020-08-30,2054,253425
ECU,2020-08-31,627,254052
ECU,2020-09-01,1520,255572
ECU,2020-09-02,2828,258400
ECU,2020-09-03,2399,260799
ECU,2020-09-04,2352,263151
ECU,2020-09-05,2626,265777
ECU,2020-09-06,2363,268140
ECU,2020-09-07,749,268889
ECU,2020-09-08,1511,270400
ECU,2020-09-09,3698,274098
ECU,2020-09-10,2981,277079
ECU,2020-09-11,4836,281915
ECU,2020-09-12,4140,286055
ECU,2020-09-13,3432,289487
ECU,2020-09-14,1046,290533
ECU,2020-09-15,2013,292546
ECU,2020-09-16,5210,297756
ECU,2020-09-17,6330,304086
ECU,2020-09-18,4648,308734
ECU,2020-09-19,6664,315398
ECU,2020-09-20,3440,318838
ECU,2020-09-21,729,319567
ECU,2020-09-22,2535,322102
ECU,2020-09-23,6145,328247
ECU,2020-09-24,4339,332586
ECU,2020-09-25,4397,336983
ECU,2020-09-26,5958,342941
ECU,2020-09-27,2716,345657
ECU,2020-09-28,723,346380
ECU,2020-09-29,3380,349760
ECU,2020-09-30,5317,355077
ECU,2020-10-01,5085,360162
ECU,2020-10-02,4543,364705
ECU,2020-10-03,3268,367973
ECU,2020-10-04,2461,370434
ECU,2020-10-05,1020,371454
ECU,2020-10-06,2576,374030
ECU,2020-10-07,5215,379245
ECU,2020-10-08,4780,384025
ECU,2020-10-09,3768,387793
ECU,2020-10-10,5946,393739
ECU,2020-10-11,1041,394780
ECU,2020-10-12,1001,395781
ECU,2020-10-13,2780,398561
ECU,2020-10-14,4493,403054
ECU,2020-10-15,5167,408221
ECU,2020-10-16,4556,412777
ECU,2020-10-17,2900,415677
ECU,2020-10-18,4357,420034
ECU,2020-10-19,566,420600
ECU,2020-10-20,2131,422731
ECU,2020-10-21,6148,428879
ECU,2020-10-22,4673,433552
ECU,2020-10-23,9421,442973
ECU,2020-10-24,7363,450336
ECU,2020-10-25,10124,460460
ECU,2020-10-26,1421,461881
ECU,2020-10-27,4557,466438
ECU,2020-10-28,6215,472653
ECU,2020-10-29,6957,479610
ECU,2020-10-30,3446,483056
ECU,2020-10-31,5435,488491
ECU,2020-11-01,3751,492242
ECU,2020-11-02,1328,493570
ECU,2020-11-03,1820,495390
ECU,2020-11-04,5308,500698
ECU,2020-11-05,2675,503373
ECU,2020-11-06,4363,507736
ECU,2020-11-07,4104,511840
ECU,2020-11-08,6742,518582
ECU,2020-11-09,1556,520138
ECU,2020-11-10,1950,522088
ECU,2020-11-11,4173,526261
ECU,2020-11-12,3401,529662
ECU,2020-11-13,4586,534248
ECU,2020-11-14,4385,538633
ECU,2020-11-15,3145,541778
ECU,2020-11-16,1376,543154
ECU,2020-11-17,2026,545180
ECU,2020-11-18,4863,550043
ECU,2020-11-19,5020,555063
ECU,2020-11-20,3702,558765
ECU,2020-11-21,4985,563750
ECU,2020-11-22,6437,570187
ECU,2020-11-23,2049,572236
ECU,2020-11-24,2700,574936
ECU,2020-11-25,3423,578359
ECU,2020-11-26,5559,583918
ECU,2020-11-27,5366,589284
ECU,2020-11-28,6588,595872
ECU,2020-11-29,5302,601174
ECU,2020-11-30,2927,604101
ECU,2020-12-01,4769,608870
ECU,2020-12-02,4438,613308
ECU,2020-12-03,3805,617113
ECU,2020-12-04,4190,621303
ECU,2020-12-05,3507,624810
ECU,2020-12-06,3325,628135
ECU,2020-12-07,730,628865
ECU,2020-12-08,1526,630391
ECU,2020-12-09,2314,632705
ECU,2020-12-10,4975,637680
ECU,2020-12-11,1782,639462
ECU,2020-12-12,3124,642586
ECU,2020-12-13,3112,645698
ECU,2020-12-14,569,646267
ECU,2020-12-15,994,647261
ECU,2020-12-16,7098,654359
ECU,2020-12-17,3314,657673
ECU,2020-12-18,3089,660762
ECU,2020-12-19,5129,665891
ECU,2020-12-20,2194,668085
ECU,2020-12-21,606,668691
ECU,2020-12-22,469,669160
ECU,2020-12-23,3287,672447
ECU,2020-12-24,4580,677027
ECU,2020-12-25,2973,680000
ECU,2020-12-26,3041,683041
ECU,2020-12-27,941,683982
ECU,2020-12-28,1590,685572
ECU,2020-12-29,2083,687655
ECU,2020-12-30,5091,692746
ECU,2020-12-31,2697,695443
ECU,2021-01-01,4229,699672
ECU,2021-01-02,4311,703983
ECU,2021-01-03,962,704945
ECU,2021-01-04,1637,706582
ECU,2021-01-05,0,706582
ECU,2021-01-06,0,706582
ECU,2021-01-07,0,706582
ECU,2021-01-08,0,706582
ECU,2021-01-09,3999,710581
ECU,2021-01-10,2318,712899
ECU,2021-01-11,1524,714423
ECU,2021-01-12,2961,717384
ECU,2021-01-13,5770,723154
ECU,2021-01-14,6113,729267
ECU,2021-01-15,3339,732606
ECU,2021-01-16,11403,744009
ECU,2021-01-17,2612,746621
ECU,2021-01-18,675,747296
ECU,2021-01-19,3116,750412
ECU,2021-01-20,5889,756301
ECU,2021-01-21,6937,763238
ECU,2021-01-22,3902,767140
ECU,2021-01-23,4061,771201
ECU,2021-01-24,9412,780613
ECU,2021-01-25,1193,781806
ECU,2021-01-26,2003,783809
ECU,2021-01-27,4644,788453
ECU,2021-01-28,9590,798043
ECU,2021-01-29,2641,800684
ECU,2021-01-30,12181,812865
ECU,2021-01-31,3570,816435
ECU,2021-02-01,887,817322
ECU,2021-02-02,1470,818792
ECU,2021-02-03,4407,823199
ECU,2021-02-04,3007,826206
ECU,2021-02-05,5750,831956
ECU,2021-02-06,5495,837451
ECU,2021-02-07,4025,841476
ECU,2021-02-08,961,842437
ECU,2021-02-09,4139,846576
ECU,2021-02-10,1370,847946
ECU,2021-02-11,8526,856472
ECU,2021-02-12,4895,861367
ECU,2021-02-13,7085,868452
ECU,2021-02-14,5741,874193
ECU,2021-02-15,1447,875640
ECU,2021-02-16,1992,877632
ECU,2021-02-17,820,878452
ECU,2021-02-18,4922,883374
ECU,2021-02-19,4508,887882
ECU,2021-02-20,6697,894579
ECU,2021-02-21,5451,900030
ECU,2021-02-22,1314,901344
ECU,2021-02-23,2301,903645
ECU,2021-02-24,8617,912262
ECU,2021-02-25,6800,919062
ECU,2021-02-26,4734,923796
ECU,2021-02-27,6431,930227
ECU,2021-02-28,6319,936546
ECU,2021-03-01,1127,937673
ECU,2021-03-02,2062,939735
ECU,2021-03-03,9044,948779
ECU,2021-03-04,1182,949961
ECU,2021-03-05,4674,954635
ECU,2021-03-06,6500,961135
ECU,2021-03-07,4795,965930
ECU,2021-03-08,345,966275
ECU,2021-03-09,2151,968426
ECU,2021-03-10,5611,974037
ECU,2021-03-11,4152,978189
ECU,2021-03-12,4588,982777
ECU,2021-03-13,5115,987892
ECU,2021-03-14,4866,992758
ECU,2021-03-15,1043,993801
ECU,2021-03-16,1776,995577
ECU,2021-03-17,8671,1004248
ECU,2021-03-18,6044,1010292
ECU,2021-03-19,7381,1017673
ECU,2021-03-20,3897,1021570
ECU,2021-03-21,5744,1027314
ECU,2021-03-22,1009,1028323
ECU,2021-03-23,2325,1030648
ECU,2021-03-24,8040,1038688
ECU,2021-03-25,5023,1043711
ECU,2021-03-26,5344,1049055
ECU,2021-03-27,3375,1052430
ECU,2021-03-28,5208,1057638
ECU,2021-03-29,2882,1060520
ECU,2021-03-30,4683,1065203
ECU,2021-03-31,4161,1069364
ECU,2021-04-01,4629,1073993
ECU,2021-04-02,5018,1079011
ECU,2021-04-03,3353,1082364
ECU,2021-04-04,6296,1088660
ECU,2021-04-05,3314,1091974
ECU,2021-04-06,2384,1094358
ECU,2021-04-07,5045,1099403
ECU,2021-04-08,5661,1105064
ECU,2021-04-09,3112,1108176
ECU,2021-04-10,5575,1113751
ECU,2021-04-11,5376,1119127
ECU,2021-04-12,989,1120116
ECU,2021-04-13,1428,1121544
ECU,2021-04-14,7964,1129508
ECU,2021-04-15,11342,1140850
ECU,2021-04-16,1441,1142291
ECU,2021-04-17,5743,1148034
ECU,2021-04-18,6053,1154087
ECU,2021-04-19,53,1154140
ECU,2021-04-20,2080,1156220
ECU,2021-04-21,4086,1160306
ECU,2021-04-22,6607,1166913
ECU,2021-04-23,13171,1180084
ECU,2021-04-24,3508,1183592
ECU,2021-04-25,1663,1185255
ECU,2021-04-26,4208,1189463
ECU,2021-04-27,1714,1191177
ECU,2021-04-28,6377,1197554
ECU,2021-04-29,7417,1204971
ECU,2021-04-30,2662,1207633
ECU,2021-05-01,7246,1214879
ECU,2021-05-02,5810,1220689
ECU,2021-05-03,2452,1223141
ECU,2021-05-04,10781,1233922
ECU,2021-05-05,6543,1240465
ECU,2021-05-06,7587,1248052
ECU,2021-05-07,4526,1252578
ECU,2021-05-08,7299,1259877
ECU,2021-05-09,4287,1264164
ECU,2021-05-10,4282,1268446
ECU,2021-05-11,1600,1270046
ECU,2021-05-12,6592,1276638
ECU,2021-05-13,3901,1280539
ECU,2021-05-14,3861,1284400
ECU,2021-05-15,8233,1292633
ECU,2021-05-16,2247,1294880
ECU,2021-05-17,2451,1297331
ECU,2021-05-18,2707,1300038
ECU,2021-05-19,5359,1305397
ECU,2021-05-20,6060,1311457
ECU,2021-05-21,5009,1316466
ECU,2021-05-22,4307,1320773
ECU,2021-05-23,3961,1324734
ECU,2021-05-24,1046,1325780
ECU,2021-05-25,2410,1328190
ECU,2021-05-26,4257,1332447
ECU,2021-05-27,3571,1336018
ECU,2021-05-28,3324,1339342
ECU,2021-05-29,5956,1345298
ECU,2021-05-30,3662,1348960
ECU,2021-05-31,1083,1350043
ECU,2021-06-01,4168,1354211
ECU,2021-06-02,4643,1358854
ECU,2021-06-03,3931,1362785
ECU,2021-06-04,3865,1366650
ECU,2021-06-05,2573,1369223
ECU,2021-06-06,3692,1372915
ECU,2021-06-07,2080,1374995
ECU,2021-06-08,1385,1376380
ECU,2021-06-09,3441,1379821
ECU,2021-06-10,6315,1386136
ECU,2021-06-11,4026,1390162
ECU,2021-06-12,4135,1394297
ECU,2021-06-13,3909,1398206
ECU,2021-06-14,1021,1399227
ECU,2021-06-15,1252,1400479
ECU,2021-06-16,5967,1406446
ECU,2021-06-17,4566,1411012
ECU,2021-06-18,6871,1417883
ECU,2021-06-19,5252,1423135
ECU,2021-06-20,3254,1426389
ECU,2021-06-21,1105,1427494
ECU,2021-06-22,2720,1430214
ECU,2021-06-23,8097,1438311
SLV,2020-04-05,405,405
SLV,2020-04-06,0,405
SLV,2020-04-07,0,405
SLV,2020-04-08,0,405
SLV,2020-04-09,0,405
SLV,2020-04-10,512,917
SLV,2020-04-11,457,1374
SLV,2020-04-12,466,1840
SLV,2020-04-13,501,2341
SLV,2020-04-14,555,2896
SLV,2020-04-15,548,3444
SLV,2020-04-16,934,4378
SLV,2020-04-17,924,5302
SLV,2020-04-18,969,6271
SLV,2020-04-19,1050,7321
SLV,2020-04-20,1142,8463
SLV,2020-04-21,1023,9486
SLV,2020-04-22,1010,10496
SLV,2020-04-23,1033,11529
SLV,2020-04-24,1005,12534
SLV,2020-04-25,1263,13797
SLV,2020-04-26,1423,15220
SLV,2020-04-27,1255,16475
SLV,2020-04-28,1229,17704
SLV,2020-04-29,1464,19168
SLV,2020-04-30,1435,20603
SLV,2020-05-01,1469,22072
SLV,2020-05-02,1635,23707
SLV,2020-05-03,1791,25498
SLV,2020-05-04,1643,27141
SLV,2020-05-05,1598,28739
SLV,2020-05-06,1783,30522
SLV,2020-05-07,1895,32417
SLV,2020-05-08,1773,34190
SLV,2020-05-09,2011,36201
SLV,2020-05-10,1953,38154
SLV,2020-05-11,1883,40037
SLV,2020-05-12,1905,41942
SLV,2020-05-13,2082,44024
SLV,2020-05-14,2229,46253
SLV,2020-05-15,2270,48523
SLV,2020-05-16,2282,50805
SLV,2020-05-17,2189,52994
SLV,2020-05-18,2458,55452
SLV,2020-05-19,2497,57949
SLV,2020-05-20,2388,60337
SLV,2020-05-21,2437,62774
SLV,2020-05-22,2562,65336
SLV,2020-05-23,2391,67727
SLV,2020-05-24,2530,70257
SLV,2020-05-25,2336,72593
SLV,2020-05-26,2229,74822
SLV,2020-05-27,2532,77354
SLV,2020-05-28,2407,79761
SLV,2020-05-29,2322,82083
SLV,2020-05-30,2386,84469
SLV,2020-05-31,2479,86948
SLV,2020-06-01,2435,89383
SLV,2020-06-02,2375,91758
SLV,2020-06-03,2531,94289
SLV,2020-06-04,2426,96715
SLV,2020-06-05,2456,99171
SLV,2020-06-06,2488,101659
SLV,2020-06-07,2376,104035
SLV,2020-06-08,2350,106385
SLV,2020-06-09,2382,108767
SLV,2020-06-10,2371,111138
SLV,2020-06-11,2456,113594
SLV,2020-06-12,2458,116052
SLV,2020-06-13,2419,118471
SLV,2020-06-14,2399,120870
SLV,2020-06-15,2445,123315
SLV,2020-06-16,2473,125788
SLV,2020-06-17,2474,128262
SLV,2020-06-18,2419,130681
SLV,2020-06-19,2426,133107
SLV,2020-06-20,2433,135540
SLV,2020-06-21,2457,137997
SLV,2020-06-22,2455,140452
SLV,2020-06-23,2430,142882
SLV,2020-06-24,2481,145363
SLV,2020-06-25,2477,147840
SLV,2020-06-26,2572,150412
SLV,2020-06-27,2498,152910
SLV,2020-06-28,2417,155327
SLV,2020-06-29,2495,157822
SLV,2020-06-30,2450,160272
SLV,2020-07-01,2423,162695
SLV,2020-07-02,2433,165128
SLV,2020-07-03,2438,167566
SLV,2020-07-04,2475,170041
SLV,2020-07-05,2436,172477
SLV,2020-07-06,2496,174973
SLV,2020-07-07,2499,177472
SLV,2020-07-08,2470,179942
SLV,2020-07-09,2485,182427
SLV,2020-07-10,2430,184857
SLV,2020-07-11,2460,187317
SLV,2020-07-12,2449,189766
SLV,2020-07-13,2496,192262
SLV,2020-07-14,2486,194748
SLV,2020-07-15,2489,197237
SLV,2020-07-16,2483,199720
SLV,2020-07-17,2415,202135
SLV,2020-07-18,2422,204557
SLV,2020-07-19,2450,207007
SLV,2020-07-20,2547,209554
SLV,2020-07-21,2473,212027
SLV,2020-07-22,2475,214502
SLV,2020-07-23,2429,216931
SLV,2020-07-24,2442,219373
SLV,2020-07-25,2456,221829
SLV,2020-07-26,2468,224297
SLV,2020-07-27,2498,226795
SLV,2020-07-28,2402,229197
SLV,2020-07-29,2415,231612
SLV,2020-07-30,2416,234028
SLV,2020-07-31,2442,236470
SLV,2020-08-01,2483,238953
SLV,2020-08-02,2460,241413
SLV,2020-08-03,2489,243902
SLV,2020-08-04,2480,246382
SLV,2020-08-05,2441,248823
SLV,2020-08-06,2464,251287
SLV,2020-08-07,2471,253758
SLV,2020-08-08,2483,256241
SLV,2020-08-09,2457,258698
SLV,2020-08-10,2492,261190
SLV,2020-08-11,2460,263650
SLV,2020-08-12,2518,266168
SLV,2020-08-13,2452,268620
SLV,2020-08-14,2484,271104
SLV,2020-08-15,2452,273556
SLV,2020-08-16,2498,276054
SLV,2020-08-17,2452,278506
SLV,2020-08-18,2498,281004
SLV,2020-08-19,2414,283418
SLV,2020-08-20,2434,285852
SLV,2020-08-21,2477,288329
SLV,2020-08-22,2447,290776
SLV,2020-08-23,2447,293223
SLV,2020-08-24,2422,295645
SLV,2020-08-25,2497,298142
SLV,2020-08-26,2461,300603
SLV,2020-08-27,2485,303088
SLV,2020-08-28,2467,305555
SLV,2020-08-29,2405,307960
SLV,2020-08-30,2471,310431
SLV,2020-08-31,2489,312920
SLV,2020-09-01,2458,315378
SLV,2020-09-02,2499,317877
SLV,2020-09-03,2473,320350
SLV,2020-09-04,2480,322830
SLV,2020-09-05,2491,325321
SLV,2020-09-06,2454,327775
SLV,2020-09-07,2435,330210
SLV,2020-09-08,2432,332642
SLV,2020-09-09,2465,335107
SLV,2020-09-10,2422,337529
SLV,2020-09-11,2500,340029
SLV,2020-09-12,2494,342523
SLV,2020-09-13,2486,345009
SLV,2020-09-14,2481,347490
SLV,2020-09-15,2500,349990
SLV,2020-09-16,2430,352420
SLV,2020-09-17,2456,354876
SLV,2020-09-18,2264,357140
SLV,2020-09-19,2464,359604
SLV,2020-09-20,3427,363031
SLV,2020-09-21,3467,366498
SLV,2020-09-22,3434,369932
SLV,2020-09-23,3452,373384
SLV,2020-09-24,5498,378882
SLV,2020-09-25,2454,381336
SLV,2020-09-26,2423,383759
SLV,2020-09-27,2403,386162
SLV,2020-09-28,2421,388583
SLV,2020-09-29,2449,391032
SLV,2020-09-30,2480,393512
SLV,2020-10-01,2448,395960
SLV,2020-10-02,2496,398456
SLV,2020-10-03,2462,400918
SLV,2020-10-04,2405,403323
SLV,2020-10-05,2410,405733
SLV,2020-10-06,2414,408147
SLV,2020-10-07,2403,410550
SLV,2020-10-08,2441,412991
SLV,2020-10-09,2483,415474
SLV,2020-10-10,2495,417969
SLV,2020-10-11,2437,420406
SLV,2020-10-12,2414,422820
SLV,2020-10-13,3409,426229
SLV,2020-10-14,3463,429692
SLV,2020-10-15,3438,433130
SLV,2020-10-16,3471,436601
SLV,2020-10-17,2433,439034
SLV,2020-10-18,2420,441454
SLV,2020-10-19,2459,443913
SLV,2020-10-20,2482,446395
SLV,2020-10-21,2442,448837
SLV,2020-10-22,2476,451313
SLV,2020-10-23,2428,453741
SLV,2020-10-24,2450,456191
SLV,2020-10-25,2465,458656
SLV,2020-10-26,2452,461108
SLV,2020-10-27,2485,463593
SLV,2020-10-28,2431,466024
SLV,2020-10-29,2483,468507
SLV,2020-10-30,2406,470913
SLV,2020-10-31,2421,473334
SLV,2020-11-01,2461,475795
SLV,2020-11-02,2443,478238
SLV,2020-11-03,2247,480485
SLV,2020-11-04,2408,482893
SLV,2020-11-05,2430,485323
SLV,2020-11-06,2414,487737
SLV,2020-11-07,2412,490149
SLV,2020-11-08,2457,492606
SLV,2020-11-09,2476,495082
SLV,2020-11-10,2494,497576
SLV,2020-11-11,2493,500069
SLV,2020-11-12,2438,502507
SLV,2020-11-13,2431,504938
SLV,2020-11-14,2461,507399
SLV,2020-11-15,2420,509819
SLV,2020-11-16,2437,512256
SLV,2020-11-17,2467,514723
SLV,2020-11-18,2452,517175
SLV,2020-11-19,2444,519619
SLV,2020-11-20,2453,522072
SLV,2020-11-21,2469,524541
SLV,2020-11-22,3455,527996
SLV,2020-11-23,2460,530456
SLV,2020-11-24,2474,532930
SLV,2020-11-25,2439,535369
SLV,2020-11-26,2499,537868
SLV,2020-11-27,2453,540321
SLV,2020-11-28,2443,542764
SLV,2020-11-29,2472,545236
SLV,2020-11-30,2483,547719
SLV,2020-12-01,2460,550179
SLV,2020-12-02,2476,552655
SLV,2020-12-03,2474,555129
SLV,2020-12-04,2414,557543
SLV,2020-12-05,2474,560017
SLV,2020-12-06,2405,562422
SLV,2020-12-07,2463,564885
SLV,2020-12-08,2492,567377
SLV,2020-12-09,2469,569846
SLV,2020-12-10,2502,572348
SLV,2020-12-11,2453,574801
SLV,2020-12-12,2471,577272
SLV,2020-12-13,2470,579742
SLV,2020-12-14,2435,582177
SLV,2020-12-15,2462,584639
SLV,2020-12-16,2465,587104
SLV,2020-12-17,2627,589731
SLV,2020-12-18,2427,592158
SLV,2020-12-19,2422,594580
SLV,2020-12-20,2453,597033
SLV,2020-12-21,2497,599530
SLV,2020-12-22,2487,602017
SLV,2020-12-23,2492,604509
SLV,2020-12-24,2466,606975
SLV,2020-12-25,0,606975
SLV,2020-12-26,2436,609411
SLV,2020-12-27,2438,611849
SLV,2020-12-28,2470,614319
SLV,2020-12-29,2416,616735
SLV,2020-12-30,2404,619139
SLV,2020-12-31,2441,621580
SLV,2021-01-01,0,621580
SLV,2021-01-02,2487,624067
SLV,2021-01-03,2224,626291
SLV,2021-01-04,2428,628719
SLV,2021-01-05,2416,631135
SLV,2021-01-06,2439,633574
SLV,2021-01-07,2445,636019
SLV,2021-01-08,2412,638431
SLV,2021-01-09,2433,640864
SLV,2021-01-10,2479,643343
SLV,2021-01-11,2426,645769
SLV,2021-01-12,2449,648218
SLV,2021-01-13,2484,650702
SLV,2021-01-14,2465,653167
SLV,2021-01-15,2463,655630
SLV,2021-01-16,2405,658035
SLV,2021-01-17,2417,660452
SLV,2021-01-18,2437,662889
SLV,2021-01-19,2417,665306
SLV,2021-01-20,2431,667737
SLV,2021-01-21,2422,670159
SLV,2021-01-22,2486,672645
SLV,2021-01-23,2430,675075
SLV,2021-01-24,2418,677493
SLV,2021-01-25,2458,679951
SLV,2021-01-26,2463,682414
SLV,2021-01-27,2452,684866
SLV,2021-01-28,2459,687325
SLV,2021-01-29,2484,689809
SLV,2021-01-30,2488,692297
SLV,2021-01-31,3447,695744
SLV,2021-02-01,2412,698156
SLV,2021-02-02,2433,700589
SLV,2021-02-03,2418,703007
SLV,2021-02-04,2500,705507
SLV,2021-02-05,2519,708026
SLV,2021-02-06,2496,710522
SLV,2021-02-07,2471,712993
SLV,2021-02-08,2421,715414
SLV,2021-02-09,2454,717868
SLV,2021-02-10,2432,720300
SLV,2021-02-11,2494,722794
SLV,2021-02-12,2440,725234
SLV,2021-02-13,2411,727645
SLV,2021-02-14,2432,730077
SLV,2021-02-15,2454,732531
SLV,2021-02-16,2417,734948
SLV,2021-02-17,2437,737385
SLV,2021-02-18,2408,739793
SLV,2021-02-19,2456,742249
SLV,2021-02-20,2432,744681
SLV,2021-02-21,2457,747138
SLV,2021-02-22,2483,749621
SLV,2021-02-23,2413,752034
SLV,2021-02-24,2485,754519
SLV,2021-02-25,2450,756969
SLV,2021-02-26,2483,759452
SLV,2021-02-27,2516,761968
SLV,2021-02-28,2474,764442
SLV,2021-03-01,2423,766865
SLV,2021-03-02,2477,769342
SLV,2021-03-03,2465,771807
SLV,2021-03-04,2567,774374
SLV,2021-03-05,2550,776924
SLV,2021-03-06,2593,779517
SLV,2021-03-07,2532,782049
SLV,2021-03-08,2578,784627
SLV,2021-03-09,2515,787142
SLV,2021-03-10,2495,789637
SLV,2021-03-11,2506,792143
SLV,2021-03-12,2478,794621
SLV,2021-03-13,2608,797229
SLV,2021-03-14,2440,799669
SLV,2021-03-15,2457,802126
SLV,2021-03-16,2475,804601
SLV,2021-03-17,2592,807193
SLV,2021-03-18,2529,809722
SLV,2021-03-19,2502,812224
SLV,2021-03-20,2469,814693
SLV,2021-03-21,2508,817201
SLV,2021-03-22,2530,819731
SLV,2021-03-23,2509,822240
SLV,2021-03-24,2453,824693
SLV,2021-03-25,2462,827155
SLV,2021-03-26,2474,829629
SLV,2021-03-27,2458,832087
SLV,2021-03-28,2432,834519
SLV,2021-03-29,2445,836964
SLV,2021-03-30,2515,839479
SLV,2021-03-31,2491,841970
SLV,2021-04-01,2445,844415
SLV,2021-04-02,2428,846843
SLV,2021-04-03,2439,849282
SLV,2021-04-04,2487,851769
SLV,2021-04-05,2457,854226
SLV,2021-04-06,2416,856642
SLV,2021-04-07,2486,859128
SLV,2021-04-08,2418,861546
SLV,2021-04-09,2456,864002
SLV,2021-04-10,2492,866494
SLV,2021-04-11,0,866494
SLV,2021-04-12,2505,868999
SLV,2021-04-13,2415,871414
SLV,2021-04-14,2452,873866
SLV,2021-04-15,2545,876411
SLV,2021-04-16,2433,878844
SLV,2021-04-17,2410,881254
SLV,2021-04-18,1432,882686
SLV,2021-04-19,2439,885125
SLV,2021-04-20,2484,887609
SLV,2021-04-21,2468,890077
SLV,2021-04-22,2487,892564
GNQ,2021-06-29,0,0
EST,2020-02-05,0,0
EST,2020-02-06,1,1
EST,2020-02-07,0,1
EST,2020-02-08,0,1
EST,2020-02-09,0,1
EST,2020-02-10,0,1
EST,2020-02-11,0,1
EST,2020-02-12,0,1
EST,2020-02-13,0,1
EST,2020-02-14,0,1
EST,2020-02-15,0,1
EST,2020-02-16,0,1
EST,2020-02-17,0,1
EST,2020-02-18,0,1
EST,2020-02-19,0,1
EST,2020-02-20,0,1
EST,2020-02-21,0,1
EST,2020-02-22,0,1
EST,2020-02-23,0,1
EST,2020-02-24,0,1
EST,2020-02-25,0,1
EST,2020-02-26,8,9
EST,2020-02-27,10,19
EST,2020-02-28,13,32
EST,2020-02-29,8,40
EST,2020-03-01,18,58
EST,2020-03-02,23,81
EST,2020-03-03,28,109
EST,2020-03-04,36,145
EST,2020-03-05,35,180
EST,2020-03-06,72,252
EST,2020-03-07,29,281
EST,2020-03-08,21,302
EST,2020-03-09,65,367
EST,2020-03-10,60,427
EST,2020-03-11,77,504
EST,2020-03-12,146,650
EST,2020-03-13,206,856
EST,2020-03-14,167,1023
EST,2020-03-15,503,1526
EST,2020-03-16,353,1879
EST,2020-03-17,231,2110
EST,2020-03-18,481,2591
EST,2020-03-19,381,2972
EST,2020-03-20,415,3387
EST,2020-03-21,648,4035
EST,2020-03-22,165,4200
EST,2020-03-23,525,4725
EST,2020-03-24,1440,6165
EST,2020-03-25,1064,7229
EST,2020-03-26,1164,8393
EST,2020-03-27,1288,9681
EST,2020-03-28,1063,10744
EST,2020-03-29,871,11615
EST,2020-03-30,1194,12809
EST,2020-03-31,2034,14843
EST,2020-04-01,1413,16256
EST,2020-04-02,2595,18851
EST,2020-04-03,1632,20483
EST,2020-04-04,1421,21904
EST,2020-04-05,916,22820
EST,2020-04-06,1792,24612
EST,2020-04-07,1360,25972
EST,2020-04-08,1864,27836
EST,2020-04-09,1604,29440
EST,2020-04-10,1675,31115
EST,2020-04-11,942,32057
EST,2020-04-12,450,32507
EST,2020-04-13,1705,34212
EST,2020-04-14,1877,36089
EST,2020-04-15,2282,38371
EST,2020-04-16,1709,40080
EST,2020-04-17,2199,42279
EST,2020-04-18,785,43064
EST,2020-04-19,677,43741
EST,2020-04-20,1498,45239
EST,2020-04-21,1682,46921
EST,2020-04-22,1756,48677
EST,2020-04-23,1249,49926
EST,2020-04-24,1264,51190
EST,2020-04-25,686,51876
EST,2020-04-26,561,52437
EST,2020-04-27,1312,53749
EST,2020-04-28,1967,55716
EST,2020-04-29,1845,57561
EST,2020-04-30,1352,58913
EST,2020-05-01,775,59688
EST,2020-05-02,853,60541
EST,2020-05-03,675,61216
EST,2020-05-04,1889,63105
EST,2020-05-05,1770,64875
EST,2020-05-06,1840,66715
EST,2020-05-07,1512,68227
EST,2020-05-08,1226,69453
EST,2020-05-09,770,70223
EST,2020-05-10,721,70944
EST,2020-05-11,1242,72186
EST,2020-05-12,1372,73558
EST,2020-05-13,1367,74925
EST,2020-05-14,1163,76088
EST,2020-05-15,932,77020
EST,2020-05-16,821,77841
EST,2020-05-17,830,78671
EST,2020-05-18,1545,80216
EST,2020-05-19,1249,81465
EST,2020-05-20,1564,83029
EST,2020-05-21,1063,84092
EST,2020-05-22,846,84938
EST,2020-05-23,634,85572
EST,2020-05-24,984,86556
EST,2020-05-25,1804,88360
EST,2020-05-26,1844,90204
EST,2020-05-27,1382,91586
EST,2020-05-28,1225,92811
EST,2020-05-29,1221,94032
EST,2020-05-30,832,94864
EST,2020-05-31,869,95733
EST,2020-06-01,1293,97026
EST,2020-06-02,1522,98548
EST,2020-06-03,1270,99818
EST,2020-06-04,1340,101158
EST,2020-06-05,1039,102197
EST,2020-06-06,824,103021
EST,2020-06-07,697,103718
EST,2020-06-08,1452,105170
EST,2020-06-09,1445,106615
EST,2020-06-10,1187,107802
EST,2020-06-11,1161,108963
EST,2020-06-12,1029,109992
EST,2020-06-13,740,110732
EST,2020-06-14,810,111542
EST,2020-06-15,1394,112936
EST,2020-06-16,1775,114711
EST,2020-06-17,1500,116211
EST,2020-06-18,1577,117788
EST,2020-06-19,850,118638
EST,2020-06-20,530,119168
EST,2020-06-21,358,119526
EST,2020-06-22,625,120151
EST,2020-06-23,345,120496
EST,2020-06-24,458,120954
EST,2020-06-25,729,121683
EST,2020-06-26,570,122253
EST,2020-06-27,457,122710
EST,2020-06-28,453,123163
EST,2020-06-29,1017,124180
EST,2020-06-30,826,125006
EST,2020-07-01,910,125916
EST,2020-07-02,523,126439
EST,2020-07-03,334,126773
EST,2020-07-04,390,127163
EST,2020-07-05,387,127550
EST,2020-07-06,801,128351
EST,2020-07-07,733,129084
EST,2020-07-08,602,129686
EST,2020-07-09,567,130253
EST,2020-07-10,418,130671
EST,2020-07-11,220,130891
EST,2020-07-12,282,131173
EST,2020-07-13,538,131711
EST,2020-07-14,650,132361
EST,2020-07-15,534,132895
EST,2020-07-16,546,133441
EST,2020-07-17,348,133789
EST,2020-07-18,192,133981
EST,2020-07-19,131,134112
EST,2020-07-20,510,134622
EST,2020-07-21,663,135285
EST,2020-07-22,522,135807
EST,2020-07-23,453,136260
EST,2020-07-24,410,136670
EST,2020-07-25,273,136943
EST,2020-07-26,171,137114
EST,2020-07-27,369,137483
EST,2020-07-28,657,138140
EST,2020-07-29,818,138958
EST,2020-07-30,772,139730
EST,2020-07-31,645,140375
EST,2020-08-01,422,140797
EST,2020-08-02,323,141120
EST,2020-08-03,808,141928
EST,2020-08-04,1146,143074
EST,2020-08-05,1123,144197
EST,2020-08-06,1177,145374
EST,2020-08-07,1669,147043
EST,2020-08-08,452,147495
EST,2020-08-09,1318,148813
EST,2020-08-10,1789,150602
EST,2020-08-11,1694,152296
EST,2020-08-12,1402,153698
EST,2020-08-13,1687,155385
EST,2020-08-14,1469,156854
EST,2020-08-15,1234,158088
EST,2020-08-16,401,158489
EST,2020-08-17,1569,160058
EST,2020-08-18,1350,161408
EST,2020-08-19,1094,162502
EST,2020-08-20,1053,163555
EST,2020-08-21,1392,164947
EST,2020-08-22,562,165509
EST,2020-08-23,424,165933
EST,2020-08-24,1545,167478
EST,2020-08-25,1701,169179
EST,2020-08-26,1643,170822
EST,2020-08-27,1584,172406
EST,2020-08-28,1436,173842
EST,2020-08-29,814,174656
EST,2020-08-30,287,174943
EST,2020-08-31,2766,177709
EST,2020-09-01,1953,179662
EST,2020-09-02,2676,182338
EST,2020-09-03,2591,184929
EST,2020-09-04,2820,187749
EST,2020-09-05,1343,189092
EST,2020-09-06,912,190004
EST,2020-09-07,2244,192248
EST,2020-09-08,2476,194724
EST,2020-09-09,2380,197104
EST,2020-09-10,2442,199546
EST,2020-09-11,3008,202554
EST,2020-09-12,2136,204690
EST,2020-09-13,1827,206517
EST,2020-09-14,3085,209602
EST,2020-09-15,3129,212731
EST,2020-09-16,3610,216341
EST,2020-09-17,2715,219056
EST,2020-09-18,4010,223066
EST,2020-09-19,2344,225410
EST,2020-09-20,1989,227399
EST,2020-09-21,3792,231191
EST,2020-09-22,3105,234296
EST,2020-09-23,4063,238359
EST,2020-09-24,3370,241729
EST,2020-09-25,3487,245216
EST,2020-09-26,3139,248355
EST,2020-09-27,3872,252227
EST,2020-09-28,4154,256381
EST,2020-09-29,3805,260186
EST,2020-09-30,3740,263926
EST,2020-10-01,3072,266998
EST,2020-10-02,3709,270707
EST,2020-10-03,1866,272573
EST,2020-10-04,1011,273584
EST,2020-10-05,3470,277054
EST,2020-10-06,1865,278919
EST,2020-10-07,4197,283116
EST,2020-10-08,2498,285614
EST,2020-10-09,3042,288656
EST,2020-10-10,1619,290275
EST,2020-10-11,1458,291733
EST,2020-10-12,3425,295158
EST,2020-10-13,2666,297824
EST,2020-10-14,3002,300826
EST,2020-10-15,2346,303172
EST,2020-10-16,2779,305951
EST,2020-10-17,1395,307346
EST,2020-10-18,1229,308575
EST,2020-10-19,2912,311487
EST,2020-10-20,2665,314152
EST,2020-10-21,2337,316489
EST,2020-10-22,2686,319175
EST,2020-10-23,2122,321297
EST,2020-10-24,2067,323364
EST,2020-10-25,1231,324595
EST,2020-10-26,2630,327225
EST,2020-10-27,3049,330274
EST,2020-10-28,3032,333306
EST,2020-10-29,2692,335998
EST,2020-10-30,4347,340345
EST,2020-10-31,2084,342429
EST,2020-11-01,1771,344200
EST,2020-11-02,3240,347440
EST,2020-11-03,4571,352011
EST,2020-11-04,3724,355735
EST,2020-11-05,4031,359766
EST,2020-11-06,4894,364660
EST,2020-11-07,3534,368194
EST,2020-11-08,3795,371989
EST,2020-11-09,4483,376472
EST,2020-11-10,4814,381286
EST,2020-11-11,5264,386550
EST,2020-11-12,4801,391351
EST,2020-11-13,5796,397147
EST,2020-11-14,5248,402395
EST,2020-11-15,3511,405906
EST,2020-11-16,5273,411179
EST,2020-11-17,5509,416688
EST,2020-11-18,7164,423852
EST,2020-11-19,6865,430717
EST,2020-11-20,5434,436151
EST,2020-11-21,4968,441119
EST,2020-11-22,3754,444873
EST,2020-11-23,4095,448968
EST,2020-11-24,5730,454698
EST,2020-11-25,5654,460352
EST,2020-11-26,5380,465732
EST,2020-11-27,5780,471512
EST,2020-11-28,5304,476816
EST,2020-11-29,3967,480783
EST,2020-11-30,4157,484940
EST,2020-12-01,6451,491391
EST,2020-12-02,5446,496837
EST,2020-12-03,4740,501577
EST,2020-12-04,6455,508032
EST,2020-12-05,5790,513822
EST,2020-12-06,2955,516777
EST,2020-12-07,4130,520907
EST,2020-12-08,5720,526627
EST,2020-12-09,5771,532398
EST,2020-12-10,3571,535969
EST,2020-12-11,7709,543678
EST,2020-12-12,3566,547244
EST,2020-12-13,4006,551250
EST,2020-12-14,4607,555857
EST,2020-12-15,5958,561815
EST,2020-12-16,6198,568013
EST,2020-12-17,6277,574290
EST,2020-12-18,6045,580335
EST,2020-12-19,5303,585638
EST,2020-12-20,3172,588810
EST,2020-12-21,5756,594566
EST,2020-12-22,5898,600464
EST,2020-12-23,7208,607672
EST,2020-12-24,3748,611420
EST,2020-12-25,3150,614570
EST,2020-12-26,2574,617144
EST,2020-12-27,3032,620176
EST,2020-12-28,4461,624637
EST,2020-12-29,6670,631307
EST,2020-12-30,5844,637151
EST,2020-12-31,3586,640737
EST,2021-01-01,2342,643079
EST,2021-01-02,3521,646600
EST,2021-01-03,3454,650054
EST,2021-01-04,3894,653948
EST,2021-01-05,5605,659553
EST,2021-01-06,7175,666728
EST,2021-01-07,5683,672411
EST,2021-01-08,5422,677833
EST,2021-01-09,3913,681746
EST,2021-01-10,3564,685310
EST,2021-01-11,3952,689262
EST,2021-01-12,6876,696138
EST,2021-01-13,5967,702105
EST,2021-01-14,4303,706408
EST,2021-01-15,4874,711282
EST,2021-01-16,3167,714449
EST,2021-01-17,2735,717184
EST,2021-01-18,5300,722484
EST,2021-01-19,6118,728602
EST,2021-01-20,5386,733988
EST,2021-01-21,4738,738726
EST,2021-01-22,5034,743760
EST,2021-01-23,4648,748408
EST,2021-01-24,3191,751599
EST,2021-01-25,4949,756548
EST,2021-01-26,6185,762733
EST,2021-01-27,5577,768310
EST,2021-01-28,6255,774565
EST,2021-01-29,4681,779246
EST,2021-01-30,3770,783016
EST,2021-01-31,3197,786213
EST,2021-02-01,4409,790622
EST,2021-02-02,6030,796652
EST,2021-02-03,5260,801912
EST,2021-02-04,5323,807235
EST,2021-02-05,5642,812877
EST,2021-02-06,4087,816964
EST,2021-02-07,3102,820066
EST,2021-02-08,5269,825335
EST,2021-02-09,5900,831235
EST,2021-02-10,5751,836986
EST,2021-02-11,5359,842345
EST,2021-02-12,5327,847672
EST,2021-02-13,4984,852656
EST,2021-02-14,3061,855717
EST,2021-02-15,5759,861476
EST,2021-02-16,6369,867845
EST,2021-02-17,8577,876422
EST,2021-02-18,6407,882829
EST,2021-02-19,5727,888556
EST,2021-02-20,4599,893155
EST,2021-02-21,5801,898956
EST,2021-02-22,6570,905526
EST,2021-02-23,5909,911435
EST,2021-02-24,4850,916285
EST,2021-02-25,6400,922685
EST,2021-02-26,9483,932168
EST,2021-02-27,6236,938404
EST,2021-02-28,4913,943317
EST,2021-03-01,6598,949915
EST,2021-03-02,7626,957541
EST,2021-03-03,6989,964530
EST,2021-03-04,7635,972165
EST,2021-03-05,7557,979722
EST,2021-03-06,6783,986505
EST,2021-03-07,5518,992023
EST,2021-03-08,6862,998885
EST,2021-03-09,7837,1006722
EST,2021-03-10,9455,1016177
EST,2021-03-11,7271,1023448
EST,2021-03-12,8561,1032009
EST,2021-03-13,5082,1037091
EST,2021-03-14,5978,1043069
EST,2021-03-15,7913,1050982
EST,2021-03-16,8652,1059634
EST,2021-03-17,7748,1067382
EST,2021-03-18,8563,1075945
EST,2021-03-19,7063,1083008
EST,2021-03-20,6805,1089813
EST,2021-03-21,4812,1094625
EST,2021-03-22,6264,1100889
EST,2021-03-23,7299,1108188
EST,2021-03-24,7298,1115486
EST,2021-03-25,5906,1121392
EST,2021-03-26,7770,1129162
EST,2021-03-27,4420,1133582
EST,2021-03-28,3328,1136910
EST,2021-03-29,6618,1143528
EST,2021-03-30,5464,1148992
EST,2021-03-31,6442,1155434
EST,2021-04-01,5938,1161372
EST,2021-04-02,3072,1164444
EST,2021-04-03,3655,1168099
EST,2021-04-04,3306,1171405
EST,2021-04-05,5898,1177303
EST,2021-04-06,6444,1183747
EST,2021-04-07,5115,1188862
EST,2021-04-08,5908,1194770
EST,2021-04-09,5611,1200381
EST,2021-04-10,3720,1204101
EST,2021-04-11,2917,1207018
EST,2021-04-12,6011,1213029
EST,2021-04-13,5272,1218301
EST,2021-04-14,5670,1223971
EST,2021-04-15,5434,1229405
EST,2021-04-16,5424,1234829
EST,2021-04-17,6790,1241619
EST,2021-04-18,2964,1244583
EST,2021-04-19,6221,1250804
EST,2021-04-20,4553,1255357
EST,2021-04-21,5905,1261262
EST,2021-04-22,5307,1266569
EST,2021-04-23,4641,1271210
EST,2021-04-24,3608,1274818
EST,2021-04-25,2034,1276852
EST,2021-04-26,5214,1282066
EST,2021-04-27,4855,1286921
EST,2021-04-28,4384,1291305
EST,2021-04-29,4746,1296051
EST,2021-04-30,4830,1300881
EST,2021-05-01,3122,1304003
EST,2021-05-02,2936,1306939
EST,2021-05-03,5423,1312362
EST,2021-05-04,4897,1317259
EST,2021-05-05,4431,1321690
EST,2021-05-06,4952,1326642
EST,2021-05-07,4897,1331539
EST,2021-05-08,3196,1334735
EST,2021-05-09,2934,1337669
EST,2021-05-10,5399,1343068
EST,2021-05-11,4730,1347798
EST,2021-05-12,4332,1352130
EST,2021-05-13,5109,1357239
EST,2021-05-14,5062,1362301
EST,2021-05-15,3416,1365717
EST,2021-05-16,2885,1368602
EST,2021-05-17,5933,1374535
EST,2021-05-18,4805,1379340
EST,2021-05-19,6443,1385783
EST,2021-05-20,4729,1390512
EST,2021-05-21,4723,1395235
EST,2021-05-22,3497,1398732
EST,2021-05-23,2614,1401346
EST,2021-05-24,4921,1406267
EST,2021-05-25,4225,1410492
EST,2021-05-26,3915,1414407
EST,2021-05-27,4085,1418492
EST,2021-05-28,4037,1422529
EST,2021-05-29,3217,1425746
EST,2021-05-30,2904,1428650
EST,2021-05-31,4393,1433043
EST,2021-06-01,6188,1439231
EST,2021-06-02,3972,1443203
EST,2021-06-03,4264,1447467
EST,2021-06-04,3975,1451442
EST,2021-06-05,2818,1454260
EST,2021-06-06,2603,1456863
EST,2021-06-07,4085,1460948
EST,2021-06-08,3943,1464891
EST,2021-06-09,3493,1468384
EST,2021-06-10,3681,1472065
EST,2021-06-11,3841,1475906
EST,2021-06-12,2752,1478658
EST,2021-06-13,2421,1481079
EST,2021-06-14,4745,1485824
EST,2021-06-15,4156,1489980
EST,2021-06-16,4225,1494205
EST,2021-06-17,3841,1498046
EST,2021-06-18,3922,1501968
EST,2021-06-19,2911,1504879
EST,2021-06-20,2164,1507043
EST,2021-06-21,3585,1510628
EST,2021-06-22,3014,1513642
EST,2021-06-23,1924,1515566
EST,2021-06-24,1967,1517533
EST,2021-06-25,3498,1521031
EST,2021-06-26,2509,1523540
EST,2021-06-27,2179,1525719
EST,2021-06-28,3780,1529499
ETH,2020-03-13,0,0
ETH,2020-03-14,0,0
ETH,2020-03-15,0,0
ETH,2020-03-16,0,0
ETH,2020-03-17,0,0
ETH,2020-03-18,0,0
ETH,2020-03-19,0,0
ETH,2020-03-20,0,0
ETH,2020-03-21,0,0
ETH,2020-03-22,0,0
ETH,2020-03-23,0,0
ETH,2020-03-24,0,0
ETH,2020-03-25,0,0
ETH,2020-03-26,0,0
ETH,2020-03-27,0,0
ETH,2020-03-28,0,0
ETH,2020-03-29,0,0
ETH,2020-03-30,61,61
ETH,2020-03-31,142,203
ETH,2020-04-01,68,271
ETH,2020-04-02,65,336
ETH,2020-04-03,74,410
ETH,2020-04-04,91,501
ETH,2020-04-05,532,1033
ETH,2020-04-06,164,1197
ETH,2020-04-07,264,1461
ETH,2020-04-08,225,1686
ETH,2020-04-09,294,1980
ETH,2020-04-10,442,2422
ETH,2020-04-11,345,2767
ETH,2020-04-12,286,3053
ETH,2020-04-13,247,3300
ETH,2020-04-14,447,3747
ETH,2020-04-15,431,4178
ETH,2020-04-16,401,4579
ETH,2020-04-17,842,5421
ETH,2020-04-18,659,6080
ETH,2020-04-19,667,6747
ETH,2020-04-20,396,7143
ETH,2020-04-21,745,7888
ETH,2020-04-22,1073,8961
ETH,2020-04-23,965,9926
ETH,2020-04-24,933,10859
ETH,2020-04-25,1019,11878
ETH,2020-04-26,957,12835
ETH,2020-04-27,943,13778
ETH,2020-04-28,1080,14858
ETH,2020-04-29,766,15624
ETH,2020-04-30,1408,17032
ETH,2020-05-01,912,17944
ETH,2020-05-02,1103,19047
ETH,2020-05-03,2473,21520
ETH,2020-05-04,1758,23278
ETH,2020-05-05,1047,24325
ETH,2020-05-06,1382,25707
ETH,2020-05-07,1928,27635
ETH,2020-05-08,1861,29496
ETH,2020-05-09,2383,31879
ETH,2020-05-10,2171,34050
ETH,2020-05-11,1764,35814
ETH,2020-05-12,2424,38238
ETH,2020-05-13,2650,40888
ETH,2020-05-14,3580,44468
ETH,2020-05-15,3707,48175
ETH,2020-05-16,4044,52219
ETH,2020-05-17,4225,56444
ETH,2020-05-18,1775,58219
ETH,2020-05-19,4271,62490
ETH,2020-05-20,2460,64950
ETH,2020-05-21,3747,68697
ETH,2020-05-22,3657,72354
ETH,2020-05-23,6798,79152
ETH,2020-05-24,1048,80200
ETH,2020-05-25,2844,83044
ETH,2020-05-26,3410,86454
ETH,2020-05-27,4352,90806
ETH,2020-05-28,4950,95756
ETH,2020-05-29,5015,100771
ETH,2020-05-30,5034,105805
ETH,2020-05-31,2836,108641
ETH,2020-06-01,2926,111567
ETH,2020-06-02,3932,115499
ETH,2020-06-03,4120,119619
ETH,2020-06-04,5141,124760
ETH,2020-06-05,5798,130558
ETH,2020-06-06,5500,136058
ETH,2020-06-07,6092,142150
ETH,2020-06-08,4775,146925
ETH,2020-06-09,4599,151524
ETH,2020-06-10,6187,157711
ETH,2020-06-11,6630,164341
ETH,2020-06-12,5709,170050
ETH,2020-06-13,5644,175694
ETH,2020-06-14,4845,180539
ETH,2020-06-15,5636,186175
ETH,2020-06-16,5102,191277
ETH,2020-06-17,5274,196551
ETH,2020-06-18,4853,201404
ETH,2020-06-19,4809,206213
ETH,2020-06-20,4848,211061
ETH,2020-06-21,4457,215518
ETH,2020-06-22,3238,218756
ETH,2020-06-23,3775,222531
ETH,2020-06-24,4034,226565
ETH,2020-06-25,4675,231240
ETH,2020-06-26,5414,236654
ETH,2020-06-27,5552,242206
ETH,2020-06-28,3895,246101
ETH,2020-06-29,3693,249794
ETH,2020-06-30,3300,253094
ETH,2020-07-01,1398,254492
ETH,2020-07-02,1346,255838
ETH,2020-07-03,1742,257580
ETH,2020-07-04,2192,259772
ETH,2020-07-05,3315,263087
ETH,2020-07-06,2426,265513
ETH,2020-07-07,1969,267482
ETH,2020-07-08,4162,271644
ETH,2020-07-09,3476,275120
ETH,2020-07-10,5139,280259
ETH,2020-07-11,4559,284818
ETH,2020-07-12,3922,288740
ETH,2020-07-13,4385,293125
ETH,2020-07-14,3607,296732
ETH,2020-07-15,5186,301918
ETH,2020-07-16,6911,308829
ETH,2020-07-17,7407,316236
ETH,2020-07-18,6886,323122
ETH,2020-07-19,7334,330456
ETH,2020-07-20,5056,335512
ETH,2020-07-21,6544,342056
ETH,2020-07-22,7294,349350
ETH,2020-07-23,6898,356248
ETH,2020-07-24,7264,363512
ETH,2020-07-25,8490,372002
ETH,2020-07-26,9527,381529
ETH,2020-07-27,7009,388538
ETH,2020-07-28,6503,395041
ETH,2020-07-29,7760,402801
ETH,2020-07-30,9786,412587
ETH,2020-07-31,8957,421544
ETH,2020-08-01,7358,428902
ETH,2020-08-02,7607,436509
ETH,2020-08-03,6907,443416
ETH,2020-08-04,8201,451617
ETH,2020-08-05,7319,458936
ETH,2020-08-06,9068,468004
ETH,2020-08-07,9203,477207
ETH,2020-08-08,10919,488126
ETH,2020-08-09,9035,497161
ETH,2020-08-10,11039,508200
ETH,2020-08-11,11881,520081
ETH,2020-08-12,14540,534621
ETH,2020-08-13,14688,549309
ETH,2020-08-14,17323,566632
ETH,2020-08-15,22252,588884
ETH,2020-08-16,19769,608653
ETH,2020-08-17,19747,628400
ETH,2020-08-18,22101,650501
ETH,2020-08-19,21326,671827
ETH,2020-08-20,21456,693283
ETH,2020-08-21,23035,716318
ETH,2020-08-22,19776,736094
ETH,2020-08-23,20153,756247
ETH,2020-08-24,18851,775098
ETH,2020-08-25,18778,793876
ETH,2020-08-26,18724,812600
ETH,2020-08-27,18060,830660
ETH,2020-08-28,18766,849426
ETH,2020-08-29,19194,868620
ETH,2020-08-30,21499,890119
ETH,2020-08-31,19364,909483
ETH,2020-09-01,18160,927643
ETH,2020-09-02,21360,949003
ETH,2020-09-03,20778,969781
ETH,2020-09-04,23712,993493
ETH,2020-09-05,24544,1018037
ETH,2020-09-06,25158,1043195
ETH,2020-09-07,19449,1062644
ETH,2020-09-08,14815,1077459
ETH,2020-09-09,15561,1093020
ETH,2020-09-10,16665,1109685
ETH,2020-09-11,12164,1121849
ETH,2020-09-12,8191,1130040
ETH,2020-09-13,7162,1137202
ETH,2020-09-14,9256,1146458
ETH,2020-09-15,10024,1156482
ETH,2020-09-16,8355,1164837
ETH,2020-09-17,10605,1175442
ETH,2020-09-18,8221,1183663
ETH,2020-09-19,10322,1193985
ETH,2020-09-20,8023,1202008
ETH,2020-09-21,8115,1210123
ETH,2020-09-22,6813,1216936
ETH,2020-09-23,8551,1225487
ETH,2020-09-24,8348,1233835
ETH,2020-09-25,7227,1241062
ETH,2020-09-26,7679,1248741
ETH,2020-09-27,6631,1255372
ETH,2020-09-28,4747,1260119
ETH,2020-09-29,5284,1265403
ETH,2020-09-30,6139,1271542
ETH,2020-10-01,6475,1278017
ETH,2020-10-02,6916,1284933
ETH,2020-10-03,7726,1292659
ETH,2020-10-04,8101,1300760
ETH,2020-10-05,6062,1306822
ETH,2020-10-06,5278,1312100
ETH,2020-10-07,8254,1320354
ETH,2020-10-08,6668,1327022
ETH,2020-10-09,8024,1335046
ETH,2020-10-10,7394,1342440
ETH,2020-10-11,7383,1349823
ETH,2020-10-12,5997,1355820
ETH,2020-10-13,6344,1362164
ETH,2020-10-14,7121,1369285
ETH,2020-10-15,6985,1376270
ETH,2020-10-16,6569,1382839
ETH,2020-10-17,6548,1389387
ETH,2020-10-18,7151,1396538
ETH,2020-10-19,6546,1403084
ETH,2020-10-20,6602,1409686
ETH,2020-10-21,6333,1416019
ETH,2020-10-22,6676,1422695
ETH,2020-10-23,6538,1429233
ETH,2020-10-24,7454,1436687
ETH,2020-10-25,7045,1443732
ETH,2020-10-26,4628,1448360
ETH,2020-10-27,5884,1454244
ETH,2020-10-28,6290,1460534
ETH,2020-10-29,7773,1468307
ETH,2020-10-30,5866,1474173
ETH,2020-10-31,6386,1480559
ETH,2020-11-01,5901,1486460
ETH,2020-11-02,5726,1492186
ETH,2020-11-03,5364,1497550
ETH,2020-11-04,5945,1503495
ETH,2020-11-05,5839,1509334
ETH,2020-11-06,4725,1514059
ETH,2020-11-07,6028,1520087
ETH,2020-11-08,5324,1525411
ETH,2020-11-09,3889,1529300
ETH,2020-11-10,4360,1533660
ETH,2020-11-11,5183,1538843
ETH,2020-11-12,5478,1544321
ETH,2020-11-13,5532,1549853
ETH,2020-11-14,6343,1556196
ETH,2020-11-15,5002,1561198
ETH,2020-11-16,4213,1565411
ETH,2020-11-17,3778,1569189
ETH,2020-11-18,4871,1574060
ETH,2020-11-19,5201,1579261
ETH,2020-11-20,5488,1584749
ETH,2020-11-21,5589,1590338
ETH,2020-11-22,4495,1594833
ETH,2020-11-23,4963,1599796
ETH,2020-11-24,4091,1603887
ETH,2020-11-25,5283,1609170
ETH,2020-11-26,5789,1614959
ETH,2020-11-27,5271,1620230
ETH,2020-11-28,5406,1625636
ETH,2020-11-29,5466,1631102
ETH,2020-11-30,4817,1635919
ETH,2020-12-01,4968,1640887
ETH,2020-12-02,4298,1645185
ETH,2020-12-03,6522,1651707
ETH,2020-12-04,5673,1657380
ETH,2020-12-05,6185,1663565
ETH,2020-12-06,5379,1668944
ETH,2020-12-07,4203,1673147
ETH,2020-12-08,5288,1678435
ETH,2020-12-09,4313,1682748
ETH,2020-12-10,5741,1688489
ETH,2020-12-11,5807,1694296
ETH,2020-12-12,6416,1700712
ETH,2020-12-13,4799,1705511
ETH,2020-12-14,4778,1710289
ETH,2020-12-15,3867,1714156
ETH,2020-12-16,5451,1719607
ETH,2020-12-17,5276,1724883
ETH,2020-12-18,6284,1731167
ETH,2020-12-19,6313,1737480
ETH,2020-12-20,5373,1742853
ETH,2020-12-21,4242,1747095
ETH,2020-12-22,4347,1751442
ETH,2020-12-23,5096,1756538
ETH,2020-12-24,5503,1762041
ETH,2020-12-25,6762,1768803
ETH,2020-12-26,6709,1775512
ETH,2020-12-27,4639,1780151
ETH,2020-12-28,4171,1784322
ETH,2020-12-29,4155,1788477
ETH,2020-12-30,5402,1793879
ETH,2020-12-31,5547,1799426
ETH,2021-01-01,5810,1805236
ETH,2021-01-02,5532,1810768
ETH,2021-01-03,6387,1817155
ETH,2021-01-04,4157,1821312
ETH,2021-01-05,3934,1825246
ETH,2021-01-06,5801,1831047
ETH,2021-01-07,4670,1835717
ETH,2021-01-08,4240,1839957
ETH,2021-01-09,3952,1843909
ETH,2021-01-10,5381,1849290
ETH,2021-01-11,4599,1853889
ETH,2021-01-12,4949,1858838
ETH,2021-01-13,4919,1863757
ETH,2021-01-14,5848,1869605
ETH,2021-01-15,5625,1875230
ETH,2021-01-16,6111,1881341
ETH,2021-01-17,4788,1886129
ETH,2021-01-18,4980,1891109
ETH,2021-01-19,3633,1894742
ETH,2021-01-20,4085,1898827
ETH,2021-01-21,3945,1902772
ETH,2021-01-22,4951,1907723
ETH,2021-01-23,5085,1912808
ETH,2021-01-24,6045,1918853
ETH,2021-01-25,4473,1923326
ETH,2021-01-26,6342,1929668
ETH,2021-01-27,5852,1935520
ETH,2021-01-28,6003,1941523
ETH,2021-01-29,7011,1948534
ETH,2021-01-30,6099,1954633
ETH,2021-01-31,7109,1961742
ETH,2021-02-01,6216,1967958
ETH,2021-02-02,5605,1973563
ETH,2021-02-03,5632,1979195
ETH,2021-02-04,6002,1985197
ETH,2021-02-05,5065,1990262
ETH,2021-02-06,6563,1996825
ETH,2021-02-07,6677,2003502
ETH,2021-02-08,5147,2008649
ETH,2021-02-09,4981,2013630
ETH,2021-02-10,6554,2020184
ETH,2021-02-11,5740,2025924
ETH,2021-02-12,7056,2032980
ETH,2021-02-13,6500,2039480
ETH,2021-02-14,6562,2046042
ETH,2021-02-15,5001,2051043
ETH,2021-02-16,5164,2056207
ETH,2021-02-17,6127,2062334
ETH,2021-02-18,6853,2069187
ETH,2021-02-19,6901,2076088
ETH,2021-02-20,7947,2084035
ETH,2021-02-21,6005,2090040
ETH,2021-02-22,5960,2096000
ETH,2021-02-23,5507,2101507
ETH,2021-02-24,6089,2107596
ETH,2021-02-25,6212,2113808
ETH,2021-02-26,6659,2120467
ETH,2021-02-27,6759,2127226
ETH,2021-02-28,6551,2133777
ETH,2021-03-01,5840,2139617
ETH,2021-03-02,6030,2145647
ETH,2021-03-03,6282,2151929
ETH,2021-03-04,5557,2157486
ETH,2021-03-05,7211,2164697
ETH,2021-03-06,6406,2171103
ETH,2021-03-07,6490,2177593
ETH,2021-03-08,6342,2183935
ETH,2021-03-09,7566,2191501
ETH,2021-03-10,7819,2199320
ETH,2021-03-11,7065,2206385
ETH,2021-03-12,6985,2213370
ETH,2021-03-13,7654,2221024
ETH,2021-03-14,5895,2226919
ETH,2021-03-15,5760,2232679
ETH,2021-03-16,7338,2240017
ETH,2021-03-17,7557,2247574
ETH,2021-03-18,8055,2255629
ETH,2021-03-19,8244,2263873
ETH,2021-03-20,8227,2272100
ETH,2021-03-21,6562,2278662
ETH,2021-03-22,6922,2285584
ETH,2021-03-23,7092,2292676
ETH,2021-03-24,7659,2300335
ETH,2021-03-25,7423,2307758
ETH,2021-03-26,8252,2316010
ETH,2021-03-27,8665,2324675
ETH,2021-03-28,7250,2331925
ETH,2021-03-29,7840,2339765
ETH,2021-03-30,8296,2348061
ETH,2021-03-31,8022,2356083
ETH,2021-04-01,8294,2364377
ETH,2021-04-02,9017,2373394
ETH,2021-04-03,8392,2381786
ETH,2021-04-04,6962,2388748
ETH,2021-04-05,9038,2397786
ETH,2021-04-06,8190,2405976
ETH,2021-04-07,8187,2414163
ETH,2021-04-08,7757,2421920
ETH,2021-04-09,7487,2429407
ETH,2021-04-10,7278,2436685
ETH,2021-04-11,8083,2444768
ETH,2021-04-12,7709,2452477
ETH,2021-04-13,7601,2460078
ETH,2021-04-14,8705,2468783
ETH,2021-04-15,8878,2477661
ETH,2021-04-16,7480,2485141
ETH,2021-04-17,8307,2493448
ETH,2021-04-18,7312,2500760
ETH,2021-04-19,5833,2506593
ETH,2021-04-20,7346,2513939
ETH,2021-04-21,6855,2520794
ETH,2021-04-22,7041,2527835
ETH,2021-04-23,6581,2534416
ETH,2021-04-24,8869,2543285
ETH,2021-04-25,6299,2549584
ETH,2021-04-26,5595,2555179
ETH,2021-04-27,5258,2560437
ETH,2021-04-28,7099,2567536
ETH,2021-04-29,6198,2573734
ETH,2021-04-30,6156,2579890
ETH,2021-05-01,3605,2583495
ETH,2021-05-02,1778,2585273
ETH,2021-05-03,4008,2589281
ETH,2021-05-04,3638,2592919
ETH,2021-05-05,5733,2598652
ETH,2021-05-06,4914,2603566
ETH,2021-05-07,5521,2609087
ETH,2021-05-08,5393,2614480
ETH,2021-05-09,5303,2619783
ETH,2021-05-10,3583,2623366
ETH,2021-05-11,4776,2628142
ETH,2021-05-12,5722,2633864
ETH,2021-05-13,5621,2639485
ETH,2021-05-14,4270,2643755
ETH,2021-05-15,3922,2647677
ETH,2021-05-16,4071,2651748
ETH,2021-05-17,3824,2655572
ETH,2021-05-18,5068,2660640
ETH,2021-05-19,4966,2665606
ETH,2021-05-20,5684,2671290
ETH,2021-05-21,5095,2676385
ETH,2021-05-22,5563,2681948
ETH,2021-05-23,4376,2686324
ETH,2021-05-24,4106,2690430
ETH,2021-05-25,4823,2695253
ETH,2021-05-26,5027,2700280
ETH,2021-05-27,5056,2705336
ETH,2021-05-28,5772,2711108
ETH,2021-05-29,5005,2716113
ETH,2021-05-30,3572,2719685
ETH,2021-05-31,3464,2723149
ETH,2021-06-01,4600,2727749
ETH,2021-06-02,5003,2732752
ETH,2021-06-03,4376,2737128
ETH,2021-06-04,5709,2742837
ETH,2021-06-05,4505,2747342
ETH,2021-06-06,3835,2751177
ETH,2021-06-07,3442,2754619
ETH,2021-06-08,4426,2759045
ETH,2021-06-09,4935,2763980
ETH,2021-06-10,6069,2770049
ETH,2021-06-11,5568,2775617
ETH,2021-06-12,5405,2781022
ETH,2021-06-13,5158,2786180
ETH,2021-06-14,4969,2791149
ETH,2021-06-15,5399,2796548
ETH,2021-06-16,5237,2801785
ETH,2021-06-17,5764,2807549
ETH,2021-06-18,5594,2813143
ETH,2021-06-19,5702,2818845
ETH,2021-06-20,5338,2824183
ETH,2021-06-21,3177,2827360
ETH,2021-06-22,2766,2830126
ETH,2021-06-23,4406,2834532
ETH,2021-06-24,4525,2839057
ETH,2021-06-25,5396,2844453
ETH,2021-06-26,5307,2849760
ETH,2021-06-27,3334,2853094
ETH,2021-06-28,3144,2856238
FJI,2020-01-30,0,0
FJI,2020-01-31,0,0
FJI,2020-02-01,0,0
FJI,2020-02-02,0,0
FJI,2020-02-03,0,0
FJI,2020-02-04,0,0
FJI,2020-02-05,0,0
FJI,2020-02-06,0,0
FJI,2020-02-07,0,0
FJI,2020-02-08,1,1
FJI,2020-02-09,0,1
FJI,2020-02-10,0,1
FJI,2020-02-11,0,1
FJI,2020-02-12,0,1
FJI,2020-02-13,0,1
FJI,2020-02-14,0,1
FJI,2020-02-15,0,1
FJI,2020-02-16,0,1
FJI,2020-02-17,0,1
FJI,2020-02-18,0,1
FJI,2020-02-19,0,1
FJI,2020-02-20,0,1
FJI,2020-02-21,0,1
FJI,2020-02-22,0,1
FJI,2020-02-23,0,1
FJI,2020-02-24,0,1
FJI,2020-02-25,0,1
FJI,2020-02-26,0,1
FJI,2020-02-27,0,1
FJI,2020-02-28,0,1
FJI,2020-02-29,0,1
FJI,2020-03-01,0,1
FJI,2020-03-02,0,1
FJI,2020-03-03,0,1
FJI,2020-03-04,0,1
FJI,2020-03-05,5,6
FJI,2020-03-06,0,6
FJI,2020-03-07,0,6
FJI,2020-03-08,0,6
FJI,2020-03-09,0,6
FJI,2020-03-10,0,6
FJI,2020-03-11,0,6
FJI,2020-03-12,0,6
FJI,2020-03-13,10,16
FJI,2020-03-14,9,25
FJI,2020-03-15,0,25
FJI,2020-03-16,0,25
FJI,2020-03-17,5,30
FJI,2020-03-18,12,42
FJI,2020-03-19,8,50
FJI,2020-03-20,23,73
FJI,2020-03-21,28,101
FJI,2020-03-22,0,101
FJI,2020-03-23,0,101
FJI,2020-03-24,33,134
FJI,2020-03-25,28,162
FJI,2020-03-26,39,201
FJI,2020-03-27,61,262
FJI,2020-03-28,23,285
FJI,2020-03-29,16,301
FJI,2020-03-30,10,311
FJI,2020-03-31,11,322
FJI,2020-04-01,17,339
FJI,2020-04-02,24,363
FJI,2020-04-03,0,363
FJI,2020-04-04,0,363
FJI,2020-04-05,44,407
FJI,2020-04-06,23,430
FJI,2020-04-07,25,455
FJI,2020-04-08,29,484
FJI,2020-04-09,25,509
FJI,2020-04-10,21,530
FJI,2020-04-11,9,539
FJI,2020-04-12,1,540
FJI,2020-04-13,27,567
FJI,2020-04-14,12,579
FJI,2020-04-15,0,579
FJI,2020-04-16,0,579
FJI,2020-04-17,21,600
FJI,2020-04-18,40,640
FJI,2020-04-19,38,678
FJI,2020-04-20,24,702
FJI,2020-04-21,22,724
FJI,2020-04-22,68,792
FJI,2020-04-23,54,846
FJI,2020-04-24,2,848
FJI,2020-04-25,60,908
FJI,2020-04-26,0,908
FJI,2020-04-27,0,908
FJI,2020-04-28,30,938
FJI,2020-04-29,33,971
FJI,2020-04-30,37,1008
FJI,2020-05-01,41,1049
FJI,2020-05-02,47,1096
FJI,2020-05-03,78,1174
FJI,2020-05-04,0,1174
FJI,2020-05-05,0,1174
FJI,2020-05-06,29,1203
FJI,2020-05-07,43,1246
FJI,2020-05-08,52,1298
FJI,2020-05-09,43,1341
FJI,2020-05-10,67,1408
FJI,2020-05-11,0,1408
FJI,2020-05-12,0,1408
FJI,2020-05-13,67,1475
FJI,2020-05-14,76,1551
FJI,2020-05-15,87,1638
FJI,2020-05-16,74,1712
FJI,2020-05-17,0,1712
FJI,2020-05-18,0,1712
FJI,2020-05-19,78,1790
FJI,2020-05-20,68,1858
FJI,2020-05-21,56,1914
FJI,2020-05-22,66,1980
FJI,2020-05-23,104,2084
FJI,2020-05-24,4,2088
FJI,2020-05-25,64,2152
FJI,2020-05-26,53,2205
FJI,2020-05-27,111,2316
FJI,2020-05-28,78,2394
FJI,2020-05-29,150,2544
FJI,2020-05-30,77,2621
FJI,2020-05-31,61,2682
FJI,2020-06-01,0,2682
FJI,2020-06-02,0,2682
FJI,2020-06-03,88,2770
FJI,2020-06-04,66,2836
FJI,2020-06-05,113,2949
FJI,2020-06-06,92,3041
FJI,2020-06-07,232,3273
FJI,2020-06-08,97,3370
FJI,2020-06-09,81,3451
FJI,2020-06-10,129,3580
FJI,2020-06-11,0,3580
FJI,2020-06-12,0,3580
FJI,2020-06-13,102,3682
FJI,2020-06-14,20,3702
FJI,2020-06-15,43,3745
FJI,2020-06-16,39,3784
FJI,2020-06-17,0,3784
FJI,2020-06-18,0,3784
FJI,2020-06-19,120,3904
FJI,2020-06-20,26,3930
FJI,2020-06-21,0,3930
FJI,2020-06-22,0,3930
FJI,2020-06-23,55,3985
FJI,2020-06-24,50,4035
FJI,2020-06-25,151,4186
FJI,2020-06-26,31,4217
FJI,2020-06-27,11,4228
FJI,2020-06-28,26,4254
FJI,2020-06-29,162,4416
FJI,2020-06-30,45,4461
FJI,2020-07-01,45,4506
FJI,2020-07-02,51,4557
FJI,2020-07-03,86,4643
FJI,2020-07-04,26,4669
FJI,2020-07-05,43,4712
FJI,2020-07-06,0,4712
FJI,2020-07-07,0,4712
FJI,2020-07-08,115,4827
FJI,2020-07-09,135,4962
FJI,2020-07-10,-357,4605
FJI,2020-07-11,576,5181
FJI,2020-07-12,97,5278
FJI,2020-07-13,20,5298
FJI,2020-07-14,151,5449
FJI,2020-07-15,0,5449
FJI,2020-07-16,0,5449
FJI,2020-07-17,38,5487
FJI,2020-07-18,22,5509
FJI,2020-07-19,13,5522
FJI,2020-07-20,13,5535
FJI,2020-07-21,40,5575
FJI,2020-07-22,81,5656
FJI,2020-07-23,49,5705
FJI,2020-07-24,55,5760
FJI,2020-07-25,29,5789
FJI,2020-07-26,25,5814
FJI,2020-07-27,26,5840
FJI,2020-07-28,37,5877
FJI,2020-07-29,129,6006
FJI,2020-07-30,39,6045
FJI,2020-07-31,12,6057
FJI,2020-08-01,1,6058
FJI,2020-08-02,0,6058
FJI,2020-08-03,0,6058
FJI,2020-08-04,64,6122
FJI,2020-08-05,169,6291
FJI,2020-08-06,60,6351
FJI,2020-08-07,12,6363
FJI,2020-08-08,16,6379
FJI,2020-08-09,7,6386
FJI,2020-08-10,4,6390
FJI,2020-08-11,40,6430
FJI,2020-08-12,125,6555
FJI,2020-08-13,34,6589
FJI,2020-08-14,50,6639
FJI,2020-08-15,12,6651
FJI,2020-08-16,17,6668
FJI,2020-08-17,15,6683
FJI,2020-08-18,25,6708
FJI,2020-08-19,178,6886
FJI,2020-08-20,48,6934
FJI,2020-08-21,53,6987
FJI,2020-08-22,19,7006
FJI,2020-08-23,18,7024
FJI,2020-08-24,7,7031
FJI,2020-08-25,51,7082
FJI,2020-08-26,160,7242
FJI,2020-08-27,47,7289
FJI,2020-08-28,38,7327
FJI,2020-08-29,21,7348
FJI,2020-08-30,62,7410
FJI,2020-08-31,43,7453
FJI,2020-09-01,19,7472
FJI,2020-09-02,123,7595
FJI,2020-09-03,0,7595
FJI,2020-09-04,0,7595
FJI,2020-09-05,139,7734
FJI,2020-09-06,108,7842
FJI,2020-09-07,12,7854
FJI,2020-09-08,171,8025
FJI,2020-09-09,159,8184
FJI,2020-09-10,33,8217
FJI,2020-09-11,26,8243
FJI,2020-09-12,28,8271
FJI,2020-09-13,17,8288
FJI,2020-09-14,23,8311
FJI,2020-09-15,208,8519
FJI,2020-09-16,183,8702
FJI,2020-09-17,53,8755
FJI,2020-09-18,20,8775
FJI,2020-09-19,33,8808
FJI,2020-09-20,28,8836
FJI,2020-09-21,25,8861
FJI,2020-09-22,100,8961
FJI,2020-09-23,180,9141
FJI,2020-09-24,24,9165
FJI,2020-09-25,64,9229
FJI,2020-09-26,65,9294
FJI,2020-09-27,40,9334
FJI,2020-09-28,16,9350
FJI,2020-09-29,158,9508
FJI,2020-09-30,227,9735
FJI,2020-10-01,39,9774
FJI,2020-10-02,58,9832
FJI,2020-10-03,111,9943
FJI,2020-10-04,-35,9908
FJI,2020-10-05,34,9942
FJI,2020-10-06,41,9983
FJI,2020-10-07,0,9983
FJI,2020-10-08,0,9983
FJI,2020-10-09,102,10085
FJI,2020-10-10,30,10115
FJI,2020-10-11,0,10115
FJI,2020-10-12,0,10115
FJI,2020-10-13,85,10200
FJI,2020-10-14,178,10378
FJI,2020-10-15,0,10378
FJI,2020-10-16,0,10378
FJI,2020-10-17,62,10440
FJI,2020-10-18,56,10496
FJI,2020-10-19,7,10503
FJI,2020-10-20,84,10587
FJI,2020-10-21,129,10716
FJI,2020-10-22,83,10799
FJI,2020-10-23,27,10826
FJI,2020-10-24,37,10863
FJI,2020-10-25,0,10863
FJI,2020-10-26,0,10863
FJI,2020-10-27,128,10991
FJI,2020-10-28,51,11042
FJI,2020-10-29,52,11094
FJI,2020-10-30,362,11456
FJI,2020-10-31,0,11456
FJI,2020-11-01,0,11456
FJI,2020-11-02,0,11456
FJI,2020-11-03,0,11456
FJI,2020-11-04,40,11496
FJI,2020-11-05,82,11578
FJI,2020-11-06,140,11718
FJI,2020-11-07,0,11718
FJI,2020-11-08,0,11718
FJI,2020-11-09,0,11718
FJI,2020-11-10,302,12020
FJI,2020-11-11,0,12020
FJI,2020-11-12,0,12020
FJI,2020-11-13,111,12131
FJI,2020-11-14,39,12170
FJI,2020-11-15,40,12210
FJI,2020-11-16,0,12210
FJI,2020-11-17,0,12210
FJI,2020-11-18,430,12640
FJI,2020-11-19,18,12658
FJI,2020-11-20,67,12725
FJI,2020-11-21,5,12730
FJI,2020-11-22,81,12811
FJI,2020-11-23,119,12930
FJI,2020-11-24,103,13033
FJI,2020-11-25,196,13229
FJI,2020-11-26,179,13408
FJI,2020-11-27,73,13481
FJI,2020-11-28,15,13496
FJI,2020-11-29,156,13652
FJI,2020-11-30,68,13720
FJI,2020-12-01,47,13767
FJI,2020-12-02,0,13767
FJI,2020-12-03,0,13767
FJI,2020-12-04,51,13818
FJI,2020-12-05,0,13818
FJI,2020-12-06,0,13818
FJI,2020-12-07,402,14220
FJI,2020-12-08,58,14278
FJI,2020-12-09,637,14915
FJI,2020-12-10,112,15027
FJI,2020-12-11,291,15318
FJI,2020-12-12,0,15318
FJI,2020-12-13,0,15318
FJI,2020-12-14,223,15541
FJI,2020-12-15,0,15541
FJI,2020-12-16,0,15541
FJI,2020-12-17,45,15586
FJI,2020-12-18,113,15699
FJI,2020-12-19,104,15803
FJI,2020-12-20,20,15823
FJI,2020-12-21,24,15847
FJI,2020-12-22,0,15847
FJI,2020-12-23,0,15847
FJI,2020-12-24,528,16375
FJI,2020-12-25,0,16375
FJI,2020-12-26,0,16375
FJI,2020-12-27,67,16442
FJI,2020-12-28,363,16805
FJI,2020-12-29,126,16931
FJI,2020-12-30,98,17029
FJI,2020-12-31,69,17098
FJI,2021-01-01,133,17231
FJI,2021-01-02,0,17231
FJI,2021-01-03,0,17231
FJI,2021-01-04,47,17278
FJI,2021-01-05,143,17421
FJI,2021-01-06,212,17633
FJI,2021-01-07,184,17817
FJI,2021-01-08,264,18081
FJI,2021-01-09,0,18081
FJI,2021-01-10,0,18081
FJI,2021-01-11,57,18138
FJI,2021-01-12,299,18437
FJI,2021-01-13,193,18630
FJI,2021-01-14,275,18905
FJI,2021-01-15,120,19025
FJI,2021-01-16,0,19025
FJI,2021-01-17,0,19025
FJI,2021-01-18,53,19078
FJI,2021-01-19,215,19293
FJI,2021-01-20,297,19590
FJI,2021-01-21,221,19811
FJI,2021-01-22,233,20044
FJI,2021-01-23,236,20280
FJI,2021-01-24,0,20280
FJI,2021-01-25,0,20280
FJI,2021-01-26,322,20602
FJI,2021-01-27,228,20830
FJI,2021-01-28,162,20992
FJI,2021-01-29,296,21288
FJI,2021-01-30,-1,21287
FJI,2021-01-31,0,21287
FJI,2021-02-01,0,21287
FJI,2021-02-02,293,21580
FJI,2021-02-03,338,21918
FJI,2021-02-04,85,22003
FJI,2021-02-05,149,22152
FJI,2021-02-06,33,22185
FJI,2021-02-07,0,22185
FJI,2021-02-08,0,22185
FJI,2021-02-09,270,22455
FJI,2021-02-10,295,22750
FJI,2021-02-11,208,22958
FJI,2021-02-12,113,23071
FJI,2021-02-13,153,23224
FJI,2021-02-14,85,23309
FJI,2021-02-15,18,23327
FJI,2021-02-16,202,23529
FJI,2021-02-17,231,23760
FJI,2021-02-18,154,23914
FJI,2021-02-19,0,23914
FJI,2021-02-20,0,23914
FJI,2021-02-21,70,23984
FJI,2021-02-22,14,23998
FJI,2021-02-23,0,23998
FJI,2021-02-24,0,23998
FJI,2021-02-25,492,24490
FJI,2021-02-26,148,24638
FJI,2021-02-27,226,24864
FJI,2021-02-28,115,24979
FJI,2021-03-01,155,25134
FJI,2021-03-02,309,25443
FJI,2021-03-03,0,25443
FJI,2021-03-04,0,25443
FJI,2021-03-05,474,25917
FJI,2021-03-06,107,26024
FJI,2021-03-07,119,26143
FJI,2021-03-08,167,26310
FJI,2021-03-09,281,26591
FJI,2021-03-10,278,26869
FJI,2021-03-11,419,27288
FJI,2021-03-12,178,27466
FJI,2021-03-13,269,27735
FJI,2021-03-14,82,27817
FJI,2021-03-15,214,28031
FJI,2021-03-16,294,28325
FJI,2021-03-17,341,28666
FJI,2021-03-18,95,28761
FJI,2021-03-19,317,29078
FJI,2021-03-20,70,29148
FJI,2021-03-21,214,29362
FJI,2021-03-22,256,29618
FJI,2021-03-23,347,29965
FJI,2021-03-24,336,30301
FJI,2021-03-25,275,30576
FJI,2021-03-26,251,30827
FJI,2021-03-27,210,31037
FJI,2021-03-28,121,31158
FJI,2021-03-29,243,31401
FJI,2021-03-30,382,31783
FJI,2021-03-31,664,32447
FJI,2021-04-01,674,33121
FJI,2021-04-02,0,33121
FJI,2021-04-03,0,33121
FJI,2021-04-04,0,33121
FJI,2021-04-05,165,33286
FJI,2021-04-06,311,33597
FJI,2021-04-07,611,34208
FJI,2021-04-08,244,34452
FJI,2021-04-09,289,34741
FJI,2021-04-10,110,34851
FJI,2021-04-11,253,35104
FJI,2021-04-12,104,35208
FJI,2021-04-13,425,35633
FJI,2021-04-14,0,35633
FJI,2021-04-15,0,35633
FJI,2021-04-16,351,35984
FJI,2021-04-17,369,36353
FJI,2021-04-18,137,36490
FJI,2021-04-19,243,36733
FJI,2021-04-20,246,36979
FJI,2021-04-21,994,37973
FJI,2021-04-22,1114,39087
FJI,2021-04-23,828,39915
FJI,2021-04-24,1007,40922
FJI,2021-04-25,737,41659
FJI,2021-04-26,550,42209
FJI,2021-04-27,685,42894
FJI,2021-04-28,634,43528
FJI,2021-04-29,1018,44546
FJI,2021-04-30,986,45532
FJI,2021-05-01,1252,46784
FJI,2021-05-02,1736,48520
FJI,2021-05-03,1278,49798
FJI,2021-05-04,2065,51863
FJI,2021-05-05,1723,53586
FJI,2021-05-06,1349,54935
FJI,2021-05-07,2206,57141
FJI,2021-05-08,1616,58757
FJI,2021-05-09,1380,60137
FJI,2021-05-10,2217,62354
FJI,2021-05-11,2053,64407
FJI,2021-05-12,812,65219
FJI,2021-05-13,274,65493
FJI,2021-05-14,173,65666
FJI,2021-05-15,253,65919
FJI,2021-05-16,401,66320
FJI,2021-05-17,2522,68842
FJI,2021-05-18,2974,71816
FJI,2021-05-19,2622,74438
FJI,2021-05-20,3034,77472
FJI,2021-05-21,2733,80205
FJI,2021-05-22,1679,81884
FJI,2021-05-23,1933,83817
FJI,2021-05-24,2496,86313
FJI,2021-05-25,3290,89603
FJI,2021-05-26,2804,92407
FJI,2021-05-27,2673,95080
FJI,2021-05-28,2355,97435
FJI,2021-05-29,2320,99755
FJI,2021-05-30,2475,102230
FJI,2021-05-31,2732,104962
FJI,2021-06-01,2708,107670
FJI,2021-06-02,3579,111249
FJI,2021-06-03,3816,115065
FJI,2021-06-04,3229,118294
FJI,2021-06-05,2794,121088
FJI,2021-06-06,2402,123490
FJI,2021-06-07,2729,126219
FJI,2021-06-08,3517,129736
FJI,2021-06-09,3711,133447
FJI,2021-06-10,4036,137483
FJI,2021-06-11,3584,141067
FJI,2021-06-12,2984,144051
FJI,2021-06-13,2813,146864
FIN,2020-02-27,0,0
FIN,2020-02-28,358,358
FIN,2020-02-29,15,373
FIN,2020-03-01,16,389
FIN,2020-03-02,26,415
FIN,2020-03-03,51,466
FIN,2020-03-04,85,551
FIN,2020-03-05,80,631
FIN,2020-03-06,105,736
FIN,2020-03-07,20,756
FIN,2020-03-08,14,770
FIN,2020-03-09,122,892
FIN,2020-03-10,128,1020
FIN,2020-03-11,163,1183
FIN,2020-03-12,349,1532
FIN,2020-03-13,409,1941
FIN,2020-03-14,595,2536
FIN,2020-03-15,644,3180
FIN,2020-03-16,868,4048
FIN,2020-03-17,1136,5184
FIN,2020-03-18,1025,6209
FIN,2020-03-19,775,6984
FIN,2020-03-20,1286,8270
FIN,2020-03-21,1603,9873
FIN,2020-03-22,1048,10921
FIN,2020-03-23,1316,12237
FIN,2020-03-24,1582,13819
FIN,2020-03-25,1848,15667
FIN,2020-03-26,1837,17504
FIN,2020-03-27,2004,19508
FIN,2020-03-28,1205,20713
FIN,2020-03-29,587,21300
FIN,2020-03-30,1084,22384
FIN,2020-03-31,1131,23515
FIN,2020-04-01,1611,25126
FIN,2020-04-02,2331,27457
FIN,2020-04-03,1691,29148
FIN,2020-04-04,3224,32372
FIN,2020-04-05,1647,34019
FIN,2020-04-06,1971,35990
FIN,2020-04-07,2167,38157
FIN,2020-04-08,3295,41452
FIN,2020-04-09,2549,44001
FIN,2020-04-10,3287,47288
FIN,2020-04-11,1318,48606
FIN,2020-04-12,1589,50195
FIN,2020-04-13,920,51115
FIN,2020-04-14,1225,52340
FIN,2020-04-15,2492,54832
FIN,2020-04-16,3507,58339
FIN,2020-04-17,2710,61049
FIN,2020-04-18,3692,64741
FIN,2020-04-19,2362,67103
FIN,2020-04-20,1844,68947
FIN,2020-04-21,3620,72567
FIN,2020-04-22,4202,76769
FIN,2020-04-23,3664,80433
FIN,2020-04-24,4280,84713
FIN,2020-04-25,3141,87854
FIN,2020-04-26,2485,90339
FIN,2020-04-27,2440,92779
FIN,2020-04-28,3788,96567
FIN,2020-04-29,4450,101017
FIN,2020-04-30,4179,105196
FIN,2020-05-01,3375,108571
FIN,2020-05-02,1483,110054
FIN,2020-05-03,1649,111703
FIN,2020-05-04,1767,113470
FIN,2020-05-05,3771,117241
FIN,2020-05-06,3808,121049
FIN,2020-05-07,3832,124881
FIN,2020-05-08,3322,128203
FIN,2020-05-09,2810,131013
FIN,2020-05-10,1819,132832
FIN,2020-05-11,2208,135040
FIN,2020-05-12,4055,139095
FIN,2020-05-13,4011,143106
FIN,2020-05-14,3896,147002
FIN,2020-05-15,4353,151355
FIN,2020-05-16,3450,154805
FIN,2020-05-17,2312,157117
FIN,2020-05-18,2360,159477
FIN,2020-05-19,4946,164423
FIN,2020-05-20,3696,168119
FIN,2020-05-21,2965,171084
FIN,2020-05-22,2216,173300
FIN,2020-05-23,2630,175930
FIN,2020-05-24,1554,177484
FIN,2020-05-25,1744,179228
FIN,2020-05-26,3638,182866
FIN,2020-05-27,2971,185837
FIN,2020-05-28,2983,188820
FIN,2020-05-29,2802,191622
FIN,2020-05-30,1945,193567
FIN,2020-05-31,1295,194862
FIN,2020-06-01,1685,196547
FIN,2020-06-02,2875,199422
FIN,2020-06-03,2860,202282
FIN,2020-06-04,2798,205080
FIN,2020-06-05,2321,207401
FIN,2020-06-06,2042,209443
FIN,2020-06-07,962,210405
FIN,2020-06-08,1842,212247
FIN,2020-06-09,2950,215197
FIN,2020-06-10,2956,218153
FIN,2020-06-11,2973,221126
FIN,2020-06-12,2496,223622
FIN,2020-06-13,1553,225175
FIN,2020-06-14,826,226001
FIN,2020-06-15,1899,227900
FIN,2020-06-16,2991,230891
FIN,2020-06-17,2730,233621
FIN,2020-06-18,2069,235690
FIN,2020-06-19,1440,237130
FIN,2020-06-20,747,237877
FIN,2020-06-21,687,238564
FIN,2020-06-22,1604,240168
FIN,2020-06-23,2635,242803
FIN,2020-06-24,2330,245133
FIN,2020-06-25,2693,247826
FIN,2020-06-26,2176,250002
FIN,2020-06-27,1556,251558
FIN,2020-06-28,965,252523
FIN,2020-06-29,1696,254219
FIN,2020-06-30,2834,257053
FIN,2020-07-01,2776,259829
FIN,2020-07-02,3769,263598
FIN,2020-07-03,3240,266838
FIN,2020-07-04,2645,269483
FIN,2020-07-05,1314,270797
FIN,2020-07-06,2239,273036
FIN,2020-07-07,4548,277584
FIN,2020-07-08,4400,281984
FIN,2020-07-09,4876,286860
FIN,2020-07-10,4389,291249
FIN,2020-07-11,3296,294545
FIN,2020-07-12,2332,296877
FIN,2020-07-13,3102,299979
FIN,2020-07-14,5351,305330
FIN,2020-07-15,5431,310761
FIN,2020-07-16,4972,315733
FIN,2020-07-17,5108,320841
FIN,2020-07-18,4131,324972
FIN,2020-07-19,2136,327108
FIN,2020-07-20,3296,330404
FIN,2020-07-21,5462,335866
FIN,2020-07-22,5042,340908
FIN,2020-07-23,5477,346385
FIN,2020-07-24,4752,351137
FIN,2020-07-25,3760,354897
FIN,2020-07-26,2285,357182
FIN,2020-07-27,3403,360585
FIN,2020-07-28,5743,366328
FIN,2020-07-29,5539,371867
FIN,2020-07-30,5635,377502
FIN,2020-07-31,5555,383057
FIN,2020-08-01,4198,387255
FIN,2020-08-02,4568,391823
FIN,2020-08-03,5250,397073
FIN,2020-08-04,6819,403892
FIN,2020-08-05,8536,412428
FIN,2020-08-06,7097,419525
FIN,2020-08-07,8815,428340
FIN,2020-08-08,6327,434667
FIN,2020-08-09,5942,440609
FIN,2020-08-10,7260,447869
FIN,2020-08-11,10638,458507
FIN,2020-08-12,11597,470104
FIN,2020-08-13,12107,482211
FIN,2020-08-14,9621,491832
FIN,2020-08-15,10354,502186
FIN,2020-08-16,10958,513144
FIN,2020-08-17,10919,524063
FIN,2020-08-18,12879,536942
FIN,2020-08-19,17142,554084
FIN,2020-08-20,15969,570053
FIN,2020-08-21,16150,586203
FIN,2020-08-22,12831,599034
FIN,2020-08-23,12725,611759
FIN,2020-08-24,14506,626265
FIN,2020-08-25,16150,642415
FIN,2020-08-26,17490,659905
FIN,2020-08-27,17524,677429
FIN,2020-08-28,14166,691595
FIN,2020-08-29,15175,706770
FIN,2020-08-30,13341,720111
FIN,2020-08-31,13116,733227
FIN,2020-09-01,14797,748024
FIN,2020-09-02,17899,765923
FIN,2020-09-03,16872,782795
FIN,2020-09-04,16079,798874
FIN,2020-09-05,14169,813043
FIN,2020-09-06,9530,822573
FIN,2020-09-07,7288,829861
FIN,2020-09-08,12053,841914
FIN,2020-09-09,14213,856127
FIN,2020-09-10,13000,869127
FIN,2020-09-11,14441,883568
FIN,2020-09-12,10330,893898
FIN,2020-09-13,8400,902298
FIN,2020-09-14,9184,911482
FIN,2020-09-15,13585,925067
FIN,2020-09-16,17146,942213
FIN,2020-09-17,18415,960628
FIN,2020-09-18,16891,977519
FIN,2020-09-19,12256,989775
FIN,2020-09-20,10322,1000097
FIN,2020-09-21,8746,1008843
FIN,2020-09-22,14194,1023037
FIN,2020-09-23,13652,1036689
FIN,2020-09-24,16563,1053252
FIN,2020-09-25,14630,1067882
FIN,2020-09-26,14760,1082642
FIN,2020-09-27,8978,1091620
FIN,2020-09-28,11263,1102883
FIN,2020-09-29,11771,1114654
FIN,2020-09-30,15401,1130055
FIN,2020-10-01,12134,1142189
FIN,2020-10-02,12512,1154701
FIN,2020-10-03,12108,1166809
FIN,2020-10-04,9854,1176663
FIN,2020-10-05,11413,1188076
FIN,2020-10-06,15492,1203568
FIN,2020-10-07,17602,1221170
FIN,2020-10-08,17228,1238398
FIN,2020-10-09,17262,1255660
FIN,2020-10-10,14774,1270434
FIN,2020-10-11,9812,1280246
FIN,2020-10-12,13285,1293531
FIN,2020-10-13,17349,1310880
FIN,2020-10-14,17602,1328482
FIN,2020-10-15,17031,1345513
FIN,2020-10-16,14710,1360223
FIN,2020-10-17,11610,1371833
FIN,2020-10-18,8424,1380257
FIN,2020-10-19,11089,1391346
FIN,2020-10-20,16364,1407710
FIN,2020-10-21,17648,1425358
FIN,2020-10-22,17457,1442815
FIN,2020-10-23,16372,1459187
FIN,2020-10-24,11629,1470816
FIN,2020-10-25,7203,1478019
FIN,2020-10-26,11894,1489913
FIN,2020-10-27,18584,1508497
FIN,2020-10-28,16275,1524772
FIN,2020-10-29,15077,1539849
FIN,2020-10-30,12349,1552198
FIN,2020-10-31,8858,1561056
FIN,2020-11-01,5984,1567040
FIN,2020-11-02,9755,1576795
FIN,2020-11-03,16077,1592872
FIN,2020-11-04,17293,1610165
FIN,2020-11-05,15315,1625480
FIN,2020-11-06,15128,1640608
FIN,2020-11-07,9833,1650441
FIN,2020-11-08,5786,1656227
FIN,2020-11-09,11753,1667980
FIN,2020-11-10,16694,1684674
FIN,2020-11-11,16387,1701061
FIN,2020-11-12,15852,1716913
FIN,2020-11-13,13392,1730305
FIN,2020-11-14,10836,1741141
FIN,2020-11-15,6648,1747789
FIN,2020-11-16,12667,1760456
FIN,2020-11-17,18246,1778702
FIN,2020-11-18,17093,1795795
FIN,2020-11-19,16789,1812584
FIN,2020-11-20,17748,1830332
FIN,2020-11-21,13047,1843379
FIN,2020-11-22,8718,1852097
FIN,2020-11-23,14688,1866785
FIN,2020-11-24,20984,1887769
FIN,2020-11-25,23296,1911065
FIN,2020-11-26,21928,1932993
FIN,2020-11-27,21658,1954651
FIN,2020-11-28,16298,1970949
FIN,2020-11-29,13935,1984884
FIN,2020-11-30,14556,1999440
FIN,2020-12-01,20889,2020329
FIN,2020-12-02,23756,2044085
FIN,2020-12-03,21894,2065979
FIN,2020-12-04,21704,2087683
FIN,2020-12-05,17866,2105549
FIN,2020-12-06,11462,2117011
FIN,2020-12-07,15644,2132655
FIN,2020-12-08,21190,2153845
FIN,2020-12-09,21645,2175490
FIN,2020-12-10,18679,2194169
FIN,2020-12-11,19191,2213360
FIN,2020-12-12,13877,2227237
FIN,2020-12-13,10414,2237651
FIN,2020-12-14,15206,2252857
FIN,2020-12-15,22630,2275487
FIN,2020-12-16,18572,2294059
FIN,2020-12-17,20440,2314499
FIN,2020-12-18,19754,2334253
FIN,2020-12-19,15100,2349353
FIN,2020-12-20,11966,2361319
FIN,2020-12-21,15149,2376468
FIN,2020-12-22,22266,2398734
FIN,2020-12-23,21217,2419951
FIN,2020-12-24,11339,2431290
FIN,2020-12-25,6857,2438147
FIN,2020-12-26,6387,2444534
FIN,2020-12-27,7345,2451879
FIN,2020-12-28,11621,2463500
FIN,2020-12-29,15724,2479224
FIN,2020-12-30,14322,2493546
FIN,2020-12-31,11974,2505520
FIN,2021-01-01,6829,2512349
FIN,2021-01-02,5684,2518033
FIN,2021-01-03,6495,2524528
FIN,2021-01-04,10677,2535205
FIN,2021-01-05,14981,2550186
FIN,2021-01-06,10861,2561047
FIN,2021-01-07,8975,2570022
FIN,2021-01-08,13740,2583762
FIN,2021-01-09,9370,2593132
FIN,2021-01-10,6501,2599633
FIN,2021-01-11,9375,2609008
FIN,2021-01-12,14430,2623438
FIN,2021-01-13,12971,2636409
FIN,2021-01-14,10759,2647168
FIN,2021-01-15,11189,2658357
FIN,2021-01-16,9327,2667684
FIN,2021-01-17,5160,2672844
FIN,2021-01-18,9367,2682211
FIN,2021-01-19,16872,2699083
FIN,2021-01-20,15794,2714877
FIN,2021-01-21,15746,2730623
FIN,2021-01-22,16859,2747482
FIN,2021-01-23,11627,2759109
FIN,2021-01-24,8716,2767825
FIN,2021-01-25,11433,2779258
FIN,2021-01-26,20079,2799337
FIN,2021-01-27,16664,2816001
FIN,2021-01-28,16570,2832571
FIN,2021-01-29,18656,2851227
FIN,2021-01-30,12367,2863594
FIN,2021-01-31,10583,2874177
FIN,2021-02-01,12904,2887081
FIN,2021-02-02,19672,2906753
FIN,2021-02-03,22844,2929597
FIN,2021-02-04,19448,2949045
FIN,2021-02-05,18024,2967069
FIN,2021-02-06,14201,2981270
FIN,2021-02-07,9135,2990405
FIN,2021-02-08,14031,3004436
FIN,2021-02-09,21939,3026375
FIN,2021-02-10,20731,3047106
FIN,2021-02-11,18768,3065874
FIN,2021-02-12,18501,3084375
FIN,2021-02-13,12932,3097307
FIN,2021-02-14,9916,3107223
FIN,2021-02-15,15195,3122418
FIN,2021-02-16,21948,3144366
FIN,2021-02-17,20831,3165197
FIN,2021-02-18,21616,3186813
FIN,2021-02-19,19672,3206485
FIN,2021-02-20,16123,3222608
FIN,2021-02-21,11944,3234552
FIN,2021-02-22,21503,3256055
FIN,2021-02-23,23014,3279069
FIN,2021-02-24,21893,3300962
FIN,2021-02-25,22370,3323332
FIN,2021-02-26,22189,3345521
FIN,2021-02-27,17755,3363276
FIN,2021-02-28,9902,3373178
FIN,2021-03-01,18355,3391533
FIN,2021-03-02,26550,3418083
FIN,2021-03-03,23809,3441892
FIN,2021-03-04,23734,3465626
FIN,2021-03-05,23036,3488662
FIN,2021-03-06,19597,3508259
FIN,2021-03-07,13329,3521588
FIN,2021-03-08,21635,3543223
FIN,2021-03-09,23745,3566968
FIN,2021-03-10,24409,3591377
FIN,2021-03-11,24562,3615939
FIN,2021-03-12,22295,3638234
FIN,2021-03-13,18510,3656744
FIN,2021-03-14,15356,3672100
FIN,2021-03-15,18210,3690310
FIN,2021-03-16,29233,3719543
FIN,2021-03-17,25228,3744771
FIN,2021-03-18,23215,3767986
FIN,2021-03-19,22845,3790831
FIN,2021-03-20,16822,3807653
FIN,2021-03-21,11691,3819344
FIN,2021-03-22,18883,3838227
FIN,2021-03-23,26958,3865185
FIN,2021-03-24,22244,3887429
FIN,2021-03-25,22482,3909911
FIN,2021-03-26,21311,3931222
FIN,2021-03-27,15612,3946834
FIN,2021-03-28,10351,3957185
FIN,2021-03-29,18258,3975443
FIN,2021-03-30,23789,3999232
FIN,2021-03-31,25589,4024821
FIN,2021-04-01,20700,4045521
FIN,2021-04-02,17646,4063167
FIN,2021-04-03,9811,4072978
FIN,2021-04-04,10252,4083230
FIN,2021-04-05,10642,4093872
FIN,2021-04-06,20550,4114422
FIN,2021-04-07,22889,4137311
FIN,2021-04-08,21283,4158594
FIN,2021-04-09,20665,4179259
FIN,2021-04-10,17227,4196486
FIN,2021-04-11,8796,4205282
FIN,2021-04-12,16248,4221530
FIN,2021-04-13,23563,4245093
FIN,2021-04-14,18041,4263134
FIN,2021-04-15,19689,4282823
FIN,2021-04-16,17111,4299934
FIN,2021-04-17,10836,4310770
FIN,2021-04-18,10184,4320954
FIN,2021-04-19,18542,4339496
FIN,2021-04-20,20528,4360024
FIN,2021-04-21,18732,4378756
FIN,2021-04-22,20508,4399264
FIN,2021-04-23,17681,4416945
FIN,2021-04-24,12662,4429607
FIN,2021-04-25,8909,4438516
FIN,2021-04-26,16402,4454918
FIN,2021-04-27,21938,4476856
FIN,2021-04-28,24005,4500861
FIN,2021-04-29,18767,4519628
FIN,2021-04-30,18610,4538238
FIN,2021-05-01,11515,4549753
FIN,2021-05-02,9296,4559049
FIN,2021-05-03,18287,4577336
FIN,2021-05-04,24637,4601973
FIN,2021-05-05,23311,4625284
FIN,2021-05-06,21816,4647100
FIN,2021-05-07,20738,4667838
FIN,2021-05-08,13809,4681647
FIN,2021-05-09,10103,4691750
FIN,2021-05-10,15030,4706780
FIN,2021-05-11,25046,4731826
FIN,2021-05-12,21607,4753433
FIN,2021-05-13,17403,4770836
FIN,2021-05-14,12924,4783760
FIN,2021-05-15,12722,4796482
FIN,2021-05-16,9418,4805900
FIN,2021-05-17,11911,4817811
FIN,2021-05-18,24911,4842722
FIN,2021-05-19,23851,4866573
FIN,2021-05-20,18472,4885045
FIN,2021-05-21,18580,4903625
FIN,2021-05-22,12727,4916352
FIN,2021-05-23,8913,4925265
FIN,2021-05-24,15185,4940450
FIN,2021-05-25,22907,4963357
FIN,2021-05-26,24219,4987576
FIN,2021-05-27,19433,5007009
FIN,2021-05-28,18748,5025757
FIN,2021-05-29,12137,5037894
FIN,2021-05-30,8635,5046529
FIN,2021-05-31,13114,5059643
FIN,2021-06-01,22030,5081673
FIN,2021-06-02,26117,5107790
FIN,2021-06-03,16531,5124321
FIN,2021-06-04,15396,5139717
FIN,2021-06-05,9484,5149201
FIN,2021-06-06,7331,5156532
FIN,2021-06-07,12912,5169444
FIN,2021-06-08,15922,5185366
FIN,2021-06-09,21701,5207067
FIN,2021-06-10,14373,5221440
FIN,2021-06-11,13637,5235077
FIN,2021-06-12,8790,5243867
FIN,2021-06-13,9435,5253302
FIN,2021-06-14,11628,5264930
FIN,2021-06-15,16336,5281266
FIN,2021-06-16,20857,5302123
FIN,2021-06-17,14160,5316283
FIN,2021-06-18,12412,5328695
FIN,2021-06-19,8847,5337542
FIN,2021-06-20,7723,5345265
FIN,2021-06-21,8657,5353922
FIN,2021-06-22,13066,5366988
FIN,2021-06-23,10182,5377170
FIN,2021-06-24,12161,5389331
FIN,2021-06-25,7255,5396586
FIN,2021-06-26,4590,5401176
FIN,2021-06-27,5566,5406742
FRA,2020-05-13,39839,39839
FRA,2020-05-14,43174,83013
FRA,2020-05-15,48380,131393
FRA,2020-05-16,16662,148055
FRA,2020-05-17,6650,154705
FRA,2020-05-18,51893,206598
FRA,2020-05-19,53354,259952
FRA,2020-05-20,53672,313624
FRA,2020-05-21,9766,323390
FRA,2020-05-22,50906,374296
FRA,2020-05-23,19104,393400
FRA,2020-05-24,7235,400635
FRA,2020-05-25,51929,452564
FRA,2020-05-26,54110,506674
FRA,2020-05-27,46736,553410
FRA,2020-05-28,44702,598112
FRA,2020-05-29,49620,647732
FRA,2020-05-30,20329,668061
FRA,2020-05-31,8547,676608
FRA,2020-06-01,10045,686653
FRA,2020-06-02,49097,735750
FRA,2020-06-03,44966,780716
FRA,2020-06-04,41584,822300
FRA,2020-06-05,46753,869053
FRA,2020-06-06,19721,888774
FRA,2020-06-07,7587,896361
FRA,2020-06-08,45367,941728
FRA,2020-06-09,43937,985665
FRA,2020-06-10,40701,1026366
FRA,2020-06-11,38811,1065177
FRA,2020-06-12,44570,1109747
FRA,2020-06-13,19226,1128973
FRA,2020-06-14,6667,1135640
FRA,2020-06-15,43895,1179535
FRA,2020-06-16,43055,1222590
FRA,2020-06-17,40177,1262767
FRA,2020-06-18,37959,1300726
FRA,2020-06-19,46051,1346777
FRA,2020-06-20,21735,1368512
FRA,2020-06-21,6515,1375027
FRA,2020-06-22,48504,1423531
FRA,2020-06-23,48446,1471977
FRA,2020-06-24,45651,1517628
FRA,2020-06-25,39964,1557592
FRA,2020-06-26,51333,1608925
FRA,2020-06-27,24668,1633593
FRA,2020-06-28,8244,1641837
FRA,2020-06-29,61815,1703652
FRA,2020-06-30,59773,1763425
FRA,2020-07-01,57320,1820745
FRA,2020-07-02,54984,1875729
FRA,2020-07-03,64395,1940124
FRA,2020-07-04,29230,1969354
FRA,2020-07-05,8549,1977903
FRA,2020-07-06,67144,2045047
FRA,2020-07-07,66313,2111360
FRA,2020-07-08,65186,2176546
FRA,2020-07-09,68827,2245373
FRA,2020-07-10,77237,2322610
FRA,2020-07-11,32655,2355265
FRA,2020-07-12,8531,2363796
FRA,2020-07-13,80804,2444600
FRA,2020-07-14,12400,2457000
FRA,2020-07-15,80329,2537329
FRA,2020-07-16,84534,2621863
FRA,2020-07-17,94270,2716133
FRA,2020-07-18,40729,2756862
FRA,2020-07-19,12302,2769164
FRA,2020-07-20,93123,2862287
FRA,2020-07-21,89313,2951600
FRA,2020-07-22,89283,3040883
FRA,2020-07-23,88357,3129240
FRA,2020-07-24,96195,3225435
FRA,2020-07-25,43401,3268836
FRA,2020-07-26,14992,3283828
FRA,2020-07-27,103287,3387115
FRA,2020-07-28,104057,3491172
FRA,2020-07-29,108087,3599259
FRA,2020-07-30,105728,3704987
FRA,2020-07-31,110211,3815198
FRA,2020-08-01,47672,3862870
FRA,2020-08-02,16527,3879397
FRA,2020-08-03,113443,3992840
FRA,2020-08-04,106729,4099569
FRA,2020-08-05,106577,4206146
FRA,2020-08-06,109853,4315999
FRA,2020-08-07,112139,4428138
FRA,2020-08-08,49804,4477942
FRA,2020-08-09,17136,4495078
FRA,2020-08-10,116892,4611970
FRA,2020-08-11,106637,4718607
FRA,2020-08-12,111735,4830342
FRA,2020-08-13,121163,4951505
FRA,2020-08-14,132851,5084356
FRA,2020-08-15,26853,5111209
FRA,2020-08-16,22105,5133314
FRA,2020-08-17,154341,5287655
FRA,2020-08-18,145398,5433053
FRA,2020-08-19,145186,5578239
FRA,2020-08-20,153884,5732123
FRA,2020-08-21,164860,5896983
FRA,2020-08-22,69464,5966447
FRA,2020-08-23,23588,5990035
FRA,2020-08-24,187204,6177239
FRA,2020-08-25,177699,6354938
FRA,2020-08-26,182038,6536976
FRA,2020-08-27,195124,6732100
FRA,2020-08-28,201686,6933786
FRA,2020-08-29,84891,7018677
FRA,2020-08-30,27782,7046459
FRA,2020-08-31,219614,7266073
FRA,2020-09-01,196210,7462283
FRA,2020-09-02,195211,7657494
FRA,2020-09-03,203260,7860754
FRA,2020-09-04,217610,8078364
FRA,2020-09-05,93223,8171587
FRA,2020-09-06,28461,8200048
FRA,2020-09-07,244275,8444323
FRA,2020-09-08,241301,8685624
FRA,2020-09-09,237363,8922987
FRA,2020-09-10,251244,9174231
FRA,2020-09-11,260554,9434785
FRA,2020-09-12,101940,9536725
FRA,2020-09-13,29140,9565865
FRA,2020-09-14,275457,9841322
FRA,2020-09-15,265938,10107260
FRA,2020-09-16,247179,10354439
FRA,2020-09-17,244134,10598573
FRA,2020-09-18,244457,10843030
FRA,2020-09-19,94908,10937938
FRA,2020-09-20,29833,10967771
FRA,2020-09-21,243053,11210824
FRA,2020-09-22,219114,11429938
FRA,2020-09-23,202551,11632489
FRA,2020-09-24,203427,11835916
FRA,2020-09-25,209735,12045651
FRA,2020-09-26,84881,12130532
FRA,2020-09-27,23339,12153871
FRA,2020-09-28,218603,12372474
FRA,2020-09-29,195949,12568423
FRA,2020-09-30,187812,12756235
FRA,2020-10-01,191768,12948003
FRA,2020-10-02,205973,13153976
FRA,2020-10-03,89128,13243104
FRA,2020-10-04,25097,13268201
FRA,2020-10-05,235404,13503605
FRA,2020-10-06,213566,13717171
FRA,2020-10-07,209913,13927084
FRA,2020-10-08,226355,14153439
FRA,2020-10-09,253769,14407208
FRA,2020-10-10,112274,14519482
FRA,2020-10-11,31662,14551144
FRA,2020-10-12,292276,14843420
FRA,2020-10-13,270080,15113500
FRA,2020-10-14,273485,15386985
FRA,2020-10-15,294260,15681245
FRA,2020-10-16,314899,15996144
FRA,2020-10-17,137636,16133780
FRA,2020-10-18,39288,16173068
FRA,2020-10-19,346446,16519514
FRA,2020-10-20,313251,16832765
FRA,2020-10-21,321828,17154593
FRA,2020-10-22,347546,17502139
FRA,2020-10-23,378492,17880631
FRA,2020-10-24,162142,18042773
FRA,2020-10-25,46108,18088881
FRA,2020-10-26,418365,18507246
FRA,2020-10-27,376280,18883526
FRA,2020-10-28,367972,19251498
FRA,2020-10-29,377046,19628544
FRA,2020-10-30,401738,20030282
FRA,2020-10-31,172341,20202623
FRA,2020-11-01,45700,20248323
FRA,2020-11-02,436076,20684399
FRA,2020-11-03,383146,21067545
FRA,2020-11-04,354359,21421904
FRA,2020-11-05,368557,21790461
FRA,2020-11-06,376705,22167166
FRA,2020-11-07,147212,22314378
FRA,2020-11-08,34818,22349196
FRA,2020-11-09,390580,22739776
FRA,2020-11-10,350357,23090133
FRA,2020-11-11,50678,23140811
FRA,2020-11-12,360551,23501362
FRA,2020-11-13,309437,23810799
FRA,2020-11-14,115536,23926335
FRA,2020-11-15,26585,23952920
FRA,2020-11-16,312249,24265169
FRA,2020-11-17,258576,24523745
FRA,2020-11-18,215399,24739144
FRA,2020-11-19,236984,24976128
FRA,2020-11-20,246998,25223126
FRA,2020-11-21,105532,25328658
FRA,2020-11-22,24564,25353222
FRA,2020-11-23,257692,25610914
FRA,2020-11-24,214347,25825261
FRA,2020-11-25,194890,26020151
FRA,2020-11-26,208216,26228367
FRA,2020-11-27,220698,26449065
FRA,2020-11-28,99512,26548577
FRA,2020-11-29,23774,26572351
FRA,2020-11-30,239369,26811720
FRA,2020-12-01,199683,27011403
FRA,2020-12-02,180924,27192327
FRA,2020-12-03,200341,27392668
FRA,2020-12-04,218844,27611512
FRA,2020-12-05,105209,27716721
FRA,2020-12-06,26391,27743112
FRA,2020-12-07,257388,28000500
FRA,2020-12-08,225379,28225879
FRA,2020-12-09,207106,28432985
FRA,2020-12-10,226586,28659571
FRA,2020-12-11,252494,28912065
FRA,2020-12-12,133181,29045246
FRA,2020-12-13,34378,29079624
FRA,2020-12-14,329819,29409443
FRA,2020-12-15,314148,29723591
FRA,2020-12-16,337095,30060686
FRA,2020-12-17,399342,30460028
FRA,2020-12-18,507411,30967439
FRA,2020-12-19,336141,31303580
FRA,2020-12-20,118132,31421712
FRA,2020-12-21,679764,32101476
FRA,2020-12-22,741856,32843332
FRA,2020-12-23,734785,33578117
FRA,2020-12-24,505992,34084109
FRA,2020-12-25,38767,34122876
FRA,2020-12-26,222810,34345686
FRA,2020-12-27,48016,34393702
FRA,2020-12-28,397738,34791440
FRA,2020-12-29,366121,35157561
FRA,2020-12-30,399554,35557115
FRA,2020-12-31,337208,35894323
FRA,2021-01-01,33219,35927542
FRA,2021-01-02,229971,36157513
FRA,2021-01-03,47173,36204686
FRA,2021-01-04,427645,36632331
FRA,2021-01-05,344235,36976566
FRA,2021-01-06,312996,37289562
FRA,2021-01-07,326630,37616192
FRA,2021-01-08,350028,37966220
FRA,2021-01-09,188814,38155034
FRA,2021-01-10,42285,38197319
FRA,2021-01-11,396962,38594281
FRA,2021-01-12,337656,38931937
FRA,2021-01-13,312625,39244562
FRA,2021-01-14,322335,39566897
FRA,2021-01-15,350021,39916918
FRA,2021-01-16,198230,40115148
FRA,2021-01-17,44619,40159767
FRA,2021-01-18,397123,40556890
FRA,2021-01-19,336768,40893658
FRA,2021-01-20,320195,41213853
FRA,2021-01-21,339876,41553729
FRA,2021-01-22,382297,41936026
FRA,2021-01-23,201342,42137368
FRA,2021-01-24,42546,42179914
FRA,2021-01-25,431063,42610977
FRA,2021-01-26,359201,42970178
FRA,2021-01-27,339921,43310099
FRA,2021-01-28,384735,43694834
FRA,2021-01-29,414021,44108855
FRA,2021-01-30,216809,44325664
FRA,2021-01-31,44476,44370140
FRA,2021-02-01,441380,44811520
FRA,2021-02-02,384641,45196161
FRA,2021-02-03,350023,45546184
FRA,2021-02-04,378658,45924842
FRA,2021-02-05,422266,46347108
FRA,2021-02-06,222052,46569160
FRA,2021-02-07,43371,46612531
FRA,2021-02-08,427443,47039974
FRA,2021-02-09,379381,47419355
FRA,2021-02-10,345271,47764626
FRA,2021-02-11,363138,48127764
FRA,2021-02-12,402956,48530720
FRA,2021-02-13,216134,48746854
FRA,2021-02-14,42733,48789587
FRA,2021-02-15,420200,49209787
FRA,2021-02-16,360977,49570764
FRA,2021-02-17,338255,49909019
FRA,2021-02-18,362499,50271518
FRA,2021-02-19,404684,50676202
FRA,2021-02-20,215407,50891609
FRA,2021-02-21,43505,50935114
FRA,2021-02-22,407028,51342142
FRA,2021-02-23,344211,51686353
FRA,2021-02-24,328880,52015233
FRA,2021-02-25,344404,52359637
FRA,2021-02-26,389895,52749532
FRA,2021-02-27,206530,52956062
FRA,2021-02-28,44423,53000485
FRA,2021-03-01,404245,53404730
FRA,2021-03-02,337545,53742275
FRA,2021-03-03,320358,54062633
FRA,2021-03-04,345076,54407709
FRA,2021-03-05,395865,54803574
FRA,2021-03-06,213949,55017523
FRA,2021-03-07,46181,55063704
FRA,2021-03-08,427662,55491366
FRA,2021-03-09,370517,55861883
FRA,2021-03-10,346112,56207995
FRA,2021-03-11,410370,56618365
FRA,2021-03-12,464619,57082984
FRA,2021-03-13,245043,57328027
FRA,2021-03-14,54509,57382536
FRA,2021-03-15,495130,57877666
FRA,2021-03-16,448929,58326595
FRA,2021-03-17,404630,58731225
FRA,2021-03-18,483342,59214567
FRA,2021-03-19,545137,59759704
FRA,2021-03-20,282851,60042555
FRA,2021-03-21,59732,60102287
FRA,2021-03-22,581562,60683849
FRA,2021-03-23,535627,61219476
FRA,2021-03-24,483128,61702604
FRA,2021-03-25,570672,62273276
FRA,2021-03-26,635140,62908416
FRA,2021-03-27,347455,63255871
FRA,2021-03-28,63358,63319229
FRA,2021-03-29,687426,64006655
FRA,2021-03-30,656016,64662671
FRA,2021-03-31,570396,65233067
FRA,2021-04-01,660087,65893154
FRA,2021-04-02,670440,66563594
FRA,2021-04-03,406226,66969820
FRA,2021-04-04,66133,67035953
FRA,2021-04-05,102929,67138882
FRA,2021-04-06,630442,67769324
FRA,2021-04-07,478017,68247341
FRA,2021-04-08,469491,68716832
FRA,2021-04-09,509716,69226548
FRA,2021-04-10,296143,69522691
FRA,2021-04-11,59391,69582082
FRA,2021-04-12,479982,70062064
FRA,2021-04-13,391481,70453545
FRA,2021-04-14,370342,70823887
FRA,2021-04-15,375978,71199865
FRA,2021-04-16,417543,71617408
FRA,2021-04-17,248259,71865667
FRA,2021-04-18,52311,71917978
FRA,2021-04-19,418542,72336520
FRA,2021-04-20,343724,72680244
FRA,2021-04-21,326481,73006725
FRA,2021-04-22,331139,73337864
FRA,2021-04-23,377861,73715725
FRA,2021-04-24,223674,73939399
FRA,2021-04-25,49268,73988667
FRA,2021-04-26,407447,74396114
FRA,2021-04-27,360034,74756148
FRA,2021-04-28,315329,75071477
FRA,2021-04-29,387020,75458497
FRA,2021-04-30,470591,75929088
FRA,2021-05-01,69450,75998538
FRA,2021-05-02,58017,76056555
FRA,2021-05-03,473404,76529959
FRA,2021-05-04,405706,76935665
FRA,2021-05-05,354362,77290027
FRA,2021-05-06,444149,77734176
FRA,2021-05-07,508482,78242658
FRA,2021-05-08,87101,78329759
FRA,2021-05-09,57974,78387733
FRA,2021-05-10,522292,78910025
FRA,2021-05-11,481167,79391192
FRA,2021-05-12,449475,79840667
FRA,2021-05-13,78615,79919282
FRA,2021-05-14,453024,80372306
FRA,2021-05-15,228387,80600693
FRA,2021-05-16,54308,80655001
FRA,2021-05-17,473762,81128763
FRA,2021-05-18,437507,81566270
FRA,2021-05-19,387968,81954238
FRA,2021-05-20,430204,82384442
FRA,2021-05-21,454222,82838664
FRA,2021-05-22,244957,83083621
FRA,2021-05-23,52583,83136204
FRA,2021-05-24,96934,83233138
FRA,2021-05-25,485434,83718572
FRA,2021-05-26,357218,84075790
FRA,2021-05-27,408093,84483883
FRA,2021-05-28,446847,84930730
FRA,2021-05-29,229396,85160126
FRA,2021-05-30,51035,85211161
FRA,2021-05-31,400092,85611253
FRA,2021-06-01,348478,85959731
FRA,2021-06-02,314367,86274098
FRA,2021-06-03,367030,86641128
FRA,2021-06-04,419602,87060730
FRA,2021-06-05,212482,87273212
FRA,2021-06-06,46024,87319236
FRA,2021-06-07,375192,87694428
FRA,2021-06-08,327935,88022363
FRA,2021-06-09,280524,88302887
FRA,2021-06-10,340532,88643419
FRA,2021-06-11,381500,89024919
FRA,2021-06-12,198372,89223291
FRA,2021-06-13,46412,89269703
FRA,2021-06-14,340933,89610636
FRA,2021-06-15,283407,89894043
FRA,2021-06-16,250775,90144818
FRA,2021-06-17,318752,90463570
FRA,2021-06-18,386322,90849892
FRA,2021-06-19,204216,91054108
FRA,2021-06-20,49388,91103496
FRA,2021-06-21,314393,91417889
FRA,2021-06-22,256680,91674569
FRA,2021-06-23,232235,91906804
FRA,2021-06-24,288634,92195438
FRA,2021-06-25,341010,92536448
GAB,2021-06-29,0,0
GMB,2020-03-18,3,3
GMB,2020-03-19,3,6
GMB,2020-03-20,0,6
GMB,2020-03-21,0,6
GMB,2020-03-22,2,8
GMB,2020-03-23,0,8
GMB,2020-03-24,15,23
GMB,2020-03-25,0,23
GMB,2020-03-26,5,28
GMB,2020-03-27,4,32
GMB,2020-03-28,23,55
GMB,2020-03-29,0,55
GMB,2020-03-30,13,68
GMB,2020-03-31,5,73
GMB,2020-04-01,11,84
GMB,2020-04-02,16,100
GMB,2020-04-03,5,105
GMB,2020-04-04,0,105
GMB,2020-04-05,3,108
GMB,2020-04-06,38,146
GMB,2020-04-07,22,168
GMB,2020-04-08,6,174
GMB,2020-04-09,4,178
GMB,2020-04-10,76,254
GMB,2020-04-11,0,254
GMB,2020-04-12,6,260
GMB,2020-04-13,7,267
GMB,2020-04-14,5,272
GMB,2020-04-15,5,277
GMB,2020-04-16,10,287
GMB,2020-04-17,0,287
GMB,2020-04-18,23,310
GMB,2020-04-19,0,310
GMB,2020-04-20,29,339
GMB,2020-04-21,10,349
GMB,2020-04-22,30,379
GMB,2020-04-23,6,385
GMB,2020-04-24,20,405
GMB,2020-04-25,0,405
GMB,2020-04-26,2,407
GMB,2020-04-27,33,440
GMB,2020-04-28,24,464
GMB,2020-04-29,22,486
GMB,2020-04-30,26,512
GMB,2020-05-01,28,540
GMB,2020-05-02,0,540
GMB,2020-05-03,11,551
GMB,2020-05-04,109,660
GMB,2020-05-05,160,820
GMB,2020-05-06,194,1014
GMB,2020-05-07,78,1092
GMB,2020-05-08,93,1185
GMB,2020-05-09,0,1185
GMB,2020-05-10,45,1230
GMB,2020-05-11,79,1309
GMB,2020-05-12,24,1333
GMB,2020-05-13,11,1344
GMB,2020-05-14,96,1440
GMB,2020-05-15,14,1454
GMB,2020-05-16,22,1476
GMB,2020-05-17,0,1476
GMB,2020-05-18,19,1495
GMB,2020-05-19,9,1504
GMB,2020-05-20,12,1516
GMB,2020-05-21,124,1640
GMB,2020-05-22,0,1640
GMB,2020-05-23,0,1640
GMB,2020-05-24,17,1657
GMB,2020-05-25,53,1710
GMB,2020-05-26,20,1730
GMB,2020-05-27,19,1749
GMB,2020-05-28,7,1756
GMB,2020-05-29,31,1787
GMB,2020-05-30,0,1787
GMB,2020-05-31,33,1820
GMB,2020-06-01,53,1873
GMB,2020-06-02,28,1901
GMB,2020-06-03,6,1907
GMB,2020-06-04,16,1923
GMB,2020-06-05,18,1941
GMB,2020-06-06,0,1941
GMB,2020-06-07,47,1988
GMB,2020-06-08,16,2004
GMB,2020-06-09,22,2026
GMB,2020-06-10,35,2061
GMB,2020-06-11,25,2086
GMB,2020-06-12,25,2111
GMB,2020-06-13,0,2111
GMB,2020-06-14,113,2224
GMB,2020-06-15,33,2257
GMB,2020-06-16,2,2259
GMB,2020-06-17,53,2312
GMB,2020-06-18,94,2406
GMB,2020-06-19,129,2535
GMB,2020-06-20,0,2535
GMB,2020-06-21,62,2597
GMB,2020-06-22,65,2662
GMB,2020-06-23,43,2705
GMB,2020-06-24,38,2743
GMB,2020-06-25,140,2883
GMB,2020-06-26,82,2965
GMB,2020-06-27,0,2965
GMB,2020-06-28,58,3023
GMB,2020-06-29,67,3090
GMB,2020-06-30,23,3113
GMB,2020-07-01,30,3143
GMB,2020-07-02,17,3160
GMB,2020-07-03,20,3180
GMB,2020-07-04,0,3180
GMB,2020-07-05,179,3359
GMB,2020-07-06,0,3359
GMB,2020-07-07,81,3440
GMB,2020-07-08,151,3591
GMB,2020-07-09,0,3591
GMB,2020-07-10,0,3591
GMB,2020-07-11,0,3591
GMB,2020-07-12,0,3591
GMB,2020-07-13,0,3591
GMB,2020-07-14,0,3591
GMB,2020-07-15,263,3854
GMB,2020-07-16,108,3962
GMB,2020-07-17,0,3962
GMB,2020-07-18,203,4165
GMB,2020-07-19,0,4165
GMB,2020-07-20,153,4318
GMB,2020-07-21,64,4382
GMB,2020-07-22,149,4531
GMB,2020-07-23,266,4797
GMB,2020-07-24,301,5098
GMB,2020-07-25,0,5098
GMB,2020-07-26,224,5322
GMB,2020-07-27,0,5322
GMB,2020-07-28,344,5666
GMB,2020-07-29,434,6100
GMB,2020-07-30,0,6100
GMB,2020-07-31,0,6100
GMB,2020-08-01,0,6100
GMB,2020-08-02,747,6847
GMB,2020-08-03,324,7171
GMB,2020-08-04,375,7546
GMB,2020-08-05,360,7906
GMB,2020-08-06,0,7906
GMB,2020-08-07,354,8260
GMB,2020-08-08,301,8561
GMB,2020-08-09,350,8911
GMB,2020-08-10,0,8911
GMB,2020-08-11,184,9095
GMB,2020-08-12,139,9234
GMB,2020-08-13,155,9389
GMB,2020-08-14,462,9851
GMB,2020-08-15,0,9851
GMB,2020-08-16,725,10576
GMB,2020-08-17,524,11100
GMB,2020-08-18,309,11409
GMB,2020-08-19,135,11544
GMB,2020-08-20,0,11544
GMB,2020-08-21,483,12027
GMB,2020-08-22,0,12027
GMB,2020-08-23,379,12406
GMB,2020-08-24,98,12504
GMB,2020-08-25,178,12682
GMB,2020-08-26,218,12900
GMB,2020-08-27,357,13257
GMB,2020-08-28,199,13456
GMB,2020-08-29,0,13456
GMB,2020-08-30,319,13775
GMB,2020-08-31,116,13891
GMB,2020-09-01,155,14046
GMB,2020-09-02,95,14141
GMB,2020-09-03,183,14324
GMB,2020-09-04,202,14526
GMB,2020-09-05,0,14526
GMB,2020-09-06,315,14841
GMB,2020-09-07,109,14950
GMB,2020-09-08,204,15154
GMB,2020-09-09,143,15297
GMB,2020-09-10,142,15439
GMB,2020-09-11,178,15617
GMB,2020-09-12,0,15617
GMB,2020-09-13,214,15831
GMB,2020-09-14,47,15878
GMB,2020-09-15,194,16072
GMB,2020-09-16,195,16267
GMB,2020-09-17,250,16517
GMB,2020-09-18,161,16678
GMB,2020-09-19,0,16678
GMB,2020-09-20,165,16843
GMB,2020-09-21,28,16871
GMB,2020-09-22,207,17078
GMB,2020-09-23,145,17223
GMB,2020-09-24,238,17461
GMB,2020-09-25,123,17584
GMB,2020-09-26,0,17584
GMB,2020-09-27,127,17711
GMB,2020-09-28,27,17738
GMB,2020-09-29,129,17867
GMB,2020-09-30,70,17937
GMB,2020-10-01,60,17997
GMB,2020-10-02,113,18110
GMB,2020-10-03,0,18110
GMB,2020-10-04,218,18328
GMB,2020-10-05,38,18366
GMB,2020-10-06,114,18480
GMB,2020-10-07,84,18564
GMB,2020-10-08,93,18657
GMB,2020-10-09,157,18814
GMB,2020-10-10,0,18814
GMB,2020-10-11,351,19165
GMB,2020-10-12,120,19285
GMB,2020-10-13,102,19387
GMB,2020-10-14,92,19479
GMB,2020-10-15,150,19629
GMB,2020-10-16,86,19715
GMB,2020-10-17,0,19715
GMB,2020-10-18,60,19775
GMB,2020-10-19,140,19915
GMB,2020-10-20,85,20000
GMB,2020-10-21,104,20104
GMB,2020-10-22,93,20197
GMB,2020-10-23,106,20303
GMB,2020-10-24,0,20303
GMB,2020-10-25,198,20501
GMB,2020-10-26,90,20591
GMB,2020-10-27,211,20802
GMB,2020-10-28,0,20802
GMB,2020-10-29,0,20802
GMB,2020-10-30,316,21118
GMB,2020-10-31,0,21118
GMB,2020-11-01,76,21194
GMB,2020-11-02,15,21209
GMB,2020-11-03,195,21404
GMB,2020-11-04,122,21526
GMB,2020-11-05,212,21738
GMB,2020-11-06,124,21862
GMB,2020-11-07,0,21862
GMB,2020-11-08,252,22114
GMB,2020-11-09,41,22155
GMB,2020-11-10,91,22246
GMB,2020-11-11,146,22392
GMB,2020-11-12,156,22548
GMB,2020-11-13,98,22646
GMB,2020-11-14,0,22646
GMB,2020-11-15,451,23097
GMB,2020-11-16,50,23147
GMB,2020-11-17,231,23378
GMB,2020-11-18,291,23669
GMB,2020-11-19,307,23976
GMB,2020-11-20,193,24169
GMB,2020-11-21,0,24169
GMB,2020-11-22,188,24357
GMB,2020-11-23,35,24392
GMB,2020-11-24,161,24553
GMB,2020-11-25,130,24683
GMB,2020-11-26,133,24816
GMB,2020-11-27,211,25027
GMB,2020-11-28,0,25027
GMB,2020-11-29,358,25385
GMB,2020-11-30,56,25441
GMB,2020-12-01,149,25590
GMB,2020-12-02,90,25680
GMB,2020-12-03,185,25865
GMB,2020-12-04,260,26125
GMB,2020-12-05,0,26125
GMB,2020-12-06,376,26501
GMB,2020-12-07,156,26657
GMB,2020-12-08,137,26794
GMB,2020-12-09,110,26904
GMB,2020-12-10,247,27151
GMB,2020-12-11,205,27356
GMB,2020-12-12,0,27356
GMB,2020-12-13,358,27714
GMB,2020-12-14,50,27764
GMB,2020-12-15,263,28027
GMB,2020-12-16,123,28150
GMB,2020-12-17,191,28341
GMB,2020-12-18,261,28602
GMB,2020-12-19,0,28602
GMB,2020-12-20,295,28897
GMB,2020-12-21,56,28953
GMB,2020-12-22,199,29152
GMB,2020-12-23,170,29322
GMB,2020-12-24,173,29495
GMB,2020-12-25,238,29733
GMB,2020-12-26,0,29733
GMB,2020-12-27,291,30024
GMB,2020-12-28,41,30065
GMB,2020-12-29,187,30252
GMB,2020-12-30,130,30382
GMB,2020-12-31,113,30495
GMB,2021-01-01,0,30495
GMB,2021-01-02,0,30495
GMB,2021-01-03,570,31065
GMB,2021-01-04,82,31147
GMB,2021-01-05,265,31412
GMB,2021-01-06,232,31644
GMB,2021-01-07,278,31922
GMB,2021-01-08,394,32316
GMB,2021-01-09,0,32316
GMB,2021-01-10,570,32886
GMB,2021-01-11,205,33091
GMB,2021-01-12,388,33479
GMB,2021-01-13,194,33673
GMB,2021-01-14,251,33924
GMB,2021-01-15,409,34333
GMB,2021-01-16,0,34333
GMB,2021-01-17,643,34976
GMB,2021-01-18,250,35226
GMB,2021-01-19,347,35573
GMB,2021-01-20,211,35784
GMB,2021-01-21,335,36119
GMB,2021-01-22,0,36119
GMB,2021-01-23,0,36119
GMB,2021-01-24,997,37116
GMB,2021-01-25,122,37238
GMB,2021-01-26,283,37521
GMB,2021-01-27,0,37521
GMB,2021-01-28,699,38220
GMB,2021-01-29,0,38220
GMB,2021-01-30,0,38220
GMB,2021-01-31,1040,39260
GMB,2021-02-01,0,39260
GMB,2021-02-02,516,39776
GMB,2021-02-03,0,39776
GMB,2021-02-04,813,40589
GMB,2021-02-05,0,40589
GMB,2021-02-06,0,40589
GMB,2021-02-07,870,41459
GMB,2021-02-08,0,41459
GMB,2021-02-09,0,41459
GMB,2021-02-10,0,41459
GMB,2021-02-11,1159,42618
GMB,2021-02-12,0,42618
GMB,2021-02-13,0,42618
GMB,2021-02-14,0,42618
GMB,2021-02-15,652,43270
GMB,2021-02-16,369,43639
GMB,2021-02-17,291,43930
GMB,2021-02-18,261,44191
GMB,2021-02-19,0,44191
GMB,2021-02-20,0,44191
GMB,2021-02-21,1301,45492
GMB,2021-02-22,365,45857
GMB,2021-02-23,367,46224
GMB,2021-02-24,374,46598
GMB,2021-02-25,0,46598
GMB,2021-02-26,896,47494
GMB,2021-02-27,0,47494
GMB,2021-02-28,729,48223
GMB,2021-03-01,0,48223
GMB,2021-03-02,371,48594
GMB,2021-03-03,0,48594
GMB,2021-03-04,0,48594
GMB,2021-03-05,0,48594
GMB,2021-03-06,1071,49665
GMB,2021-03-07,0,49665
GMB,2021-03-08,577,50242
GMB,2021-03-09,0,50242
GMB,2021-03-10,719,50961
GMB,2021-03-11,350,51311
GMB,2021-03-12,310,51621
GMB,2021-03-13,0,51621
GMB,2021-03-14,0,51621
GMB,2021-03-15,741,52362
GMB,2021-03-16,262,52624
GMB,2021-03-17,255,52879
GMB,2021-03-18,374,53253
GMB,2021-03-19,415,53668
GMB,2021-03-20,429,54097
GMB,2021-03-21,216,54313
GMB,2021-03-22,158,54471
GMB,2021-03-23,246,54717
GMB,2021-03-24,301,55018
GMB,2021-03-25,416,55434
GMB,2021-03-26,462,55896
GMB,2021-03-27,488,56384
GMB,2021-03-28,0,56384
GMB,2021-03-29,361,56745
GMB,2021-03-30,0,56745
GMB,2021-03-31,605,57350
GMB,2021-04-01,272,57622
GMB,2021-04-02,401,58023
GMB,2021-04-03,379,58402
GMB,2021-04-04,254,58656
GMB,2021-04-05,94,58750
GMB,2021-04-06,173,58923
GMB,2021-04-07,265,59188
GMB,2021-04-08,301,59489
GMB,2021-04-09,456,59945
GMB,2021-04-10,444,60389
GMB,2021-04-11,185,60574
GMB,2021-04-12,151,60725
GMB,2021-04-13,151,60876
GMB,2021-04-14,199,61075
GMB,2021-04-15,311,61386
GMB,2021-04-16,366,61752
GMB,2021-04-17,478,62230
GMB,2021-04-18,241,62471
GMB,2021-04-19,105,62576
GMB,2021-04-20,181,62757
GMB,2021-04-21,173,62930
GMB,2021-04-22,0,62930
GMB,2021-04-23,0,62930
GMB,2021-04-24,0,62930
GMB,2021-04-25,1047,63977
GMB,2021-04-26,142,64119
GMB,2021-04-27,101,64220
GMB,2021-04-28,174,64394
GMB,2021-04-29,232,64626
GMB,2021-04-30,0,64626
GMB,2021-05-01,0,64626
GMB,2021-05-02,727,65353
GMB,2021-05-03,110,65463
GMB,2021-05-04,137,65600
GMB,2021-05-05,0,65600
GMB,2021-05-06,370,65970
GMB,2021-05-07,0,65970
GMB,2021-05-08,0,65970
GMB,2021-05-09,567,66537
GEO,2021-04-02,0,0
GEO,2021-04-03,0,0
GEO,2021-04-04,0,0
GEO,2021-04-05,0,0
GEO,2021-04-06,0,0
GEO,2021-04-07,28000,28000
GEO,2021-04-08,34000,62000
GEO,2021-04-09,36000,98000
GEO,2021-04-10,0,98000
GEO,2021-04-11,0,98000
GEO,2021-04-12,0,98000
GEO,2021-04-13,37000,135000
GEO,2021-04-14,0,135000
GEO,2021-04-15,0,135000
GEO,2021-04-16,31000,166000
GEO,2021-04-17,0,166000
GEO,2021-04-18,0,166000
GEO,2021-04-19,0,166000
GEO,2021-04-20,0,166000
GEO,2021-04-21,0,166000
GEO,2021-04-22,27995,193995
GEO,2021-04-23,28751,222746
GEO,2021-04-24,31958,254704
GEO,2021-04-25,0,254704
GEO,2021-04-26,0,254704
GEO,2021-04-27,0,254704
GEO,2021-04-28,0,254704
GEO,2021-04-29,0,254704
GEO,2021-04-30,0,254704
GEO,2021-05-01,0,254704
GEO,2021-05-02,0,254704
GEO,2021-05-03,0,254704
GEO,2021-05-04,10000,264704
GEO,2021-05-05,28000,292704
GEO,2021-05-06,28000,320704
GEO,2021-05-07,0,320704
GEO,2021-05-08,0,320704
GEO,2021-05-09,0,320704
GEO,2021-05-10,0,320704
GEO,2021-05-11,28000,348704
GEO,2021-05-12,0,348704
GEO,2021-05-13,0,348704
GEO,2021-05-14,0,348704
GEO,2021-05-15,0,348704
GEO,2021-05-16,0,348704
GEO,2021-05-17,0,348704
GEO,2021-05-18,0,348704
GEO,2021-05-19,0,348704
GEO,2021-05-20,0,348704
GEO,2021-05-21,0,348704
GEO,2021-05-22,0,348704
GEO,2021-05-23,0,348704
GEO,2021-05-24,0,348704
GEO,2021-05-25,30000,378704
GEO,2021-05-26,0,378704
GEO,2021-05-27,0,378704
GEO,2021-05-28,0,378704
GEO,2021-05-29,0,378704
GEO,2021-05-30,0,378704
GEO,2021-05-31,0,378704
GEO,2021-06-01,0,378704
GEO,2021-06-02,0,378704
GEO,2021-06-03,8000,386704
GEO,2021-06-04,30000,416704
GEO,2021-06-05,0,416704
GEO,2021-06-06,0,416704
GEO,2021-06-07,0,416704
GEO,2021-06-08,59000,475704
GEO,2021-06-09,39000,514704
GEO,2021-06-10,33000,547704
GEO,2021-06-11,0,547704
GEO,2021-06-12,0,547704
GEO,2021-06-13,0,547704
GEO,2021-06-14,0,547704
GEO,2021-06-15,0,547704
GEO,2021-06-16,0,547704
GEO,2021-06-17,0,547704
GEO,2021-06-18,28000,575704
GEO,2021-06-19,0,575704
GEO,2021-06-20,0,575704
GEO,2021-06-21,0,575704
GEO,2021-06-22,0,575704
GEO,2021-06-23,0,575704
GEO,2021-06-24,31000,606704
DEU,2020-03-15,0,0
DEU,2020-03-16,0,0
DEU,2020-03-17,0,0
DEU,2020-03-18,0,0
DEU,2020-03-19,0,0
DEU,2020-03-20,0,0
DEU,2020-03-21,0,0
DEU,2020-03-22,0,0
DEU,2020-03-23,0,0
DEU,2020-03-24,0,0
DEU,2020-03-25,0,0
DEU,2020-03-26,0,0
DEU,2020-03-27,0,0
DEU,2020-03-28,0,0
DEU,2020-03-29,0,0
DEU,2020-03-30,0,0
DEU,2020-03-31,0,0
DEU,2020-04-01,0,0
DEU,2020-04-02,0,0
DEU,2020-04-03,0,0
DEU,2020-04-04,0,0
DEU,2020-04-05,0,0
DEU,2020-04-06,0,0
DEU,2020-04-07,0,0
DEU,2020-04-08,0,0
DEU,2020-04-09,0,0
DEU,2020-04-10,0,0
DEU,2020-04-11,0,0
DEU,2020-04-12,0,0
DEU,2020-04-13,0,0
DEU,2020-04-14,0,0
DEU,2020-04-15,0,0
DEU,2020-04-16,0,0
DEU,2020-04-17,0,0
DEU,2020-04-18,0,0
DEU,2020-04-19,0,0
DEU,2020-04-20,0,0
DEU,2020-04-21,0,0
DEU,2020-04-22,0,0
DEU,2020-04-23,0,0
DEU,2020-04-24,0,0
DEU,2020-04-25,0,0
DEU,2020-04-26,0,0
DEU,2020-04-27,0,0
DEU,2020-04-28,0,0
DEU,2020-04-29,0,0
DEU,2020-04-30,0,0
DEU,2020-05-01,0,0
DEU,2020-05-02,0,0
DEU,2020-05-03,0,0
DEU,2020-05-04,0,0
DEU,2020-05-05,0,0
DEU,2020-05-06,0,0
DEU,2020-05-07,0,0
DEU,2020-05-08,0,0
DEU,2020-05-09,0,0
DEU,2020-05-10,0,0
DEU,2020-05-11,0,0
DEU,2020-05-12,0,0
DEU,2020-05-13,0,0
DEU,2020-05-14,0,0
DEU,2020-05-15,0,0
DEU,2020-05-16,0,0
DEU,2020-05-17,0,0
DEU,2020-05-18,0,0
DEU,2020-05-19,0,0
DEU,2020-05-20,0,0
DEU,2020-05-21,0,0
DEU,2020-05-22,0,0
DEU,2020-05-23,0,0
DEU,2020-05-24,0,0
DEU,2020-05-25,0,0
DEU,2020-05-26,0,0
DEU,2020-05-27,0,0
DEU,2020-05-28,0,0
DEU,2020-05-29,0,0
DEU,2020-05-30,0,0
DEU,2020-05-31,0,0
DEU,2020-06-01,0,0
DEU,2020-06-02,0,0
DEU,2020-06-03,0,0
DEU,2020-06-04,0,0
DEU,2020-06-05,0,0
DEU,2020-06-06,0,0
DEU,2020-06-07,0,0
DEU,2020-06-08,0,0
DEU,2020-06-09,0,0
DEU,2020-06-10,0,0
DEU,2020-06-11,0,0
DEU,2020-06-12,0,0
DEU,2020-06-13,0,0
DEU,2020-06-14,0,0
DEU,2020-06-15,0,0
DEU,2020-06-16,0,0
DEU,2020-06-17,0,0
DEU,2020-06-18,0,0
DEU,2020-06-19,0,0
DEU,2020-06-20,0,0
DEU,2020-06-21,0,0
DEU,2020-06-22,0,0
DEU,2020-06-23,0,0
DEU,2020-06-24,0,0
DEU,2020-06-25,0,0
DEU,2020-06-26,0,0
DEU,2020-06-27,0,0
DEU,2020-06-28,0,0
DEU,2020-06-29,0,0
DEU,2020-06-30,0,0
DEU,2020-07-01,0,0
DEU,2020-07-02,0,0
DEU,2020-07-03,0,0
DEU,2020-07-04,0,0
DEU,2020-07-05,0,0
DEU,2020-07-06,0,0
DEU,2020-07-07,0,0
DEU,2020-07-08,0,0
DEU,2020-07-09,0,0
DEU,2020-07-10,0,0
DEU,2020-07-11,0,0
DEU,2020-07-12,0,0
DEU,2020-07-13,0,0
DEU,2020-07-14,0,0
DEU,2020-07-15,0,0
DEU,2020-07-16,0,0
DEU,2020-07-17,0,0
DEU,2020-07-18,0,0
DEU,2020-07-19,0,0
DEU,2020-07-20,0,0
DEU,2020-07-21,0,0
DEU,2020-07-22,0,0
DEU,2020-07-23,0,0
DEU,2020-07-24,0,0
DEU,2020-07-25,0,0
DEU,2020-07-26,0,0
DEU,2020-07-27,0,0
DEU,2020-07-28,0,0
DEU,2020-07-29,0,0
DEU,2020-07-30,0,0
DEU,2020-07-31,0,0
DEU,2020-08-01,0,0
DEU,2020-08-02,0,0
DEU,2020-08-03,0,0
DEU,2020-08-04,0,0
DEU,2020-08-05,0,0
DEU,2020-08-06,0,0
DEU,2020-08-07,0,0
DEU,2020-08-08,0,0
DEU,2020-08-09,0,0
DEU,2020-08-10,0,0
DEU,2020-08-11,0,0
DEU,2020-08-12,0,0
DEU,2020-08-13,0,0
DEU,2020-08-14,0,0
DEU,2020-08-15,0,0
DEU,2020-08-16,0,0
DEU,2020-08-17,0,0
DEU,2020-08-18,0,0
DEU,2020-08-19,0,0
DEU,2020-08-20,0,0
DEU,2020-08-21,0,0
DEU,2020-08-22,0,0
DEU,2020-08-23,0,0
DEU,2020-08-24,0,0
DEU,2020-08-25,0,0
DEU,2020-08-26,0,0
DEU,2020-08-27,0,0
DEU,2020-08-28,0,0
DEU,2020-08-29,0,0
DEU,2020-08-30,0,0
DEU,2020-08-31,0,0
DEU,2020-09-01,0,0
DEU,2020-09-02,0,0
DEU,2020-09-03,0,0
DEU,2020-09-04,0,0
DEU,2020-09-05,0,0
DEU,2020-09-06,0,0
DEU,2020-09-07,0,0
DEU,2020-09-08,0,0
DEU,2020-09-09,0,0
DEU,2020-09-10,0,0
DEU,2020-09-11,0,0
DEU,2020-09-12,0,0
DEU,2020-09-13,0,0
DEU,2020-09-14,0,0
DEU,2020-09-15,0,0
DEU,2020-09-16,0,0
DEU,2020-09-17,0,0
DEU,2020-09-18,0,0
DEU,2020-09-19,0,0
DEU,2020-09-20,0,0
DEU,2020-09-21,0,0
DEU,2020-09-22,0,0
DEU,2020-09-23,0,0
DEU,2020-09-24,0,0
DEU,2020-09-25,0,0
DEU,2020-09-26,0,0
DEU,2020-09-27,0,0
DEU,2020-09-28,0,0
DEU,2020-09-29,0,0
DEU,2020-09-30,0,0
DEU,2020-10-01,0,0
DEU,2020-10-02,0,0
DEU,2020-10-03,0,0
DEU,2020-10-04,0,0
DEU,2020-10-05,0,0
DEU,2020-10-06,0,0
DEU,2020-10-07,0,0
DEU,2020-10-08,0,0
DEU,2020-10-09,0,0
DEU,2020-10-10,0,0
DEU,2020-10-11,0,0
DEU,2020-10-12,0,0
DEU,2020-10-13,0,0
DEU,2020-10-14,0,0
DEU,2020-10-15,0,0
DEU,2020-10-16,0,0
DEU,2020-10-17,0,0
DEU,2020-10-18,0,0
DEU,2020-10-19,0,0
DEU,2020-10-20,0,0
DEU,2020-10-21,0,0
DEU,2020-10-22,0,0
DEU,2020-10-23,0,0
DEU,2020-10-24,0,0
DEU,2020-10-25,0,0
DEU,2020-10-26,0,0
DEU,2020-10-27,0,0
DEU,2020-10-28,0,0
DEU,2020-10-29,0,0
DEU,2020-10-30,0,0
DEU,2020-10-31,0,0
DEU,2020-11-01,0,0
DEU,2020-11-02,0,0
DEU,2020-11-03,0,0
DEU,2020-11-04,0,0
DEU,2020-11-05,0,0
DEU,2020-11-06,0,0
DEU,2020-11-07,0,0
DEU,2020-11-08,0,0
DEU,2020-11-09,0,0
DEU,2020-11-10,0,0
DEU,2020-11-11,0,0
DEU,2020-11-12,0,0
DEU,2020-11-13,0,0
DEU,2020-11-14,0,0
DEU,2020-11-15,0,0
DEU,2020-11-16,0,0
DEU,2020-11-17,0,0
DEU,2020-11-18,0,0
DEU,2020-11-19,0,0
DEU,2020-11-20,0,0
DEU,2020-11-21,0,0
DEU,2020-11-22,0,0
DEU,2020-11-23,0,0
DEU,2020-11-24,0,0
DEU,2020-11-25,0,0
DEU,2020-11-26,0,0
DEU,2020-11-27,0,0
DEU,2020-11-28,0,0
DEU,2020-11-29,0,0
DEU,2020-11-30,0,0
DEU,2020-12-01,0,0
DEU,2020-12-02,0,0
DEU,2020-12-03,0,0
DEU,2020-12-04,0,0
DEU,2020-12-05,0,0
DEU,2020-12-06,0,0
DEU,2020-12-07,0,0
DEU,2020-12-08,0,0
DEU,2020-12-09,0,0
DEU,2020-12-10,0,0
DEU,2020-12-11,0,0
DEU,2020-12-12,0,0
DEU,2020-12-13,0,0
DEU,2020-12-14,0,0
DEU,2020-12-15,0,0
DEU,2020-12-16,0,0
DEU,2020-12-17,0,0
DEU,2020-12-18,0,0
DEU,2020-12-19,0,0
DEU,2020-12-20,0,0
DEU,2020-12-21,0,0
DEU,2020-12-22,0,0
DEU,2020-12-23,0,0
DEU,2020-12-24,0,0
DEU,2020-12-25,0,0
DEU,2020-12-26,0,0
DEU,2020-12-27,0,0
DEU,2020-12-28,0,0
DEU,2020-12-29,0,0
DEU,2020-12-30,0,0
DEU,2020-12-31,0,0
DEU,2021-01-01,0,0
DEU,2021-01-02,0,0
DEU,2021-01-03,0,0
DEU,2021-01-04,0,0
DEU,2021-01-05,0,0
DEU,2021-01-06,0,0
DEU,2021-01-07,0,0
DEU,2021-01-08,0,0
DEU,2021-01-09,0,0
DEU,2021-01-10,0,0
DEU,2021-01-11,0,0
DEU,2021-01-12,0,0
DEU,2021-01-13,0,0
DEU,2021-01-14,0,0
DEU,2021-01-15,0,0
DEU,2021-01-16,0,0
DEU,2021-01-17,0,0
DEU,2021-01-18,0,0
DEU,2021-01-19,0,0
DEU,2021-01-20,0,0
DEU,2021-01-21,0,0
DEU,2021-01-22,0,0
DEU,2021-01-23,0,0
DEU,2021-01-24,0,0
DEU,2021-01-25,0,0
DEU,2021-01-26,0,0
DEU,2021-01-27,0,0
DEU,2021-01-28,0,0
DEU,2021-01-29,0,0
DEU,2021-01-30,0,0
DEU,2021-01-31,0,0
DEU,2021-02-01,0,0
DEU,2021-02-02,0,0
DEU,2021-02-03,0,0
DEU,2021-02-04,0,0
DEU,2021-02-05,0,0
DEU,2021-02-06,0,0
DEU,2021-02-07,0,0
DEU,2021-02-08,0,0
DEU,2021-02-09,0,0
DEU,2021-02-10,0,0
DEU,2021-02-11,0,0
DEU,2021-02-12,0,0
DEU,2021-02-13,0,0
DEU,2021-02-14,0,0
DEU,2021-02-15,0,0
DEU,2021-02-16,0,0
DEU,2021-02-17,0,0
DEU,2021-02-18,0,0
DEU,2021-02-19,0,0
DEU,2021-02-20,0,0
DEU,2021-02-21,0,0
DEU,2021-02-22,0,0
DEU,2021-02-23,0,0
DEU,2021-02-24,0,0
DEU,2021-02-25,0,0
DEU,2021-02-26,0,0
DEU,2021-02-27,0,0
DEU,2021-02-28,0,0
DEU,2021-03-01,0,0
DEU,2021-03-02,0,0
DEU,2021-03-03,0,0
DEU,2021-03-04,0,0
DEU,2021-03-05,0,0
DEU,2021-03-06,0,0
DEU,2021-03-07,0,0
DEU,2021-03-08,0,0
DEU,2021-03-09,0,0
DEU,2021-03-10,0,0
DEU,2021-03-11,0,0
DEU,2021-03-12,0,0
DEU,2021-03-13,0,0
DEU,2021-03-14,0,0
DEU,2021-03-15,0,0
DEU,2021-03-16,0,0
DEU,2021-03-17,0,0
DEU,2021-03-18,0,0
DEU,2021-03-19,0,0
DEU,2021-03-20,0,0
DEU,2021-03-21,0,0
DEU,2021-03-22,0,0
DEU,2021-03-23,0,0
DEU,2021-03-24,0,0
DEU,2021-03-25,0,0
DEU,2021-03-26,0,0
DEU,2021-03-27,0,0
DEU,2021-03-28,0,0
DEU,2021-03-29,0,0
DEU,2021-03-30,0,0
DEU,2021-03-31,0,0
DEU,2021-04-01,0,0
DEU,2021-04-02,0,0
DEU,2021-04-03,0,0
DEU,2021-04-04,0,0
DEU,2021-04-05,0,0
DEU,2021-04-06,0,0
DEU,2021-04-07,0,0
DEU,2021-04-08,0,0
DEU,2021-04-09,0,0
DEU,2021-04-10,0,0
DEU,2021-04-11,0,0
DEU,2021-04-12,0,0
DEU,2021-04-13,0,0
DEU,2021-04-14,0,0
DEU,2021-04-15,0,0
DEU,2021-04-16,0,0
DEU,2021-04-17,0,0
DEU,2021-04-18,0,0
DEU,2021-04-19,0,0
DEU,2021-04-20,0,0
DEU,2021-04-21,0,0
DEU,2021-04-22,0,0
DEU,2021-04-23,0,0
DEU,2021-04-24,0,0
DEU,2021-04-25,0,0
DEU,2021-04-26,0,0
DEU,2021-04-27,0,0
DEU,2021-04-28,0,0
DEU,2021-04-29,0,0
DEU,2021-04-30,0,0
DEU,2021-05-01,0,0
DEU,2021-05-02,0,0
DEU,2021-05-03,0,0
DEU,2021-05-04,0,0
DEU,2021-05-05,0,0
DEU,2021-05-06,0,0
DEU,2021-05-07,0,0
DEU,2021-05-08,0,0
DEU,2021-05-09,0,0
DEU,2021-05-10,0,0
DEU,2021-05-11,0,0
DEU,2021-05-12,0,0
DEU,2021-05-13,0,0
DEU,2021-05-14,0,0
DEU,2021-05-15,0,0
DEU,2021-05-16,0,0
DEU,2021-05-17,0,0
DEU,2021-05-18,0,0
DEU,2021-05-19,0,0
DEU,2021-05-20,0,0
DEU,2021-05-21,0,0
DEU,2021-05-22,0,0
DEU,2021-05-23,0,0
DEU,2021-05-24,0,0
DEU,2021-05-25,0,0
DEU,2021-05-26,0,0
DEU,2021-05-27,0,0
DEU,2021-05-28,0,0
DEU,2021-05-29,0,0
DEU,2021-05-30,0,0
DEU,2021-05-31,0,0
DEU,2021-06-01,0,0
DEU,2021-06-02,0,0
DEU,2021-06-03,0,0
DEU,2021-06-04,0,0
DEU,2021-06-05,0,0
DEU,2021-06-06,0,0
DEU,2021-06-07,0,0
DEU,2021-06-08,0,0
DEU,2021-06-09,0,0
DEU,2021-06-10,0,0
DEU,2021-06-11,0,0
DEU,2021-06-12,0,0
DEU,2021-06-13,0,0
DEU,2021-06-14,0,0
DEU,2021-06-15,0,0
DEU,2021-06-16,0,0
DEU,2021-06-17,0,0
DEU,2021-06-18,0,0
DEU,2021-06-19,0,0
DEU,2021-06-20,0,0
GHA,2020-03-17,0,0
GHA,2020-03-18,0,0
GHA,2020-03-19,0,0
GHA,2020-03-20,0,0
GHA,2020-03-21,0,0
GHA,2020-03-22,0,0
GHA,2020-03-23,206,206
GHA,2020-03-24,0,206
GHA,2020-03-25,0,206
GHA,2020-03-26,0,206
GHA,2020-03-27,0,206
GHA,2020-03-28,0,206
GHA,2020-03-29,0,206
GHA,2020-03-30,0,206
GHA,2020-03-31,0,206
GHA,2020-04-01,0,206
GHA,2020-04-02,0,206
GHA,2020-04-03,0,206
GHA,2020-04-04,0,206
GHA,2020-04-05,0,206
GHA,2020-04-06,0,206
GHA,2020-04-07,0,206
GHA,2020-04-08,0,206
GHA,2020-04-09,0,206
GHA,2020-04-10,12735,12941
GHA,2020-04-11,10608,23549
GHA,2020-04-12,0,23549
GHA,2020-04-13,0,23549
GHA,2020-04-14,0,23549
GHA,2020-04-15,6281,29830
GHA,2020-04-16,0,29830
GHA,2020-04-17,0,29830
GHA,2020-04-18,0,29830
GHA,2020-04-19,7675,37505
GHA,2020-04-20,0,37505
GHA,2020-04-21,0,37505
GHA,2020-04-22,0,37505
GHA,2020-04-23,0,37505
GHA,2020-04-24,0,37505
GHA,2020-04-25,0,37505
GHA,2020-04-26,0,37505
GHA,2020-04-27,0,37505
GHA,2020-04-28,7407,44912
GHA,2020-04-29,0,44912
GHA,2020-04-30,0,44912
GHA,2020-05-01,0,44912
GHA,2020-05-02,12412,57324
GHA,2020-05-03,0,57324
GHA,2020-05-04,0,57324
GHA,2020-05-05,0,57324
GHA,2020-05-06,0,57324
GHA,2020-05-07,0,57324
GHA,2020-05-08,5253,62577
GHA,2020-05-09,0,62577
GHA,2020-05-10,0,62577
GHA,2020-05-11,1683,64260
GHA,2020-05-12,3249,67509
GHA,2020-05-13,3252,70761
GHA,2020-05-14,3938,74699
GHA,2020-05-15,1454,76153
GHA,2020-05-16,0,76153
GHA,2020-05-17,0,76153
GHA,2020-05-18,3776,79929
GHA,2020-05-19,3586,83515
GHA,2020-05-20,4265,87780
GHA,2020-05-21,1511,89291
GHA,2020-05-22,1058,90349
GHA,2020-05-23,3412,93761
GHA,2020-05-24,3955,97716
GHA,2020-05-25,1253,98969
GHA,2020-05-26,2507,101476
GHA,2020-05-27,2438,103914
GHA,2020-05-28,3294,107208
GHA,2020-05-29,3334,110542
GHA,2020-05-30,3469,114011
GHA,2020-05-31,1400,115411
GHA,2020-06-01,328,115739
GHA,2020-06-02,2912,118651
GHA,2020-06-03,3676,122327
GHA,2020-06-04,2352,124679
GHA,2020-06-05,4641,129320
GHA,2020-06-06,1709,131029
GHA,2020-06-07,3952,134981
GHA,2020-06-08,809,135790
GHA,2020-06-09,2014,137804
GHA,2020-06-10,3230,141034
GHA,2020-06-11,2144,143178
GHA,2020-06-12,3302,146480
GHA,2020-06-13,3437,149917
GHA,2020-06-14,1640,151557
GHA,2020-06-15,2039,153596
GHA,2020-06-16,3309,156905
GHA,2020-06-17,2406,159311
GHA,2020-06-18,3561,162872
GHA,2020-06-19,0,162872
GHA,2020-06-20,0,162872
GHA,2020-06-21,7250,170122
GHA,2020-06-22,2566,172688
GHA,2020-06-23,3008,175696
GHA,2020-06-24,3329,179025
GHA,2020-06-25,2012,181037
GHA,2020-06-26,1900,182937
GHA,2020-06-27,4502,187439
GHA,2020-06-28,2724,190163
GHA,2020-06-29,2929,193092
GHA,2020-06-30,0,193092
GHA,2020-07-01,0,193092
GHA,2020-07-02,3026,196118
GHA,2020-07-03,3298,199416
GHA,2020-07-04,3341,202757
GHA,2020-07-05,3273,206030
GHA,2020-07-06,2839,208869
GHA,2020-07-07,2540,211409
GHA,2020-07-08,1559,212968
GHA,2020-07-09,1374,214342
GHA,2020-07-10,2983,217325
GHA,2020-07-11,2735,220060
GHA,2020-07-12,1992,222052
GHA,2020-07-13,3398,225450
GHA,2020-07-14,2428,227878
GHA,2020-07-15,2218,230096
GHA,2020-07-16,2853,232949
GHA,2020-07-17,2762,235711
GHA,2020-07-18,4000,239711
GHA,2020-07-19,3468,243179
GHA,2020-07-20,4322,247501
GHA,2020-07-21,3739,251240
GHA,2020-07-22,3899,255139
GHA,2020-07-23,3393,258532
GHA,2020-07-24,2039,260571
GHA,2020-07-25,4123,264694
GHA,2020-07-26,4017,268711
GHA,2020-07-27,4584,273295
GHA,2020-07-28,4042,277337
GHA,2020-07-29,0,277337
GHA,2020-07-30,0,277337
GHA,2020-07-31,2715,280052
GHA,2020-08-01,3118,283170
GHA,2020-08-02,3253,286423
GHA,2020-08-03,1771,288194
GHA,2020-08-04,1785,289979
GHA,2020-08-05,2166,292145
GHA,2020-08-06,2296,294441
GHA,2020-08-07,1836,296277
GHA,2020-08-08,1317,297594
GHA,2020-08-09,1340,298934
GHA,2020-08-10,1262,300196
GHA,2020-08-11,1998,302194
GHA,2020-08-12,1420,303614
GHA,2020-08-13,1307,304921
GHA,2020-08-14,1654,306575
GHA,2020-08-15,1152,307727
GHA,2020-08-16,1574,309301
GHA,2020-08-17,1078,310379
GHA,2020-08-18,1499,311878
GHA,2020-08-19,1100,312978
GHA,2020-08-20,1131,314109
GHA,2020-08-21,1606,315715
GHA,2020-08-22,1144,316859
GHA,2020-08-23,748,317607
GHA,2020-08-24,749,318356
GHA,2020-08-25,1496,319852
GHA,2020-08-26,1738,321590
GHA,2020-08-27,1201,322791
GHA,2020-08-28,0,322791
GHA,2020-08-29,0,322791
GHA,2020-08-30,716,323507
GHA,2020-08-31,856,324363
GHA,2020-09-01,555,324918
GHA,2020-09-02,659,325577
GHA,2020-09-03,1034,326611
GHA,2020-09-04,919,327530
GHA,2020-09-05,868,328398
GHA,2020-09-06,1184,329582
GHA,2020-09-07,718,330300
GHA,2020-09-08,594,330894
GHA,2020-09-09,1066,331960
GHA,2020-09-10,852,332812
GHA,2020-09-11,810,333622
GHA,2020-09-12,1137,334759
GHA,2020-09-13,1043,335802
GHA,2020-09-14,7328,343130
GHA,2020-09-15,2425,345555
GHA,2020-09-16,583,346138
GHA,2020-09-17,1748,347886
GHA,2020-09-18,1554,349440
GHA,2020-09-19,1559,350999
GHA,2020-09-20,1831,352830
GHA,2020-09-21,1537,354367
GHA,2020-09-22,955,355322
GHA,2020-09-23,580,355902
GHA,2020-09-24,1912,357814
GHA,2020-09-25,827,358641
GHA,2020-09-26,784,359425
GHA,2020-09-27,2825,362250
GHA,2020-09-28,770,363020
GHA,2020-09-29,2010,365030
GHA,2020-09-30,1352,366382
GHA,2020-10-01,755,367137
GHA,2020-10-02,0,367137
GHA,2020-10-03,0,367137
GHA,2020-10-04,741,367878
GHA,2020-10-05,2116,369994
GHA,2020-10-06,800,370794
GHA,2020-10-07,1357,372151
GHA,2020-10-08,1108,373259
GHA,2020-10-09,1461,374720
GHA,2020-10-10,2315,377035
GHA,2020-10-11,431,377466
GHA,2020-10-12,427,377893
GHA,2020-10-13,1034,378927
GHA,2020-10-14,2048,380975
GHA,2020-10-15,1475,382450
GHA,2020-10-16,1993,384443
GHA,2020-10-17,2449,386892
GHA,2020-10-18,1899,388791
GHA,2020-10-19,1468,390259
GHA,2020-10-20,1374,391633
GHA,2020-10-21,1521,393154
GHA,2020-10-22,2050,395204
GHA,2020-10-23,1450,396654
GHA,2020-10-24,0,396654
GHA,2020-10-25,0,396654
GHA,2020-10-26,3953,400607
GHA,2020-10-27,1040,401647
GHA,2020-10-28,1776,403423
GHA,2020-10-29,2167,405590
GHA,2020-10-30,0,405590
GHA,2020-10-31,0,405590
GHA,2020-11-01,2181,407771
GHA,2020-11-02,2163,409934
GHA,2020-11-03,993,410927
GHA,2020-11-04,917,411844
GHA,2020-11-05,4023,415867
GHA,2020-11-06,2022,417889
GHA,2020-11-07,1999,419888
GHA,2020-11-08,2532,422420
GHA,2020-11-09,804,423224
GHA,2020-11-10,2587,425811
GHA,2020-11-11,1520,427331
GHA,2020-11-12,2505,429836
GHA,2020-11-13,2080,431916
GHA,2020-11-14,1913,433829
GHA,2020-11-15,2496,436325
GHA,2020-11-16,2118,438443
GHA,2020-11-17,1929,440372
GHA,2020-11-18,2237,442609
GHA,2020-11-19,2126,444735
GHA,2020-11-20,2235,446970
GHA,2020-11-21,2355,449325
GHA,2020-11-22,838,450163
GHA,2020-11-23,3166,453329
GHA,2020-11-24,2042,455371
GHA,2020-11-25,1179,456550
GHA,2020-11-26,1253,457803
GHA,2020-11-27,1100,458903
GHA,2020-11-28,5110,464013
GHA,2020-11-29,2468,466481
GHA,2020-11-30,1144,467625
GHA,2020-12-01,1099,468724
GHA,2020-12-02,4630,473354
GHA,2020-12-03,2223,475577
GHA,2020-12-04,2665,478242
GHA,2020-12-05,2207,480449
GHA,2020-12-06,2400,482849
GHA,2020-12-07,2040,484889
GHA,2020-12-08,1877,486766
GHA,2020-12-09,1938,488704
GHA,2020-12-10,2685,491389
GHA,2020-12-11,2345,493734
GHA,2020-12-12,2406,496140
GHA,2020-12-13,1018,497158
GHA,2020-12-14,3634,500792
GHA,2020-12-15,2192,502984
GHA,2020-12-16,2324,505308
GHA,2020-12-17,2587,507895
GHA,2020-12-18,2836,510731
GHA,2020-12-19,2574,513305
GHA,2020-12-20,5148,518453
GHA,2020-12-21,2106,520559
GHA,2020-12-22,2813,523372
GHA,2020-12-23,0,523372
GHA,2020-12-24,0,523372
GHA,2020-12-25,0,523372
GHA,2020-12-26,0,523372
GHA,2020-12-27,1952,525324
GHA,2020-12-28,1981,527305
GHA,2020-12-29,1664,528969
GHA,2020-12-30,2152,531121
GHA,2020-12-31,906,532027
GHA,2021-01-01,0,532027
GHA,2021-01-02,0,532027
GHA,2021-01-03,0,532027
GHA,2021-01-04,2214,534241
GHA,2021-01-05,2125,536366
GHA,2021-01-06,2878,539244
GHA,2021-01-07,2791,542035
GHA,2021-01-08,2807,544842
GHA,2021-01-09,3046,547888
GHA,2021-01-10,3047,550935
GHA,2021-01-11,3142,554077
GHA,2021-01-12,0,554077
GHA,2021-01-13,0,554077
GHA,2021-01-14,3085,557162
GHA,2021-01-15,3650,560812
GHA,2021-01-16,3871,564683
GHA,2021-01-17,3984,568667
GHA,2021-01-18,5050,573717
GHA,2021-01-19,4244,577961
GHA,2021-01-20,4677,582638
GHA,2021-01-21,4983,587621
GHA,2021-01-22,4878,592499
GHA,2021-01-23,4391,596890
GHA,2021-01-24,0,596890
GHA,2021-01-25,0,596890
GHA,2021-01-26,5094,601984
GHA,2021-01-27,4278,606262
GHA,2021-01-28,6187,612449
GHA,2021-01-29,5165,617614
GHA,2021-01-30,5148,622762
GHA,2021-01-31,5094,627856
GHA,2021-02-01,4410,632266
GHA,2021-02-02,3287,635553
GHA,2021-02-03,5930,641483
GHA,2021-02-04,3499,644982
GHA,2021-02-05,4388,649370
GHA,2021-02-06,4394,653764
GHA,2021-02-07,3556,657320
GHA,2021-02-08,4653,661973
GHA,2021-02-09,5141,667114
GHA,2021-02-10,4976,672090
GHA,2021-02-11,5165,677255
GHA,2021-02-12,3438,680693
GHA,2021-02-13,4811,685504
GHA,2021-02-14,3717,689221
GHA,2021-02-15,4217,693438
GHA,2021-02-16,4217,697655
GHA,2021-02-17,4661,702316
GHA,2021-02-18,5187,707503
GHA,2021-02-19,4421,711924
GHA,2021-02-20,4245,716169
GHA,2021-02-21,4078,720247
GHA,2021-02-22,4297,724544
GHA,2021-02-23,4418,728962
GHA,2021-02-24,3970,732932
GHA,2021-02-25,4667,737599
GHA,2021-02-26,4544,742143
GHA,2021-02-27,4014,746157
GHA,2021-02-28,3846,750003
GHA,2021-03-01,2884,752887
GHA,2021-03-02,4024,756911
GHA,2021-03-03,3797,760708
GHA,2021-03-04,4233,764941
GHA,2021-03-05,3578,768519
GHA,2021-03-06,3462,771981
GHA,2021-03-07,2097,774078
GHA,2021-03-08,2578,776656
GHA,2021-03-09,2410,779066
GHA,2021-03-10,2612,781678
GHA,2021-03-11,3395,785073
GHA,2021-03-12,7298,792371
GHA,2021-03-13,2896,795267
GHA,2021-03-14,0,795267
GHA,2021-03-15,0,795267
GHA,2021-03-16,2430,797697
GHA,2021-03-17,2796,800493
GHA,2021-03-18,3078,803571
GHA,2021-03-19,2843,806414
GHA,2021-03-20,2921,809335
GHA,2021-03-21,3664,812999
GHA,2021-03-22,1548,814547
GHA,2021-03-23,2363,816910
GHA,2021-03-24,2962,819872
GHA,2021-03-25,0,819872
GHA,2021-03-26,0,819872
GHA,2021-03-27,0,819872
GHA,2021-03-28,2343,822215
GHA,2021-03-29,3137,825352
GHA,2021-03-30,2690,828042
GHA,2021-03-31,3297,831339
GHA,2021-04-01,3710,835049
GHA,2021-04-02,2869,837918
GHA,2021-04-03,2716,840634
GHA,2021-04-04,2092,842726
GHA,2021-04-05,1974,844700
GHA,2021-04-06,1897,846597
GHA,2021-04-07,2883,849480
GHA,2021-04-08,0,849480
GHA,2021-04-09,0,849480
GHA,2021-04-10,1985,851465
GHA,2021-04-11,0,851465
GHA,2021-04-12,0,851465
GHA,2021-04-13,0,851465
GHA,2021-04-14,0,851465
GHA,2021-04-15,3314,854779
GHA,2021-04-16,2694,857473
GHA,2021-04-17,0,857473
GHA,2021-04-18,0,857473
GHA,2021-04-19,0,857473
GHA,2021-04-20,0,857473
GHA,2021-04-21,2460,859933
GHA,2021-04-22,3186,863119
GHA,2021-04-23,0,863119
GHA,2021-04-24,0,863119
GHA,2021-04-25,2382,865501
GHA,2021-04-26,11815,877316
GHA,2021-04-27,-6304,871012
GHA,2021-04-28,0,871012
GHA,2021-04-29,0,871012
GHA,2021-04-30,3143,874155
GHA,2021-05-01,0,874155
GHA,2021-05-02,0,874155
GHA,2021-05-03,2040,876195
GHA,2021-05-04,0,876195
GHA,2021-05-05,0,876195
GHA,2021-05-06,3249,879444
GHA,2021-05-07,0,879444
GHA,2021-05-08,0,879444
GHA,2021-05-09,2411,881855
GHA,2021-05-10,2960,884815
GHA,2021-05-11,2010,886825
GHA,2021-05-12,0,886825
GHA,2021-05-13,0,886825
GHA,2021-05-14,3151,889976
GHA,2021-05-15,3270,893246
GHA,2021-05-16,0,893246
GHA,2021-05-17,0,893246
GHA,2021-05-18,1999,895245
GHA,2021-05-19,3706,898951
GHA,2021-05-20,2700,901651
GHA,2021-05-21,0,901651
GHA,2021-05-22,0,901651
GHA,2021-05-23,2828,904479
GHA,2021-05-24,3136,907615
GHA,2021-05-25,0,907615
GHA,2021-05-26,0,907615
GHA,2021-05-27,0,907615
GHA,2021-05-28,0,907615
GHA,2021-05-29,0,907615
GHA,2021-05-30,0,907615
GHA,2021-05-31,0,907615
GHA,2021-06-01,0,907615
GHA,2021-06-02,3143,910758
GHA,2021-06-03,0,910758
GHA,2021-06-04,0,910758
GHA,2021-06-05,0,910758
GHA,2021-06-06,0,910758
GHA,2021-06-07,0,910758
GHA,2021-06-08,3073,913831
GHA,2021-06-09,0,913831
GHA,2021-06-10,0,913831
GHA,2021-06-11,2921,916752
GHA,2021-06-12,4939,921691
GHA,2021-06-13,0,921691
GHA,2021-06-14,0,921691
GHA,2021-06-15,0,921691
GHA,2021-06-16,0,921691
GHA,2021-06-17,4186,925877
GHA,2021-06-18,0,925877
GHA,2021-06-19,0,925877
GHA,2021-06-20,3521,929398
GRC,2020-03-03,0,0
GRC,2020-03-04,0,0
GRC,2020-03-05,0,0
GRC,2020-03-06,0,0
GRC,2020-03-07,0,0
GRC,2020-03-08,0,0
GRC,2020-03-09,0,0
GRC,2020-03-10,0,0
GRC,2020-03-11,0,0
GRC,2020-03-12,0,0
GRC,2020-03-13,520,520
GRC,2020-03-14,700,1220
GRC,2020-03-15,600,1820
GRC,2020-03-16,320,2140
GRC,2020-03-17,0,2140
GRC,2020-03-18,0,2140
GRC,2020-03-19,0,2140
GRC,2020-03-20,0,2140
GRC,2020-03-21,658,2798
GRC,2020-03-22,176,2974
GRC,2020-03-23,638,3612
GRC,2020-03-24,427,4039
GRC,2020-03-25,1424,5463
GRC,2020-03-26,0,5463
GRC,2020-03-27,0,5463
GRC,2020-03-28,886,6349
GRC,2020-03-29,788,7137
GRC,2020-03-30,810,7947
GRC,2020-03-31,771,8718
GRC,2020-04-01,618,9336
GRC,2020-04-02,1494,10830
GRC,2020-04-03,3593,14423
GRC,2020-04-04,896,15319
GRC,2020-04-05,2120,17439
GRC,2020-04-06,740,18179
GRC,2020-04-07,2391,20570
GRC,2020-04-08,3944,24514
GRC,2020-04-09,1106,25620
GRC,2020-04-10,1798,27418
GRC,2020-04-11,1912,29330
GRC,2020-04-12,4917,34247
GRC,2020-04-13,1170,35417
GRC,2020-04-14,0,35417
GRC,2020-04-15,0,35417
GRC,2020-04-16,2001,37418
GRC,2020-04-17,2255,39673
GRC,2020-04-18,1645,41318
GRC,2020-04-19,0,41318
GRC,2020-04-20,0,41318
GRC,2020-04-21,1322,42640
GRC,2020-04-22,1326,43966
GRC,2020-04-23,2249,46215
GRC,2020-04-24,2166,48381
GRC,2020-04-25,1680,50061
GRC,2020-04-26,1521,51582
GRC,2020-04-27,1486,53068
GRC,2020-04-28,3739,56807
GRC,2020-04-29,2297,59104
GRC,2020-04-30,3040,62144
GRC,2020-05-01,2081,64225
GRC,2020-05-02,956,65181
GRC,2020-05-03,1125,66306
GRC,2020-05-04,1619,67925
GRC,2020-05-05,2799,70724
GRC,2020-05-06,3302,74026
GRC,2020-05-07,2991,77017
GRC,2020-05-08,4248,81265
GRC,2020-05-09,3093,84358
GRC,2020-05-10,1493,85851
GRC,2020-05-11,486,86337
GRC,2020-05-12,6691,93028
GRC,2020-05-13,5988,99016
GRC,2020-05-14,4191,103207
GRC,2020-05-15,3782,106989
GRC,2020-05-16,6268,113257
GRC,2020-05-17,2242,115499
GRC,2020-05-18,3159,118658
GRC,2020-05-19,4317,122975
GRC,2020-05-20,3444,126419
GRC,2020-05-21,4633,131052
GRC,2020-05-22,3880,134932
GRC,2020-05-23,5040,139972
GRC,2020-05-24,965,140937
GRC,2020-05-25,1074,142011
GRC,2020-05-26,5954,147965
GRC,2020-05-27,5254,153219
GRC,2020-05-28,4222,157441
GRC,2020-05-29,4377,161818
GRC,2020-05-30,3472,165290
GRC,2020-05-31,2202,167492
GRC,2020-06-01,1905,169397
GRC,2020-06-02,3167,172564
GRC,2020-06-03,0,172564
GRC,2020-06-04,0,172564
GRC,2020-06-05,0,172564
GRC,2020-06-06,0,172564
GRC,2020-06-07,0,172564
GRC,2020-06-08,0,172564
GRC,2020-06-09,2240,174804
GRC,2020-06-10,0,174804
GRC,2020-06-11,0,174804
GRC,2020-06-12,6591,181395
GRC,2020-06-13,3585,184980
GRC,2020-06-14,3471,188451
GRC,2020-06-15,3931,192382
GRC,2020-06-16,4882,197264
GRC,2020-06-17,5194,202458
GRC,2020-06-18,5408,207866
GRC,2020-06-19,4373,212239
GRC,2020-06-20,4184,216423
GRC,2020-06-21,4251,220674
GRC,2020-06-22,2843,223517
GRC,2020-06-23,5198,228715
GRC,2020-06-24,0,228715
GRC,2020-06-25,0,228715
GRC,2020-06-26,4011,232726
GRC,2020-06-27,5293,238019
GRC,2020-06-28,3993,242012
GRC,2020-06-29,3255,245267
GRC,2020-06-30,4383,249650
GRC,2020-07-01,3207,252857
GRC,2020-07-02,4445,257302
GRC,2020-07-03,5024,262326
GRC,2020-07-04,6252,268578
GRC,2020-07-05,5451,274029
GRC,2020-07-06,3174,277203
GRC,2020-07-07,8756,285959
GRC,2020-07-08,6106,292065
GRC,2020-07-09,3535,295600
GRC,2020-07-10,4687,300287
GRC,2020-07-11,7755,308042
GRC,2020-07-12,2765,310807
GRC,2020-07-13,8520,319327
GRC,2020-07-14,3855,323182
GRC,2020-07-15,5466,328648
GRC,2020-07-16,6574,335222
GRC,2020-07-17,4325,339547
GRC,2020-07-18,3368,342915
GRC,2020-07-19,4726,347641
GRC,2020-07-20,2994,350635
GRC,2020-07-21,6146,356781
GRC,2020-07-22,4769,361550
GRC,2020-07-23,6189,367739
GRC,2020-07-24,5646,373385
GRC,2020-07-25,0,373385
GRC,2020-07-26,0,373385
GRC,2020-07-27,3632,377017
GRC,2020-07-28,6223,383240
GRC,2020-07-29,53889,437129
GRC,2020-07-30,8458,445587
GRC,2020-07-31,0,445587
GRC,2020-08-01,0,445587
GRC,2020-08-02,5946,451533
GRC,2020-08-03,19417,470950
GRC,2020-08-04,34853,505803
GRC,2020-08-05,9874,515677
GRC,2020-08-06,9810,525487
GRC,2020-08-07,11590,537077
GRC,2020-08-08,9314,546391
GRC,2020-08-09,10701,557092
GRC,2020-08-10,7180,564272
GRC,2020-08-11,10561,574833
GRC,2020-08-12,11046,585879
GRC,2020-08-13,7553,593432
GRC,2020-08-14,17583,611015
GRC,2020-08-15,10582,621597
GRC,2020-08-16,3808,625405
GRC,2020-08-17,7650,633055
GRC,2020-08-18,13910,646965
GRC,2020-08-19,63411,710376
GRC,2020-08-20,12168,722544
GRC,2020-08-21,0,722544
GRC,2020-08-22,0,722544
GRC,2020-08-23,0,722544
GRC,2020-08-24,9758,732302
GRC,2020-08-25,14412,746714
GRC,2020-08-26,0,746714
GRC,2020-08-27,0,746714
GRC,2020-08-28,13833,760547
GRC,2020-08-29,13737,774284
GRC,2020-08-30,9880,784164
GRC,2020-08-31,8485,792649
GRC,2020-09-01,16979,809628
GRC,2020-09-02,14154,823782
GRC,2020-09-03,12066,835848
GRC,2020-09-04,10576,846424
GRC,2020-09-05,11922,858346
GRC,2020-09-06,0,858346
GRC,2020-09-07,0,858346
GRC,2020-09-08,0,858346
GRC,2020-09-09,0,858346
GRC,2020-09-10,0,858346
GRC,2020-09-11,0,858346
GRC,2020-09-12,0,858346
GRC,2020-09-13,0,858346
GRC,2020-09-14,7145,865491
GRC,2020-09-15,0,865491
GRC,2020-09-16,0,865491
GRC,2020-09-17,0,865491
GRC,2020-09-18,0,865491
GRC,2020-09-19,12301,877792
GRC,2020-09-20,8200,885992
GRC,2020-09-21,7905,893897
GRC,2020-09-22,10899,904796
GRC,2020-09-23,12212,917008
GRC,2020-09-24,13134,930142
GRC,2020-09-25,10073,940215
GRC,2020-09-26,21498,961713
GRC,2020-09-27,9966,971679
GRC,2020-09-28,6696,978375
GRC,2020-09-29,0,978375
GRC,2020-09-30,0,978375
GRC,2020-10-01,11571,989946
GRC,2020-10-02,10518,1000464
GRC,2020-10-03,12593,1013057
GRC,2020-10-04,10407,1023464
GRC,2020-10-05,7275,1030739
GRC,2020-10-06,13168,1043907
GRC,2020-10-07,13096,1057003
GRC,2020-10-08,12668,1069671
GRC,2020-10-09,12414,1082085
GRC,2020-10-10,15401,1097486
GRC,2020-10-11,10357,1107843
GRC,2020-10-12,6966,1114809
GRC,2020-10-13,20820,1135629
GRC,2020-10-14,21531,1157160
GRC,2020-10-15,21962,1179122
GRC,2020-10-16,21281,1200403
GRC,2020-10-17,21129,1221532
GRC,2020-10-18,15514,1237046
GRC,2020-10-19,7524,1244570
GRC,2020-10-20,21392,1265962
GRC,2020-10-21,23900,1289862
GRC,2020-10-22,23200,1313062
GRC,2020-10-23,24011,1337073
GRC,2020-10-24,22656,1359729
GRC,2020-10-25,18636,1378365
GRC,2020-10-26,13793,1392158
GRC,2020-10-27,23147,1415305
GRC,2020-10-28,24251,1439556
GRC,2020-10-29,12963,1452519
GRC,2020-10-30,29541,1482060
GRC,2020-10-31,26185,1508245
GRC,2020-11-01,0,1508245
GRC,2020-11-02,0,1508245
GRC,2020-11-03,27988,1536233
GRC,2020-11-04,27288,1563521
GRC,2020-11-05,26228,1589749
GRC,2020-11-06,29590,1619339
GRC,2020-11-07,27883,1647222
GRC,2020-11-08,16134,1663356
GRC,2020-11-09,11321,1674677
GRC,2020-11-10,27815,1702492
GRC,2020-11-11,29190,1731682
GRC,2020-11-12,28594,1760276
GRC,2020-11-13,29435,1789711
GRC,2020-11-14,28843,1818554
GRC,2020-11-15,15897,1834451
GRC,2020-11-16,13148,1847599
GRC,2020-11-17,29798,1877397
GRC,2020-11-18,31777,1909174
GRC,2020-11-19,31071,1940245
GRC,2020-11-20,31130,1971375
GRC,2020-11-21,30920,2002295
GRC,2020-11-22,15803,2018098
GRC,2020-11-23,0,2018098
GRC,2020-11-24,0,2018098
GRC,2020-11-25,0,2018098
GRC,2020-11-26,31518,2049616
GRC,2020-11-27,30845,2080461
GRC,2020-11-28,29454,2109915
GRC,2020-11-29,16426,2126341
GRC,2020-11-30,11372,2137713
GRC,2020-12-01,30923,2168636
GRC,2020-12-02,28480,2197116
GRC,2020-12-03,29799,2226915
GRC,2020-12-04,27082,2253997
GRC,2020-12-05,27639,2281636
GRC,2020-12-06,12968,2294604
GRC,2020-12-07,10526,2305130
GRC,2020-12-08,30050,2335180
GRC,2020-12-09,30292,2365472
GRC,2020-12-10,32494,2397966
GRC,2020-12-11,32747,2430713
GRC,2020-12-12,31284,2461997
GRC,2020-12-13,15792,2477789
GRC,2020-12-14,11979,2489768
GRC,2020-12-15,32937,2522705
GRC,2020-12-16,33727,2556432
GRC,2020-12-17,33509,2589941
GRC,2020-12-18,36084,2626025
GRC,2020-12-19,32601,2658626
GRC,2020-12-20,15626,2674252
GRC,2020-12-21,11861,2686113
GRC,2020-12-22,33723,2719836
GRC,2020-12-23,33587,2753423
GRC,2020-12-24,31775,2785198
GRC,2020-12-25,30062,2815260
GRC,2020-12-26,5832,2821092
GRC,2020-12-27,6143,2827235
GRC,2020-12-28,7339,2834574
GRC,2020-12-29,31929,2866503
GRC,2020-12-30,35015,2901518
GRC,2020-12-31,31923,2933441
GRC,2021-01-01,28639,2962080
GRC,2021-01-02,4798,2966878
GRC,2021-01-03,8504,2975382
GRC,2021-01-04,8282,2983664
GRC,2021-01-05,31996,3015660
GRC,2021-01-06,30286,3045946
GRC,2021-01-07,8697,3054643
GRC,2021-01-08,36458,3091101
GRC,2021-01-09,36683,3127784
GRC,2021-01-10,19708,3147492
GRC,2021-01-11,16670,3164162
GRC,2021-01-12,41674,3205836
GRC,2021-01-13,34980,3240816
GRC,2021-01-14,35039,3275855
GRC,2021-01-15,32528,3308383
GRC,2021-01-16,30313,3338696
GRC,2021-01-17,10795,3349491
GRC,2021-01-18,8173,3357664
GRC,2021-01-19,31599,3389263
GRC,2021-01-20,30429,3419692
GRC,2021-01-21,29455,3449147
GRC,2021-01-22,32437,3481584
GRC,2021-01-23,30996,3512580
GRC,2021-01-24,11873,3524453
GRC,2021-01-25,9394,3533847
GRC,2021-01-26,36240,3570087
GRC,2021-01-27,37695,3607782
GRC,2021-01-28,34044,3641826
GRC,2021-01-29,45381,3687207
GRC,2021-01-30,31904,3719111
GRC,2021-01-31,13157,3732268
GRC,2021-02-01,11351,3743619
GRC,2021-02-02,37591,3781210
GRC,2021-02-03,38696,3819906
GRC,2021-02-04,44396,3864302
GRC,2021-02-05,45888,3910190
GRC,2021-02-06,46057,3956247
GRC,2021-02-07,21997,3978244
GRC,2021-02-08,18152,3996396
GRC,2021-02-09,53015,4049411
GRC,2021-02-10,51407,4100818
GRC,2021-02-11,50879,4151697
GRC,2021-02-12,47662,4199359
GRC,2021-02-13,45833,4245192
GRC,2021-02-14,19694,4264886
GRC,2021-02-15,13304,4278190
GRC,2021-02-16,40446,4318636
GRC,2021-02-17,25724,4344360
GRC,2021-02-18,37009,4381369
GRC,2021-02-19,45653,4427022
GRC,2021-02-20,43310,4470332
GRC,2021-02-21,23139,4493471
GRC,2021-02-22,15610,4509081
GRC,2021-02-23,100543,4609624
GRC,2021-02-24,4215,4613839
GRC,2021-02-25,50247,4664086
GRC,2021-02-26,50334,4714420
GRC,2021-02-27,46065,4760485
GRC,2021-02-28,26330,4786815
GRC,2021-03-01,17936,4804751
GRC,2021-03-02,61255,4866006
GRC,2021-03-03,54553,4920559
GRC,2021-03-04,55702,4976261
GRC,2021-03-05,56061,5032322
GRC,2021-03-06,53109,5085431
GRC,2021-03-07,24498,5109929
GRC,2021-03-08,19025,5128954
GRC,2021-03-09,60038,5188992
GRC,2021-03-10,51782,5240774
GRC,2021-03-11,50078,5290852
GRC,2021-03-12,47557,5338409
GRC,2021-03-13,50339,5388748
GRC,2021-03-14,18823,5407571
GRC,2021-03-15,11714,5419285
GRC,2021-03-16,12459,5431744
GRC,2021-03-17,63654,5495398
GRC,2021-03-18,53606,5549004
GRC,2021-03-19,52850,5601854
GRC,2021-03-20,51058,5652912
GRC,2021-03-21,18058,5670970
GRC,2021-03-22,14074,5685044
GRC,2021-03-23,64421,5749465
GRC,2021-03-24,55842,5805307
GRC,2021-03-25,52893,5858200
GRC,2021-03-26,11542,5869742
GRC,2021-03-27,58158,5927900
GRC,2021-03-28,21278,5949178
GRC,2021-03-29,15607,5964785
GRC,2021-03-30,65979,6030764
GRC,2021-03-31,55935,6086699
GRC,2021-04-01,53458,6140157
GRC,2021-04-02,56903,6197060
GRC,2021-04-03,62121,6259181
GRC,2021-04-04,23294,6282475
GRC,2021-04-05,16332,6298807
GRC,2021-04-06,75182,6373989
GRC,2021-04-07,55179,6429168
GRC,2021-04-08,58456,6487624
GRC,2021-04-09,57370,6544994
GRC,2021-04-10,65871,6610865
GRC,2021-04-11,28887,6639752
GRC,2021-04-12,20672,6660424
GRC,2021-04-13,76070,6736494
GRC,2021-04-14,63710,6800204
GRC,2021-04-15,130207,6930411
GRC,2021-04-16,-45335,6885076
GRC,2021-04-17,109516,6994592
GRC,2021-04-18,25169,7019761
GRC,2021-04-19,20848,7040609
GRC,2021-04-20,78428,7119037
GRC,2021-04-21,61323,7180360
GRC,2021-04-22,63048,7243408
GRC,2021-04-23,66362,7309770
GRC,2021-04-24,66151,7375921
GRC,2021-04-25,23106,7399027
GRC,2021-04-26,22373,7421400
GRC,2021-04-27,76854,7498254
GRC,2021-04-28,61291,7559545
GRC,2021-04-29,71099,7630644
GRC,2021-04-30,0,7630644
GRC,2021-05-01,0,7630644
GRC,2021-05-02,0,7630644
GRC,2021-05-03,0,7630644
GRC,2021-05-04,21511,7652155
GRC,2021-05-05,33958,7686113
GRC,2021-05-06,80017,7766130
GRC,2021-05-07,61805,7827935
GRC,2021-05-08,58949,7886884
GRC,2021-05-09,22869,7909753
GRC,2021-05-10,28127,7937880
GRC,2021-05-11,85570,8023450
GRC,2021-05-12,63107,8086557
GRC,2021-05-13,62315,8148872
GRC,2021-05-14,0,8148872
GRC,2021-05-15,0,8148872
GRC,2021-05-16,23443,8172315
GRC,2021-05-17,23328,8195643
GRC,2021-05-18,70517,8266160
GRC,2021-05-19,53183,8319343
GRC,2021-05-20,56523,8375866
GRC,2021-05-21,52690,8428556
GRC,2021-05-22,55145,8483701
GRC,2021-05-23,20076,8503777
GRC,2021-05-24,21175,8524952
GRC,2021-05-25,70102,8595054
GRC,2021-05-26,49992,8645046
GRC,2021-05-27,49437,8694483
GRC,2021-05-28,48989,8743472
GRC,2021-05-29,50467,8793939
GRC,2021-05-30,19775,8813714
GRC,2021-05-31,22986,8836700
GRC,2021-06-01,61644,8898344
GRC,2021-06-02,45184,8943528
GRC,2021-06-03,46251,8989779
GRC,2021-06-04,47808,9037587
GRC,2021-06-05,49808,9087395
GRC,2021-06-06,20505,9107900
GRC,2021-06-07,20703,9128603
GRC,2021-06-08,55912,9184515
GRC,2021-06-09,0,9184515
GRC,2021-06-10,0,9184515
GRC,2021-06-11,0,9184515
GRC,2021-06-12,0,9184515
GRC,2021-06-13,20514,9205029
GRC,2021-06-14,19402,9224431
GRC,2021-06-15,50580,9275011
GRC,2021-06-16,38725,9313736
GRC,2021-06-17,39311,9353047
GRC,2021-06-18,40669,9393716
GRC,2021-06-19,40746,9434462
GRC,2021-06-20,20016,9454478
GRC,2021-06-21,15448,9469926
GRC,2021-06-22,22359,9492285
GRC,2021-06-23,45719,9538004
GRC,2021-06-24,38292,9576296
GTM,2020-02-17,1,1
GTM,2020-02-18,0,1
GTM,2020-02-19,0,1
GTM,2020-02-20,0,1
GTM,2020-02-21,0,1
GTM,2020-02-22,0,1
GTM,2020-02-23,0,1
GTM,2020-02-24,0,1
GTM,2020-02-25,0,1
GTM,2020-02-26,1,2
GTM,2020-02-27,0,2
GTM,2020-02-28,2,4
GTM,2020-02-29,0,4
GTM,2020-03-01,0,4
GTM,2020-03-02,1,5
GTM,2020-03-03,2,7
GTM,2020-03-04,0,7
GTM,2020-03-05,0,7
GTM,2020-03-06,1,8
GTM,2020-03-07,0,8
GTM,2020-03-08,2,10
GTM,2020-03-09,4,14
GTM,2020-03-10,3,17
GTM,2020-03-11,10,27
GTM,2020-03-12,12,39
GTM,2020-03-13,19,58
GTM,2020-03-14,6,64
GTM,2020-03-15,22,86
GTM,2020-03-16,34,120
GTM,2020-03-17,45,165
GTM,2020-03-18,51,216
GTM,2020-03-19,35,251
GTM,2020-03-20,57,308
GTM,2020-03-21,23,331
GTM,2020-03-22,37,368
GTM,2020-03-23,8,376
GTM,2020-03-24,140,516
GTM,2020-03-25,94,610
GTM,2020-03-26,4,614
GTM,2020-03-27,120,734
GTM,2020-03-28,63,797
GTM,2020-03-29,18,815
GTM,2020-03-30,45,860
GTM,2020-03-31,34,894
GTM,2020-04-01,40,934
GTM,2020-04-02,46,980
GTM,2020-04-03,73,1053
GTM,2020-04-04,21,1074
GTM,2020-04-05,64,1138
GTM,2020-04-06,66,1204
GTM,2020-04-07,64,1268
GTM,2020-04-08,178,1446
GTM,2020-04-09,48,1494
GTM,2020-04-10,39,1533
GTM,2020-04-11,271,1804
GTM,2020-04-12,87,1891
GTM,2020-04-13,80,1971
GTM,2020-04-14,51,2022
GTM,2020-04-15,275,2297
GTM,2020-04-16,270,2567
GTM,2020-04-17,79,2646
GTM,2020-04-18,131,2777
GTM,2020-04-19,249,3026
GTM,2020-04-20,102,3128
GTM,2020-04-21,424,3552
GTM,2020-04-22,138,3690
GTM,2020-04-23,345,4035
GTM,2020-04-24,80,4115
GTM,2020-04-25,420,4535
GTM,2020-04-26,148,4683
GTM,2020-04-27,216,4899
GTM,2020-04-28,266,5165
GTM,2020-04-29,256,5421
GTM,2020-04-30,200,5621
GTM,2020-05-01,394,6015
GTM,2020-05-02,91,6106
GTM,2020-05-03,96,6202
GTM,2020-05-04,220,6422
GTM,2020-05-05,270,6692
GTM,2020-05-06,300,6992
GTM,2020-05-07,470,7462
GTM,2020-05-08,411,7873
GTM,2020-05-09,668,8541
GTM,2020-05-10,253,8794
GTM,2020-05-11,215,9009
GTM,2020-05-12,401,9410
GTM,2020-05-13,642,10052
GTM,2020-05-14,607,10659
GTM,2020-05-15,778,11437
GTM,2020-05-16,607,12044
GTM,2020-05-17,340,12384
GTM,2020-05-18,851,13235
GTM,2020-05-19,700,13935
GTM,2020-05-20,651,14586
GTM,2020-05-21,1153,15739
GTM,2020-05-22,1034,16773
GTM,2020-05-23,972,17745
GTM,2020-05-24,611,18356
GTM,2020-05-25,713,19069
GTM,2020-05-26,1058,20127
GTM,2020-05-27,1085,21212
GTM,2020-05-28,813,22025
GTM,2020-05-29,732,22757
GTM,2020-05-30,600,23357
GTM,2020-05-31,483,23840
GTM,2020-06-01,769,24609
GTM,2020-06-02,566,25175
GTM,2020-06-03,688,25863
GTM,2020-06-04,908,26771
GTM,2020-06-05,992,27763
GTM,2020-06-06,618,28381
GTM,2020-06-07,747,29128
GTM,2020-06-08,1174,30302
GTM,2020-06-09,779,31081
GTM,2020-06-10,896,31977
GTM,2020-06-11,508,32485
GTM,2020-06-12,937,33422
GTM,2020-06-13,421,33843
GTM,2020-06-14,722,34565
GTM,2020-06-15,1662,36227
GTM,2020-06-16,1462,37689
GTM,2020-06-17,1571,39260
GTM,2020-06-18,1912,41172
GTM,2020-06-19,1391,42563
GTM,2020-06-20,637,43200
GTM,2020-06-21,891,44091
GTM,2020-06-22,1686,45777
GTM,2020-06-23,1818,47595
GTM,2020-06-24,1073,48668
GTM,2020-06-25,2306,50974
GTM,2020-06-26,1965,52939
GTM,2020-06-27,1420,54359
GTM,2020-06-28,808,55167
GTM,2020-06-29,1673,56840
GTM,2020-06-30,2812,59652
GTM,2020-07-01,2819,62471
GTM,2020-07-02,3323,65794
GTM,2020-07-03,3671,69465
GTM,2020-07-04,2929,72394
GTM,2020-07-05,2272,74666
GTM,2020-07-06,2960,77626
GTM,2020-07-07,1766,79392
GTM,2020-07-08,3386,82778
GTM,2020-07-09,2969,85747
GTM,2020-07-10,2931,88678
GTM,2020-07-11,1826,90504
GTM,2020-07-12,1175,91679
GTM,2020-07-13,3248,94927
GTM,2020-07-14,3227,98154
GTM,2020-07-15,3265,101419
GTM,2020-07-16,3397,104816
GTM,2020-07-17,3468,108284
GTM,2020-07-18,1987,110271
GTM,2020-07-19,1115,111386
GTM,2020-07-20,3916,115302
GTM,2020-07-21,4112,119414
GTM,2020-07-22,3494,122908
GTM,2020-07-23,3178,126086
GTM,2020-07-24,3889,129975
GTM,2020-07-25,1887,131862
GTM,2020-07-26,551,132413
GTM,2020-07-27,3892,136305
GTM,2020-07-28,3820,140125
GTM,2020-07-29,4325,144450
GTM,2020-07-30,4104,148554
GTM,2020-07-31,3904,152458
GTM,2020-08-01,1455,153913
GTM,2020-08-02,572,154485
GTM,2020-08-03,3059,157544
GTM,2020-08-04,3804,161348
GTM,2020-08-05,3247,164595
GTM,2020-08-06,3280,167875
GTM,2020-08-07,3195,171070
GTM,2020-08-08,1651,172721
GTM,2020-08-09,829,173550
GTM,2020-08-10,3582,177132
GTM,2020-08-11,4119,181251
GTM,2020-08-12,4078,185329
GTM,2020-08-13,4350,189679
GTM,2020-08-14,3872,193551
GTM,2020-08-15,933,194484
GTM,2020-08-16,753,195237
GTM,2020-08-17,3726,198963
GTM,2020-08-18,4041,203004
GTM,2020-08-19,4292,207296
GTM,2020-08-20,3673,210969
GTM,2020-08-21,3341,214310
GTM,2020-08-22,1095,215405
GTM,2020-08-23,868,216273
GTM,2020-08-24,4352,220625
GTM,2020-08-25,4072,224697
GTM,2020-08-26,4025,228722
GTM,2020-08-27,3876,232598
GTM,2020-08-28,3180,235778
GTM,2020-08-29,1193,236971
GTM,2020-08-30,772,237743
GTM,2020-08-31,3267,241010
GTM,2020-09-01,3203,244213
GTM,2020-09-02,3054,247267
GTM,2020-09-03,2760,250027
GTM,2020-09-04,2159,252186
GTM,2020-09-05,951,253137
GTM,2020-09-06,578,253715
GTM,2020-09-07,3058,256773
GTM,2020-09-08,3406,260179
GTM,2020-09-09,3196,263375
GTM,2020-09-10,2986,266361
GTM,2020-09-11,2417,268778
GTM,2020-09-12,988,269766
GTM,2020-09-13,781,270547
GTM,2020-09-14,1978,272525
GTM,2020-09-15,631,273156
GTM,2020-09-16,2830,275986
GTM,2020-09-17,3178,279164
GTM,2020-09-18,2785,281949
GTM,2020-09-19,1130,283079
GTM,2020-09-20,1179,284258
GTM,2020-09-21,3387,287645
GTM,2020-09-22,3111,290756
GTM,2020-09-23,2277,293033
GTM,2020-09-24,4001,297034
GTM,2020-09-25,4280,301314
GTM,2020-09-26,1701,303015
GTM,2020-09-27,785,303800
GTM,2020-09-28,3441,307241
GTM,2020-09-29,4575,311816
GTM,2020-09-30,3976,315792
GTM,2020-10-01,4128,319920
GTM,2020-10-02,3371,323291
GTM,2020-10-03,1253,324544
GTM,2020-10-04,767,325311
GTM,2020-10-05,3538,328849
GTM,2020-10-06,4085,332934
GTM,2020-10-07,5206,338140
GTM,2020-10-08,2656,340796
GTM,2020-10-09,3984,344780
GTM,2020-10-10,1757,346537
GTM,2020-10-11,761,347298
GTM,2020-10-12,3701,350999
GTM,2020-10-13,4245,355244
GTM,2020-10-14,4512,359756
GTM,2020-10-15,4339,364095
GTM,2020-10-16,4522,368617
GTM,2020-10-17,1557,370174
GTM,2020-10-18,1513,371687
GTM,2020-10-19,3628,375315
GTM,2020-10-20,1000,376315
GTM,2020-10-21,4105,380420
GTM,2020-10-22,4532,384952
GTM,2020-10-23,4564,389516
GTM,2020-10-24,881,390397
GTM,2020-10-25,828,391225
GTM,2020-10-26,4593,395818
GTM,2020-10-27,4487,400305
GTM,2020-10-28,4212,404517
GTM,2020-10-29,5090,409607
GTM,2020-10-30,4497,414104
GTM,2020-10-31,920,415024
GTM,2020-11-01,97,415121
GTM,2020-11-02,1794,416915
GTM,2020-11-03,3686,420601
GTM,2020-11-04,4308,424909
GTM,2020-11-05,3766,428675
GTM,2020-11-06,3350,432025
GTM,2020-11-07,919,432944
GTM,2020-11-08,633,433577
GTM,2020-11-09,4520,438097
GTM,2020-11-10,4502,442599
GTM,2020-11-11,5394,447993
GTM,2020-11-12,4216,452209
GTM,2020-11-13,4377,456586
GTM,2020-11-14,1005,457591
GTM,2020-11-15,962,458553
GTM,2020-11-16,4741,463294
GTM,2020-11-17,3714,467008
GTM,2020-11-18,4532,471540
GTM,2020-11-19,4375,475915
GTM,2020-11-20,4077,479992
GTM,2020-11-21,1276,481268
GTM,2020-11-22,572,481840
GTM,2020-11-23,4338,486178
GTM,2020-11-24,4138,490316
GTM,2020-11-25,4022,494338
GTM,2020-11-26,3181,497519
GTM,2020-11-27,4133,501652
GTM,2020-11-28,1591,503243
GTM,2020-11-29,668,503911
GTM,2020-11-30,4656,508567
GTM,2020-12-01,4616,513183
GTM,2020-12-02,4415,517598
GTM,2020-12-03,3720,521318
GTM,2020-12-04,4022,525340
GTM,2020-12-05,1221,526561
GTM,2020-12-06,697,527258
GTM,2020-12-07,4365,531623
GTM,2020-12-08,4399,536022
GTM,2020-12-09,4849,540871
GTM,2020-12-10,3939,544810
GTM,2020-12-11,4443,549253
GTM,2020-12-12,1338,550591
GTM,2020-12-13,549,551140
GTM,2020-12-14,4430,555570
GTM,2020-12-15,4698,560268
GTM,2020-12-16,4653,564921
GTM,2020-12-17,4691,569612
GTM,2020-12-18,4348,573960
GTM,2020-12-19,1455,575415
GTM,2020-12-20,703,576118
GTM,2020-12-21,4803,580921
GTM,2020-12-22,5680,586601
GTM,2020-12-23,4882,591483
GTM,2020-12-24,1074,592557
GTM,2020-12-25,425,592982
GTM,2020-12-26,928,593910
GTM,2020-12-27,709,594619
GTM,2020-12-28,4364,598983
GTM,2020-12-29,5007,603990
GTM,2020-12-30,4473,608463
GTM,2020-12-31,1208,609671
GTM,2021-01-01,683,610354
GTM,2021-01-02,687,611041
GTM,2021-01-03,611,611652
GTM,2021-01-04,5197,616849
GTM,2021-01-05,4807,621656
GTM,2021-01-06,5519,627175
GTM,2021-01-07,5477,632652
GTM,2021-01-08,5997,638649
GTM,2021-01-09,1619,640268
GTM,2021-01-10,897,641165
GTM,2021-01-11,5952,647117
GTM,2021-01-12,5794,652911
GTM,2021-01-13,6383,659294
GTM,2021-01-14,5941,665235
GTM,2021-01-15,5702,670937
GTM,2021-01-16,2232,673169
GTM,2021-01-17,1234,674403
GTM,2021-01-18,6241,680644
GTM,2021-01-19,7160,687804
GTM,2021-01-20,5960,693764
GTM,2021-01-21,8140,701904
GTM,2021-01-22,6765,708669
GTM,2021-01-23,2830,711499
GTM,2021-01-24,1422,712921
GTM,2021-01-25,6825,719746
GTM,2021-01-26,6796,726542
GTM,2021-01-27,8200,734742
GTM,2021-01-28,7370,742112
GTM,2021-01-29,8907,751019
GTM,2021-01-30,5232,756251
GTM,2021-01-31,4660,760911
GTM,2021-02-01,7034,767945
GTM,2021-02-02,6846,774791
GTM,2021-02-03,6075,780866
GTM,2021-02-04,7132,787998
GTM,2021-02-05,6476,794474
GTM,2021-02-06,2241,796715
GTM,2021-02-07,779,797494
GTM,2021-02-08,7383,804877
GTM,2021-02-09,7463,812340
GTM,2021-02-10,6843,819183
GTM,2021-02-11,6639,825822
GTM,2021-02-12,5655,831477
GTM,2021-02-13,1819,833296
GTM,2021-02-14,981,834277
GTM,2021-02-15,6116,840393
GTM,2021-02-16,6646,847039
GTM,2021-02-17,6667,853706
GTM,2021-02-18,7060,860766
GTM,2021-02-19,6226,866992
GTM,2021-02-20,2161,869153
GTM,2021-02-21,1118,870271
GTM,2021-02-22,6908,877179
GTM,2021-02-23,7042,884221
GTM,2021-02-24,6587,890808
GTM,2021-02-25,6008,896816
GTM,2021-02-26,5568,902384
GTM,2021-02-27,1562,903946
GTM,2021-02-28,833,904779
GTM,2021-03-01,5921,910700
GTM,2021-03-02,6551,917251
GTM,2021-03-03,5804,923055
GTM,2021-03-04,6413,929468
GTM,2021-03-05,5157,934625
GTM,2021-03-06,1422,936047
GTM,2021-03-07,940,936987
GTM,2021-03-08,6631,943618
GTM,2021-03-09,6272,949890
GTM,2021-03-10,6241,956131
GTM,2021-03-11,6339,962470
GTM,2021-03-12,5747,968217
GTM,2021-03-13,1719,969936
GTM,2021-03-14,873,970809
GTM,2021-03-15,6252,977061
GTM,2021-03-16,6284,983345
GTM,2021-03-17,6025,989370
GTM,2021-03-18,6751,996121
GTM,2021-03-19,6754,1002875
GTM,2021-03-20,2007,1004882
GTM,2021-03-21,1072,1005954
GTM,2021-03-22,7564,1013518
GTM,2021-03-23,6741,1020259
GTM,2021-03-24,7293,1027552
GTM,2021-03-25,6838,1034390
GTM,2021-03-26,6694,1041084
GTM,2021-03-27,2074,1043158
GTM,2021-03-28,1066,1044224
GTM,2021-03-29,2491,1046715
GTM,2021-03-30,2951,1049666
GTM,2021-03-31,3913,1053579
GTM,2021-04-01,3068,1056647
GTM,2021-04-02,2430,1059077
GTM,2021-04-03,1107,1060184
GTM,2021-04-04,1236,1061420
GTM,2021-04-05,7944,1069364
GTM,2021-04-06,8378,1077742
GTM,2021-04-07,9322,1087064
GTM,2021-04-08,8143,1095207
GTM,2021-04-09,8008,1103215
GTM,2021-04-10,3414,1106629
GTM,2021-04-11,1403,1108032
GTM,2021-04-12,9505,1117537
GTM,2021-04-13,10243,1127780
GTM,2021-04-14,11016,1138796
GTM,2021-04-15,12425,1151221
GTM,2021-04-16,9305,1160526
GTM,2021-04-17,2708,1163234
GTM,2021-04-18,1905,1165139
GTM,2021-04-19,9743,1174882
GTM,2021-04-20,10252,1185134
GTM,2021-04-21,11371,1196505
GTM,2021-04-22,11320,1207825
GTM,2021-04-23,9202,1217027
GTM,2021-04-24,3213,1220240
GTM,2021-04-25,1575,1221815
GTM,2021-04-26,8537,1230352
GTM,2021-04-27,8931,1239283
GTM,2021-04-28,9647,1248930
GTM,2021-04-29,8941,1257871
GTM,2021-04-30,4220,1262091
GTM,2021-05-01,1276,1263367
GTM,2021-05-02,1144,1264511
GTM,2021-05-03,8463,1272974
GTM,2021-05-04,7862,1280836
GTM,2021-05-05,7786,1288622
GTM,2021-05-06,7699,1296321
GTM,2021-05-07,7048,1303369
GTM,2021-05-08,1928,1305297
GTM,2021-05-09,1101,1306398
GTM,2021-05-10,5564,1311962
GTM,2021-05-11,7551,1319513
GTM,2021-05-12,6903,1326416
GTM,2021-05-13,7522,1333938
GTM,2021-05-14,6399,1340337
GTM,2021-05-15,2338,1342675
GTM,2021-05-16,955,1343630
GTM,2021-05-17,7266,1350896
GTM,2021-05-18,7135,1358031
GTM,2021-05-19,7428,1365459
GTM,2021-05-20,6549,1372008
GTM,2021-05-21,6003,1378011
GTM,2021-05-22,2131,1380142
GTM,2021-05-23,1162,1381304
GTM,2021-05-24,7148,1388452
GTM,2021-05-25,7154,1395606
GTM,2021-05-26,6352,1401958
GTM,2021-05-27,7128,1409086
GTM,2021-05-28,5378,1414464
GTM,2021-05-29,1995,1416459
GTM,2021-05-30,1112,1417571
GTM,2021-05-31,6630,1424201
GTM,2021-06-01,5482,1429683
GTM,2021-06-02,6931,1436614
GTM,2021-06-03,6530,1443144
GTM,2021-06-04,6809,1449953
GTM,2021-06-05,2788,1452741
GTM,2021-06-06,1422,1454163
GTM,2021-06-07,8218,1462381
GTM,2021-06-08,8155,1470536
GTM,2021-06-09,7814,1478350
GTM,2021-06-10,7390,1485740
GTM,2021-06-11,7257,1492997
GTM,2021-06-12,2637,1495634
GTM,2021-06-13,1004,1496638
GTM,2021-06-14,7609,1504247
GTM,2021-06-15,7127,1511374
GTM,2021-06-16,6979,1518353
GTM,2021-06-17,6732,1525085
GTM,2021-06-18,5672,1530757
GTM,2021-06-19,2843,1533600
GTM,2021-06-20,1099,1534699
GTM,2021-06-21,7890,1542589
GTM,2021-06-22,7326,1549915
GTM,2021-06-23,7702,1557617
GTM,2021-06-24,8015,1565632
GTM,2021-06-25,7330,1572962
GTM,2021-06-26,3545,1576507
HKG,2020-01-31,0,0
HKG,2020-02-01,0,0
HKG,2020-02-02,0,0
HKG,2020-02-03,0,0
HKG,2020-02-04,0,0
HKG,2020-02-05,0,0
HKG,2020-02-06,0,0
HKG,2020-02-07,0,0
HKG,2020-02-08,0,0
HKG,2020-02-09,0,0
HKG,2020-02-10,0,0
HKG,2020-02-11,0,0
HKG,2020-02-12,0,0
HKG,2020-02-13,0,0
HKG,2020-02-14,0,0
HKG,2020-02-15,0,0
HKG,2020-02-16,0,0
HKG,2020-02-17,0,0
HKG,2020-02-18,0,0
HKG,2020-02-19,0,0
HKG,2020-02-20,0,0
HKG,2020-02-21,0,0
HKG,2020-02-22,0,0
HKG,2020-02-23,0,0
HKG,2020-02-24,0,0
HKG,2020-02-25,0,0
HKG,2020-02-26,0,0
HKG,2020-02-27,0,0
HKG,2020-02-28,0,0
HKG,2020-02-29,0,0
HKG,2020-03-01,0,0
HKG,2020-03-02,0,0
HKG,2020-03-03,0,0
HKG,2020-03-04,0,0
HKG,2020-03-05,0,0
HKG,2020-03-06,0,0
HKG,2020-03-07,0,0
HKG,2020-03-08,0,0
HKG,2020-03-09,0,0
HKG,2020-03-10,0,0
HKG,2020-03-11,0,0
HKG,2020-03-12,0,0
HKG,2020-03-13,0,0
HKG,2020-03-14,0,0
HKG,2020-03-15,0,0
HKG,2020-03-16,0,0
HKG,2020-03-17,0,0
HKG,2020-03-18,0,0
HKG,2020-03-19,0,0
HKG,2020-03-20,0,0
HKG,2020-03-21,0,0
HKG,2020-03-22,0,0
HKG,2020-03-23,0,0
HKG,2020-03-24,0,0
HKG,2020-03-25,0,0
HKG,2020-03-26,0,0
HKG,2020-03-27,0,0
HKG,2020-03-28,0,0
HKG,2020-03-29,0,0
HKG,2020-03-30,0,0
HKG,2020-03-31,0,0
HKG,2020-04-01,0,0
HKG,2020-04-02,0,0
HKG,2020-04-03,0,0
HKG,2020-04-04,0,0
HKG,2020-04-05,0,0
HKG,2020-04-06,0,0
HKG,2020-04-07,0,0
HKG,2020-04-08,0,0
HKG,2020-04-09,0,0
HKG,2020-04-10,0,0
HKG,2020-04-11,0,0
HKG,2020-04-12,0,0
HKG,2020-04-13,0,0
HKG,2020-04-14,0,0
HKG,2020-04-15,0,0
HKG,2020-04-16,0,0
HKG,2020-04-17,0,0
HKG,2020-04-18,0,0
HKG,2020-04-19,0,0
HKG,2020-04-20,0,0
HKG,2020-04-21,0,0
HKG,2020-04-22,0,0
HKG,2020-04-23,0,0
HKG,2020-04-24,0,0
HKG,2020-04-25,0,0
HKG,2020-04-26,0,0
HKG,2020-04-27,0,0
HKG,2020-04-28,0,0
HKG,2020-04-29,0,0
HKG,2020-04-30,0,0
HKG,2020-05-01,0,0
HKG,2020-05-02,0,0
HKG,2020-05-03,0,0
HKG,2020-05-04,0,0
HKG,2020-05-05,0,0
HKG,2020-05-06,0,0
HKG,2020-05-07,0,0
HKG,2020-05-08,0,0
HKG,2020-05-09,0,0
HKG,2020-05-10,0,0
HKG,2020-05-11,0,0
HKG,2020-05-12,0,0
HKG,2020-05-13,0,0
HKG,2020-05-14,0,0
HKG,2020-05-15,0,0
HKG,2020-05-16,0,0
HKG,2020-05-17,0,0
HKG,2020-05-18,0,0
HKG,2020-05-19,0,0
HKG,2020-05-20,0,0
HKG,2020-05-21,0,0
HKG,2020-05-22,0,0
HKG,2020-05-23,0,0
HKG,2020-05-24,0,0
HKG,2020-05-25,0,0
HKG,2020-05-26,0,0
HKG,2020-05-27,0,0
HKG,2020-05-28,0,0
HKG,2020-05-29,0,0
HKG,2020-05-30,0,0
HKG,2020-05-31,0,0
HKG,2020-06-01,0,0
HKG,2020-06-02,0,0
HKG,2020-06-03,0,0
HKG,2020-06-04,0,0
HKG,2020-06-05,0,0
HKG,2020-06-06,0,0
HKG,2020-06-07,0,0
HKG,2020-06-08,0,0
HKG,2020-06-09,0,0
HKG,2020-06-10,0,0
HKG,2020-06-11,0,0
HKG,2020-06-12,0,0
HKG,2020-06-13,0,0
HKG,2020-06-14,0,0
HKG,2020-06-15,0,0
HKG,2020-06-16,0,0
HKG,2020-06-17,0,0
HKG,2020-06-18,0,0
HKG,2020-06-19,0,0
HKG,2020-06-20,0,0
HKG,2020-06-21,0,0
HKG,2020-06-22,0,0
HKG,2020-06-23,0,0
HKG,2020-06-24,0,0
HKG,2020-06-25,0,0
HKG,2020-06-26,0,0
HKG,2020-06-27,0,0
HKG,2020-06-28,0,0
HKG,2020-06-29,0,0
HKG,2020-06-30,0,0
HKG,2020-07-01,0,0
HKG,2020-07-02,0,0
HKG,2020-07-03,0,0
HKG,2020-07-04,0,0
HKG,2020-07-05,0,0
HKG,2020-07-06,0,0
HKG,2020-07-07,0,0
HKG,2020-07-08,0,0
HKG,2020-07-09,0,0
HKG,2020-07-10,0,0
HKG,2020-07-11,0,0
HKG,2020-07-12,0,0
HKG,2020-07-13,0,0
HKG,2020-07-14,0,0
HKG,2020-07-15,0,0
HKG,2020-07-16,0,0
HKG,2020-07-17,0,0
HKG,2020-07-18,0,0
HKG,2020-07-19,0,0
HKG,2020-07-20,0,0
HKG,2020-07-21,0,0
HKG,2020-07-22,0,0
HKG,2020-07-23,0,0
HKG,2020-07-24,0,0
HKG,2020-07-25,0,0
HKG,2020-07-26,0,0
HKG,2020-07-27,0,0
HKG,2020-07-28,0,0
HKG,2020-07-29,0,0
HKG,2020-07-30,0,0
HKG,2020-07-31,0,0
HKG,2020-08-01,0,0
HKG,2020-08-02,0,0
HKG,2020-08-03,0,0
HKG,2020-08-04,0,0
HKG,2020-08-05,0,0
HKG,2020-08-06,0,0
HKG,2020-08-07,0,0
HKG,2020-08-08,0,0
HKG,2020-08-09,0,0
HKG,2020-08-10,0,0
HKG,2020-08-11,0,0
HKG,2020-08-12,0,0
HKG,2020-08-13,0,0
HKG,2020-08-14,0,0
HKG,2020-08-15,0,0
HKG,2020-08-16,0,0
HKG,2020-08-17,0,0
HKG,2020-08-18,0,0
HKG,2020-08-19,0,0
HKG,2020-08-20,0,0
HKG,2020-08-21,0,0
HKG,2020-08-22,0,0
HKG,2020-08-23,0,0
HKG,2020-08-24,0,0
HKG,2020-08-25,0,0
HKG,2020-08-26,0,0
HKG,2020-08-27,0,0
HKG,2020-08-28,0,0
HKG,2020-08-29,0,0
HKG,2020-08-30,0,0
HKG,2020-08-31,0,0
HKG,2020-09-01,0,0
HKG,2020-09-02,0,0
HKG,2020-09-03,0,0
HKG,2020-09-04,0,0
HKG,2020-09-05,0,0
HKG,2020-09-06,0,0
HKG,2020-09-07,0,0
HKG,2020-09-08,0,0
HKG,2020-09-09,0,0
HKG,2020-09-10,0,0
HKG,2020-09-11,0,0
HKG,2020-09-12,0,0
HKG,2020-09-13,0,0
HKG,2020-09-14,0,0
HKG,2020-09-15,0,0
HKG,2020-09-16,0,0
HKG,2020-09-17,0,0
HKG,2020-09-18,0,0
HKG,2020-09-19,0,0
HKG,2020-09-20,0,0
HKG,2020-09-21,0,0
HKG,2020-09-22,0,0
HKG,2020-09-23,0,0
HKG,2020-09-24,0,0
HKG,2020-09-25,0,0
HKG,2020-09-26,0,0
HKG,2020-09-27,0,0
HKG,2020-09-28,0,0
HKG,2020-09-29,0,0
HKG,2020-09-30,0,0
HKG,2020-10-01,0,0
HKG,2020-10-02,0,0
HKG,2020-10-03,0,0
HKG,2020-10-04,0,0
HKG,2020-10-05,0,0
HKG,2020-10-06,0,0
HKG,2020-10-07,0,0
HKG,2020-10-08,0,0
HKG,2020-10-09,0,0
HKG,2020-10-10,0,0
HKG,2020-10-11,0,0
HKG,2020-10-12,0,0
HKG,2020-10-13,0,0
HKG,2020-10-14,0,0
HKG,2020-10-15,0,0
HKG,2020-10-16,0,0
HKG,2020-10-17,0,0
HKG,2020-10-18,0,0
HKG,2020-10-19,0,0
HKG,2020-10-20,0,0
HKG,2020-10-21,0,0
HKG,2020-10-22,0,0
HKG,2020-10-23,0,0
HKG,2020-10-24,0,0
HKG,2020-10-25,0,0
HKG,2020-10-26,0,0
HKG,2020-10-27,0,0
HKG,2020-10-28,0,0
HKG,2020-10-29,0,0
HKG,2020-10-30,0,0
HKG,2020-10-31,0,0
HKG,2020-11-01,0,0
HKG,2020-11-02,0,0
HKG,2020-11-03,0,0
HKG,2020-11-04,0,0
HKG,2020-11-05,0,0
HKG,2020-11-06,0,0
HKG,2020-11-07,0,0
HKG,2020-11-08,0,0
HKG,2020-11-09,0,0
HKG,2020-11-10,0,0
HKG,2020-11-11,0,0
HKG,2020-11-12,0,0
HKG,2020-11-13,0,0
HKG,2020-11-14,0,0
HKG,2020-11-15,0,0
HKG,2020-11-16,0,0
HKG,2020-11-17,0,0
HKG,2020-11-18,0,0
HKG,2020-11-19,0,0
HKG,2020-11-20,0,0
HKG,2020-11-21,0,0
HKG,2020-11-22,0,0
HKG,2020-11-23,0,0
HKG,2020-11-24,0,0
HKG,2020-11-25,0,0
HKG,2020-11-26,0,0
HKG,2020-11-27,0,0
HKG,2020-11-28,0,0
HKG,2020-11-29,0,0
HKG,2020-11-30,0,0
HKG,2020-12-01,0,0
HKG,2020-12-02,0,0
HKG,2020-12-03,0,0
HKG,2020-12-04,0,0
HKG,2020-12-05,0,0
HKG,2020-12-06,0,0
HKG,2020-12-07,0,0
HKG,2020-12-08,0,0
HKG,2020-12-09,0,0
HKG,2020-12-10,0,0
HKG,2020-12-11,0,0
HKG,2020-12-12,0,0
HKG,2020-12-13,0,0
HKG,2020-12-14,0,0
HKG,2020-12-15,0,0
HKG,2020-12-16,0,0
HKG,2020-12-17,0,0
HKG,2020-12-18,0,0
HKG,2020-12-19,0,0
HKG,2020-12-20,0,0
HKG,2020-12-21,0,0
HKG,2020-12-22,0,0
HKG,2020-12-23,0,0
HKG,2020-12-24,0,0
HKG,2020-12-25,0,0
HKG,2020-12-26,0,0
HKG,2020-12-27,0,0
HKG,2020-12-28,0,0
HKG,2020-12-29,0,0
HKG,2020-12-30,0,0
HKG,2020-12-31,0,0
HKG,2021-01-01,0,0
HKG,2021-01-02,0,0
HKG,2021-01-03,0,0
HKG,2021-01-04,0,0
HKG,2021-01-05,0,0
HKG,2021-01-06,0,0
HKG,2021-01-07,0,0
HKG,2021-01-08,0,0
HKG,2021-01-09,0,0
HKG,2021-01-10,0,0
HKG,2021-01-11,0,0
HKG,2021-01-12,0,0
HKG,2021-01-13,0,0
HKG,2021-01-14,0,0
HKG,2021-01-15,0,0
HKG,2021-01-16,0,0
HKG,2021-01-17,0,0
HKG,2021-01-18,0,0
HKG,2021-01-19,0,0
HKG,2021-01-20,0,0
HKG,2021-01-21,0,0
HKG,2021-01-22,0,0
HKG,2021-01-23,0,0
HKG,2021-01-24,0,0
HKG,2021-01-25,0,0
HKG,2021-01-26,0,0
HKG,2021-01-27,0,0
HKG,2021-01-28,0,0
HKG,2021-01-29,0,0
HKG,2021-01-30,0,0
HKG,2021-01-31,0,0
HKG,2021-02-01,0,0
HKG,2021-02-02,0,0
HKG,2021-02-03,0,0
HKG,2021-02-04,0,0
HKG,2021-02-05,0,0
HKG,2021-02-06,0,0
HKG,2021-02-07,0,0
HKG,2021-02-08,0,0
HKG,2021-02-09,0,0
HKG,2021-02-10,0,0
HKG,2021-02-11,0,0
HKG,2021-02-12,0,0
HKG,2021-02-13,0,0
HKG,2021-02-14,0,0
HKG,2021-02-15,0,0
HKG,2021-02-16,0,0
HKG,2021-02-17,0,0
HKG,2021-02-18,0,0
HKG,2021-02-19,0,0
HKG,2021-02-20,0,0
HKG,2021-02-21,0,0
HKG,2021-02-22,0,0
HKG,2021-02-23,0,0
HKG,2021-02-24,0,0
HKG,2021-02-25,0,0
HKG,2021-02-26,0,0
HKG,2021-02-27,0,0
HKG,2021-02-28,0,0
HKG,2021-03-01,0,0
HKG,2021-03-02,0,0
HKG,2021-03-03,0,0
HKG,2021-03-04,0,0
HKG,2021-03-05,0,0
HKG,2021-03-06,0,0
HKG,2021-03-07,0,0
HKG,2021-03-08,0,0
HKG,2021-03-09,0,0
HKG,2021-03-10,0,0
HKG,2021-03-11,0,0
HKG,2021-03-12,0,0
HKG,2021-03-13,0,0
HKG,2021-03-14,0,0
HKG,2021-03-15,0,0
HKG,2021-03-16,0,0
HKG,2021-03-17,0,0
HKG,2021-03-18,0,0
HKG,2021-03-19,0,0
HKG,2021-03-20,0,0
HKG,2021-03-21,0,0
HKG,2021-03-22,0,0
HKG,2021-03-23,0,0
HKG,2021-03-24,0,0
HKG,2021-03-25,0,0
HKG,2021-03-26,0,0
HKG,2021-03-27,0,0
HKG,2021-03-28,0,0
HKG,2021-03-29,0,0
HKG,2021-03-30,0,0
HKG,2021-03-31,0,0
HKG,2021-04-01,0,0
HKG,2021-04-02,0,0
HKG,2021-04-03,0,0
HKG,2021-04-04,0,0
HKG,2021-04-05,0,0
HKG,2021-04-06,0,0
HKG,2021-04-07,0,0
HKG,2021-04-08,0,0
HKG,2021-04-09,0,0
HKG,2021-04-10,0,0
HKG,2021-04-11,0,0
HKG,2021-04-12,0,0
HKG,2021-04-13,0,0
HKG,2021-04-14,0,0
HKG,2021-04-15,0,0
HKG,2021-04-16,0,0
HKG,2021-04-17,0,0
HKG,2021-04-18,0,0
HKG,2021-04-19,0,0
HKG,2021-04-20,0,0
HKG,2021-04-21,0,0
HKG,2021-04-22,0,0
HKG,2021-04-23,0,0
HKG,2021-04-24,0,0
HKG,2021-04-25,0,0
HKG,2021-04-26,0,0
HKG,2021-04-27,0,0
HKG,2021-04-28,0,0
HKG,2021-04-29,0,0
HKG,2021-04-30,0,0
HKG,2021-05-01,0,0
HKG,2021-05-02,0,0
HKG,2021-05-03,0,0
HKG,2021-05-04,0,0
HKG,2021-05-05,0,0
HKG,2021-05-06,0,0
HKG,2021-05-07,0,0
HKG,2021-05-08,0,0
HKG,2021-05-09,0,0
HKG,2021-05-10,0,0
HKG,2021-05-11,0,0
HKG,2021-05-12,0,0
HKG,2021-05-13,0,0
HKG,2021-05-14,0,0
HKG,2021-05-15,0,0
HKG,2021-05-16,0,0
HKG,2021-05-17,0,0
HKG,2021-05-18,0,0
HKG,2021-05-19,0,0
HKG,2021-05-20,0,0
HKG,2021-05-21,0,0
HKG,2021-05-22,0,0
HKG,2021-05-23,0,0
HKG,2021-05-24,0,0
HKG,2021-05-25,0,0
HKG,2021-05-26,0,0
HKG,2021-05-27,0,0
HKG,2021-05-28,0,0
HKG,2021-05-29,0,0
HKG,2021-05-30,0,0
HKG,2021-05-31,0,0
HKG,2021-06-01,0,0
HKG,2021-06-02,0,0
HKG,2021-06-03,0,0
HKG,2021-06-04,0,0
HKG,2021-06-05,0,0
HKG,2021-06-06,0,0
HKG,2021-06-07,0,0
HKG,2021-06-08,0,0
HKG,2021-06-09,0,0
HKG,2021-06-10,0,0
HKG,2021-06-11,0,0
HKG,2021-06-12,0,0
HKG,2021-06-13,0,0
HKG,2021-06-14,0,0
HKG,2021-06-15,0,0
HKG,2021-06-16,0,0
HKG,2021-06-17,0,0
HKG,2021-06-18,0,0
HKG,2021-06-19,0,0
HKG,2021-06-20,0,0
HKG,2021-06-21,0,0
HKG,2021-06-22,0,0
HUN,2020-03-06,39,39
HUN,2020-03-07,50,89
HUN,2020-03-08,43,132
HUN,2020-03-09,0,132
HUN,2020-03-10,169,301
HUN,2020-03-11,78,379
HUN,2020-03-12,121,500
HUN,2020-03-13,128,628
HUN,2020-03-14,156,784
HUN,2020-03-15,222,1006
HUN,2020-03-16,234,1240
HUN,2020-03-17,117,1357
HUN,2020-03-18,216,1573
HUN,2020-03-19,519,2092
HUN,2020-03-20,685,2777
HUN,2020-03-21,470,3247
HUN,2020-03-22,966,4213
HUN,2020-03-23,1072,5285
HUN,2020-03-24,598,5883
HUN,2020-03-25,704,6587
HUN,2020-03-26,1188,7775
HUN,2020-03-27,1270,9045
HUN,2020-03-28,1028,10073
HUN,2020-03-29,1845,11918
HUN,2020-03-30,1153,13071
HUN,2020-03-31,845,13916
HUN,2020-04-01,1062,14978
HUN,2020-04-02,1193,16171
HUN,2020-04-03,1368,17539
HUN,2020-04-04,1655,19194
HUN,2020-04-05,1826,21020
HUN,2020-04-06,1032,22052
HUN,2020-04-07,1464,23516
HUN,2020-04-08,2002,25518
HUN,2020-04-09,2078,27596
HUN,2020-04-10,2122,29718
HUN,2020-04-11,2013,31731
HUN,2020-04-12,1571,33302
HUN,2020-04-13,1287,34589
HUN,2020-04-14,1006,35595
HUN,2020-04-15,1501,37096
HUN,2020-04-16,1163,38259
HUN,2020-04-17,3101,41360
HUN,2020-04-18,2311,43671
HUN,2020-04-19,2452,46123
HUN,2020-04-20,1704,47827
HUN,2020-04-21,1995,49822
HUN,2020-04-22,2650,52472
HUN,2020-04-23,2688,55160
HUN,2020-04-24,2861,58021
HUN,2020-04-25,2550,60571
HUN,2020-04-26,2704,63275
HUN,2020-04-27,2120,65395
HUN,2020-04-28,1547,66942
HUN,2020-04-29,3128,70070
HUN,2020-04-30,2651,72721
HUN,2020-05-01,3380,76101
HUN,2020-05-02,3220,79321
HUN,2020-05-03,2459,81780
HUN,2020-05-04,1948,83728
HUN,2020-05-05,1599,85327
HUN,2020-05-06,3178,88505
HUN,2020-05-07,5301,93806
HUN,2020-05-08,5022,98828
HUN,2020-05-09,4200,103028
HUN,2020-05-10,4999,108027
HUN,2020-05-11,3908,111935
HUN,2020-05-12,2554,114489
HUN,2020-05-13,3781,118270
HUN,2020-05-14,4758,123028
HUN,2020-05-15,3979,127007
HUN,2020-05-16,4192,131199
HUN,2020-05-17,3708,134907
HUN,2020-05-18,2106,137013
HUN,2020-05-19,1454,138467
HUN,2020-05-20,4032,142499
HUN,2020-05-21,4782,147281
HUN,2020-05-22,8290,155571
HUN,2020-05-23,3459,159030
HUN,2020-05-24,3665,162695
HUN,2020-05-25,1694,164389
HUN,2020-05-26,1644,166033
HUN,2020-05-27,3697,169730
HUN,2020-05-28,4051,173781
HUN,2020-05-29,6141,179922
HUN,2020-05-30,3410,183332
HUN,2020-05-31,2418,185750
HUN,2020-06-01,1985,187735
HUN,2020-06-02,2004,189739
HUN,2020-06-03,1603,191342
HUN,2020-06-04,4322,195664
HUN,2020-06-05,6712,202376
HUN,2020-06-06,4247,206623
HUN,2020-06-07,3349,209972
HUN,2020-06-08,547,210519
HUN,2020-06-09,3719,214238
HUN,2020-06-10,3221,217459
HUN,2020-06-11,4558,222017
HUN,2020-06-12,4422,226439
HUN,2020-06-13,3500,229939
HUN,2020-06-14,3573,233512
HUN,2020-06-15,1635,235147
HUN,2020-06-16,1451,236598
HUN,2020-06-17,5311,241909
HUN,2020-06-18,3459,245368
HUN,2020-06-19,3793,249161
HUN,2020-06-20,3709,252870
HUN,2020-06-21,3226,256096
HUN,2020-06-22,1789,257885
HUN,2020-06-23,746,258631
HUN,2020-06-24,2559,261190
HUN,2020-06-25,3709,264899
HUN,2020-06-26,1927,266826
HUN,2020-06-27,3207,270033
HUN,2020-06-28,931,270964
HUN,2020-06-29,2685,273649
HUN,2020-06-30,1066,274715
HUN,2020-07-01,2805,277520
HUN,2020-07-02,1940,279460
HUN,2020-07-03,1938,281398
HUN,2020-07-04,1880,283278
HUN,2020-07-05,2082,285360
HUN,2020-07-06,493,285853
HUN,2020-07-07,900,286753
HUN,2020-07-08,1710,288463
HUN,2020-07-09,909,289372
HUN,2020-07-10,2435,291807
HUN,2020-07-11,1183,292990
HUN,2020-07-12,1205,294195
HUN,2020-07-13,1136,295331
HUN,2020-07-14,797,296128
HUN,2020-07-15,2827,298955
HUN,2020-07-16,1447,300402
HUN,2020-07-17,2117,302519
HUN,2020-07-18,2384,304903
HUN,2020-07-19,2713,307616
HUN,2020-07-20,2224,309840
HUN,2020-07-21,760,310600
HUN,2020-07-22,2158,312758
HUN,2020-07-23,3132,315890
HUN,2020-07-24,3734,319624
HUN,2020-07-25,3819,323443
HUN,2020-07-26,2881,326324
HUN,2020-07-27,2029,328353
HUN,2020-07-28,1656,330009
HUN,2020-07-29,3207,333216
HUN,2020-07-30,3015,336231
HUN,2020-07-31,2702,338933
HUN,2020-08-01,3724,342657
HUN,2020-08-02,2110,344767
HUN,2020-08-03,1965,346732
HUN,2020-08-04,1170,347902
HUN,2020-08-05,1976,349878
HUN,2020-08-06,2438,352316
HUN,2020-08-07,2921,355237
HUN,2020-08-08,2970,358207
HUN,2020-08-09,2335,360542
HUN,2020-08-10,1888,362430
HUN,2020-08-11,799,363229
HUN,2020-08-12,2897,366126
HUN,2020-08-13,3189,369315
HUN,2020-08-14,3142,372457
HUN,2020-08-15,2998,375455
HUN,2020-08-16,2923,378378
HUN,2020-08-17,2324,380702
HUN,2020-08-18,2479,383181
HUN,2020-08-19,3700,386881
HUN,2020-08-20,2968,389849
HUN,2020-08-21,3352,393201
HUN,2020-08-22,1480,394681
HUN,2020-08-23,2181,396862
HUN,2020-08-24,1458,398320
HUN,2020-08-25,1892,400212
HUN,2020-08-26,4625,404837
HUN,2020-08-27,3732,408569
HUN,2020-08-28,5846,414415
HUN,2020-08-29,3245,417660
HUN,2020-08-30,6380,424040
HUN,2020-08-31,3880,427920
HUN,2020-09-01,1792,429712
HUN,2020-09-02,7589,437301
HUN,2020-09-03,7516,444817
HUN,2020-09-04,7091,451908
HUN,2020-09-05,8097,460005
HUN,2020-09-06,9765,469770
HUN,2020-09-07,11424,481194
HUN,2020-09-08,5722,486916
HUN,2020-09-09,8335,495251
HUN,2020-09-10,10104,505355
HUN,2020-09-11,11637,516992
HUN,2020-09-12,11841,528833
HUN,2020-09-13,8834,537667
HUN,2020-09-14,11314,548981
HUN,2020-09-15,8653,557634
HUN,2020-09-16,9827,567461
HUN,2020-09-17,12381,579842
HUN,2020-09-18,11546,591388
HUN,2020-09-19,12504,603892
HUN,2020-09-20,11877,615769
HUN,2020-09-21,10022,625791
HUN,2020-09-22,6010,631801
HUN,2020-09-23,13461,645262
HUN,2020-09-24,11945,657207
HUN,2020-09-25,11116,668323
HUN,2020-09-26,11782,680105
HUN,2020-09-27,10073,690178
HUN,2020-09-28,7065,697243
HUN,2020-09-29,7037,704280
HUN,2020-09-30,11167,715447
HUN,2020-10-01,11972,727419
HUN,2020-10-02,12394,739813
HUN,2020-10-03,11174,750987
HUN,2020-10-04,7957,758944
HUN,2020-10-05,6424,765368
HUN,2020-10-06,5699,771067
HUN,2020-10-07,9726,780793
HUN,2020-10-08,11462,792255
HUN,2020-10-09,11163,803418
HUN,2020-10-10,11719,815137
HUN,2020-10-11,10203,825340
HUN,2020-10-12,8527,833867
HUN,2020-10-13,7123,840990
HUN,2020-10-14,9658,850648
HUN,2020-10-15,10742,861390
HUN,2020-10-16,9797,871187
HUN,2020-10-17,12971,884158
HUN,2020-10-18,9997,894155
HUN,2020-10-19,9651,903806
HUN,2020-10-20,6332,910138
HUN,2020-10-21,9113,919251
HUN,2020-10-22,16361,935612
HUN,2020-10-23,13628,949240
HUN,2020-10-24,11971,961211
HUN,2020-10-25,18932,980143
HUN,2020-10-26,10010,990153
HUN,2020-10-27,11710,1001863
HUN,2020-10-28,15596,1017459
HUN,2020-10-29,15253,1032712
HUN,2020-10-30,15638,1048350
HUN,2020-10-31,16563,1064913
HUN,2020-11-01,18600,1083513
HUN,2020-11-02,13628,1097141
HUN,2020-11-03,14620,1111761
HUN,2020-11-04,17657,1129418
HUN,2020-11-05,17968,1147386
HUN,2020-11-06,20025,1167411
HUN,2020-11-07,22321,1189732
HUN,2020-11-08,19189,1208921
HUN,2020-11-09,16248,1225169
HUN,2020-11-10,13068,1238237
HUN,2020-11-11,20987,1259224
HUN,2020-11-12,23521,1282745
HUN,2020-11-13,23912,1306657
HUN,2020-11-14,19140,1325797
HUN,2020-11-15,28715,1354512
HUN,2020-11-16,6098,1360610
HUN,2020-11-17,27292,1387902
HUN,2020-11-18,21519,1409421
HUN,2020-11-19,23357,1432778
HUN,2020-11-20,22860,1455638
HUN,2020-11-21,24806,1480444
HUN,2020-11-22,22173,1502617
HUN,2020-11-23,15311,1517928
HUN,2020-11-24,10144,1528072
HUN,2020-11-25,20016,1548088
HUN,2020-11-26,31879,1579967
HUN,2020-11-27,21006,1600973
HUN,2020-11-28,21562,1622535
HUN,2020-11-29,16311,1638846
HUN,2020-11-30,8946,1647792
HUN,2020-12-01,5758,1653550
HUN,2020-12-02,14944,1668494
HUN,2020-12-03,26044,1694538
HUN,2020-12-04,18479,1713017
HUN,2020-12-05,23290,1736307
HUN,2020-12-06,23681,1759988
HUN,2020-12-07,21424,1781412
HUN,2020-12-08,9527,1790939
HUN,2020-12-09,28737,1819676
HUN,2020-12-10,29325,1849001
HUN,2020-12-11,28603,1877604
HUN,2020-12-12,30452,1908056
HUN,2020-12-13,25239,1933295
HUN,2020-12-14,19245,1952540
HUN,2020-12-15,10903,1963443
HUN,2020-12-16,12636,1976079
HUN,2020-12-17,18362,1994441
HUN,2020-12-18,32067,2026508
HUN,2020-12-19,24204,2050712
HUN,2020-12-20,24033,2074745
HUN,2020-12-21,15451,2090196
HUN,2020-12-22,7937,2098133
HUN,2020-12-23,21239,2119372
HUN,2020-12-24,26186,2145558
HUN,2020-12-25,22154,2167712
HUN,2020-12-26,9494,2177206
HUN,2020-12-27,3292,2180498
HUN,2020-12-28,4647,2185145
HUN,2020-12-29,6190,2191335
HUN,2020-12-30,18302,2209637
HUN,2020-12-31,17390,2227027
HUN,2021-01-01,18128,2245155
HUN,2021-01-02,10697,2255852
HUN,2021-01-03,5960,2261812
HUN,2021-01-04,8727,2270539
HUN,2021-01-05,6521,2277060
HUN,2021-01-06,22729,2299789
HUN,2021-01-07,24290,2324079
HUN,2021-01-08,24024,2348103
HUN,2021-01-09,21823,2369926
HUN,2021-01-10,19262,2389188
HUN,2021-01-11,12567,2401755
HUN,2021-01-12,8223,2409978
HUN,2021-01-13,18550,2428528
HUN,2021-01-14,19634,2448162
HUN,2021-01-15,19098,2467260
HUN,2021-01-16,18339,2485599
HUN,2021-01-17,17275,2502874
HUN,2021-01-18,9903,2512777
HUN,2021-01-19,5130,2517907
HUN,2021-01-20,16005,2533912
HUN,2021-01-21,15577,2549489
HUN,2021-01-22,18064,2567553
HUN,2021-01-23,17238,2584791
HUN,2021-01-24,16441,2601232
HUN,2021-01-25,10064,2611296
HUN,2021-01-26,5531,2616827
HUN,2021-01-27,17053,2633880
HUN,2021-01-28,13093,2646973
HUN,2021-01-29,18975,2665948
HUN,2021-01-30,21362,2687310
HUN,2021-01-31,20142,2707452
HUN,2021-02-01,10862,2718314
HUN,2021-02-02,7794,2726108
HUN,2021-02-03,15434,2741542
HUN,2021-02-04,18171,2759713
HUN,2021-02-05,18693,2778406
HUN,2021-02-06,17596,2796002
HUN,2021-02-07,19024,2815026
HUN,2021-02-08,9720,2824746
HUN,2021-02-09,6410,2831156
HUN,2021-02-10,16822,2847978
HUN,2021-02-11,20036,2868014
HUN,2021-02-12,19439,2887453
HUN,2021-02-13,19383,2906836
HUN,2021-02-14,19515,2926351
HUN,2021-02-15,11270,2937621
HUN,2021-02-16,6227,2943848
HUN,2021-02-17,19339,2963187
HUN,2021-02-18,20855,2984042
HUN,2021-02-19,22660,3006702
HUN,2021-02-20,22906,3029608
HUN,2021-02-21,23167,3052775
HUN,2021-02-22,15925,3068700
HUN,2021-02-23,9326,3078026
HUN,2021-02-24,23399,3101425
HUN,2021-02-25,25509,3126934
HUN,2021-02-26,27128,3154062
HUN,2021-02-27,27814,3181876
HUN,2021-02-28,27630,3209506
HUN,2021-03-01,20230,3229736
HUN,2021-03-02,12818,3242554
HUN,2021-03-03,25723,3268277
HUN,2021-03-04,30794,3299071
HUN,2021-03-05,31274,3330345
HUN,2021-03-06,35671,3366016
HUN,2021-03-07,33771,3399787
HUN,2021-03-08,23890,3423677
HUN,2021-03-09,17265,3440942
HUN,2021-03-10,30752,3471694
HUN,2021-03-11,33464,3505158
HUN,2021-03-12,36796,3541954
HUN,2021-03-13,41845,3583799
HUN,2021-03-14,42308,3626107
HUN,2021-03-15,27472,3653579
HUN,2021-03-16,18126,3671705
HUN,2021-03-17,13649,3685354
HUN,2021-03-18,26498,3711852
HUN,2021-03-19,39598,3751450
HUN,2021-03-20,40476,3791926
HUN,2021-03-21,40979,3832905
HUN,2021-03-22,31564,3864469
HUN,2021-03-23,19279,3883748
HUN,2021-03-24,33316,3917064
HUN,2021-03-25,35417,3952481
HUN,2021-03-26,40293,3992774
HUN,2021-03-27,42553,4035327
HUN,2021-03-28,29301,4064628
HUN,2021-03-29,42479,4107107
HUN,2021-03-30,18455,4125562
HUN,2021-03-31,32754,4158316
HUN,2021-04-01,40444,4198760
HUN,2021-04-02,39993,4238753
HUN,2021-04-03,36598,4275351
HUN,2021-04-04,27094,4302445
HUN,2021-04-05,18908,4321353
HUN,2021-04-06,11194,4332547
HUN,2021-04-07,12201,4344748
HUN,2021-04-08,30023,4374771
HUN,2021-04-09,35703,4410474
HUN,2021-04-10,36612,4447086
HUN,2021-04-11,36864,4483950
HUN,2021-04-12,26360,4510310
HUN,2021-04-13,15467,4525777
HUN,2021-04-14,35181,4560958
HUN,2021-04-15,21942,4582900
HUN,2021-04-16,32023,4614923
HUN,2021-04-17,30662,4645585
HUN,2021-04-18,28310,4673895
HUN,2021-04-19,19399,4693294
HUN,2021-04-20,12952,4706246
HUN,2021-04-21,22435,4728681
HUN,2021-04-22,26406,4755087
HUN,2021-04-23,27607,4782694
HUN,2021-04-24,23847,4806541
HUN,2021-04-25,23223,4829764
HUN,2021-04-26,16635,4846399
HUN,2021-04-27,11389,4857788
HUN,2021-04-28,18789,4876577
HUN,2021-04-29,22379,4898956
HUN,2021-04-30,23748,4922704
HUN,2021-05-01,21112,4943816
HUN,2021-05-02,21331,4965147
HUN,2021-05-03,13754,4978901
HUN,2021-05-04,8408,4987309
HUN,2021-05-05,16516,5003825
HUN,2021-05-06,20890,5024715
HUN,2021-05-07,18647,5043362
HUN,2021-05-08,17021,5060383
HUN,2021-05-09,17021,5077404
HUN,2021-05-10,10552,5087956
HUN,2021-05-11,6513,5094469
HUN,2021-05-12,15312,5109781
HUN,2021-05-13,27818,5137599
HUN,2021-05-14,18901,5156500
HUN,2021-05-15,15500,5172000
HUN,2021-05-16,15826,5187826
HUN,2021-05-17,10365,5198191
HUN,2021-05-18,7104,5205295
HUN,2021-05-19,14662,5219957
HUN,2021-05-20,16324,5236281
HUN,2021-05-21,10631,5246912
HUN,2021-05-22,22650,5269562
HUN,2021-05-23,14049,5283611
HUN,2021-05-24,9544,5293155
HUN,2021-05-25,6368,5299523
HUN,2021-05-26,6240,5305763
HUN,2021-05-27,14459,5320222
HUN,2021-05-28,15551,5335773
HUN,2021-05-29,14945,5350718
HUN,2021-05-30,15242,5365960
HUN,2021-05-31,8052,5374012
HUN,2021-06-01,12782,5386794
HUN,2021-06-02,25148,5411942
HUN,2021-06-03,3436,5415378
HUN,2021-06-04,18673,5434051
HUN,2021-06-05,12572,5446623
HUN,2021-06-06,12789,5459412
HUN,2021-06-07,6618,5466030
HUN,2021-06-08,5878,5471908
HUN,2021-06-09,13560,5485468
HUN,2021-06-10,12570,5498038
HUN,2021-06-11,14013,5512051
HUN,2021-06-12,0,5512051
HUN,2021-06-13,0,5512051
HUN,2021-06-14,28283,5540334
HUN,2021-06-15,4846,5545180
HUN,2021-06-16,13108,5558288
HUN,2021-06-17,10903,5569191
HUN,2021-06-18,13492,5582683
HUN,2021-06-19,0,5582683
HUN,2021-06-20,0,5582683
HUN,2021-06-21,24969,5607652
HUN,2021-06-22,4318,5611970
HUN,2021-06-23,10710,5622680
HUN,2021-06-24,9732,5632412
HUN,2021-06-25,11167,5643579
HUN,2021-06-26,0,5643579
HUN,2021-06-27,0,5643579
HUN,2021-06-28,22127,5665706
ISL,2020-02-27,23,23
ISL,2020-02-28,13,36
ISL,2020-02-29,32,68
ISL,2020-03-01,22,90
ISL,2020-03-02,48,138
ISL,2020-03-03,45,183
ISL,2020-03-04,81,264
ISL,2020-03-05,62,326
ISL,2020-03-06,57,383
ISL,2020-03-07,58,441
ISL,2020-03-08,37,478
ISL,2020-03-09,98,576
ISL,2020-03-10,169,745
ISL,2020-03-11,149,894
ISL,2020-03-12,253,1147
ISL,2020-03-13,357,1504
ISL,2020-03-14,323,1827
ISL,2020-03-15,1075,2902
ISL,2020-03-16,1707,4609
ISL,2020-03-17,1400,6009
ISL,2020-03-18,1828,7837
ISL,2020-03-19,1311,9148
ISL,2020-03-20,579,9727
ISL,2020-03-21,350,10077
ISL,2020-03-22,183,10260
ISL,2020-03-23,459,10719
ISL,2020-03-24,967,11686
ISL,2020-03-25,888,12574
ISL,2020-03-26,998,13572
ISL,2020-03-27,1022,14594
ISL,2020-03-28,849,15443
ISL,2020-03-29,1000,16443
ISL,2020-03-30,1420,17863
ISL,2020-03-31,1612,19475
ISL,2020-04-01,1414,20889
ISL,2020-04-02,1265,22154
ISL,2020-04-03,1445,23599
ISL,2020-04-04,1754,25353
ISL,2020-04-05,2486,27839
ISL,2020-04-06,1112,28951
ISL,2020-04-07,1955,30906
ISL,2020-04-08,1676,32582
ISL,2020-04-09,1502,34084
ISL,2020-04-10,510,34594
ISL,2020-04-11,618,35212
ISL,2020-04-12,235,35447
ISL,2020-04-13,851,36298
ISL,2020-04-14,1047,37345
ISL,2020-04-15,818,38163
ISL,2020-04-16,1332,39495
ISL,2020-04-17,1555,41050
ISL,2020-04-18,1671,42721
ISL,2020-04-19,381,43102
ISL,2020-04-20,688,43790
ISL,2020-04-21,637,44427
ISL,2020-04-22,625,45052
ISL,2020-04-23,193,45245
ISL,2020-04-24,685,45930
ISL,2020-04-25,381,46311
ISL,2020-04-26,25,46336
ISL,2020-04-27,688,47024
ISL,2020-04-28,508,47532
ISL,2020-04-29,840,48372
ISL,2020-04-30,722,49094
ISL,2020-05-01,867,49961
ISL,2020-05-02,404,50365
ISL,2020-05-03,71,50436
ISL,2020-05-04,868,51304
ISL,2020-05-05,318,51622
ISL,2020-05-06,620,52242
ISL,2020-05-07,462,52704
ISL,2020-05-08,515,53219
ISL,2020-05-09,935,54154
ISL,2020-05-10,18,54172
ISL,2020-05-11,578,54750
ISL,2020-05-12,284,55034
ISL,2020-05-13,551,55585
ISL,2020-05-14,593,56178
ISL,2020-05-15,523,56701
ISL,2020-05-16,133,56834
ISL,2020-05-17,7,56841
ISL,2020-05-18,305,57146
ISL,2020-05-19,441,57587
ISL,2020-05-20,597,58184
ISL,2020-05-21,70,58254
ISL,2020-05-22,491,58745
ISL,2020-05-23,58,58803
ISL,2020-05-24,12,58815
ISL,2020-05-25,231,59046
ISL,2020-05-26,526,59572
ISL,2020-05-27,528,60100
ISL,2020-05-28,350,60450
ISL,2020-05-29,534,60984
ISL,2020-05-30,97,61081
ISL,2020-05-31,16,61097
ISL,2020-06-01,18,61115
ISL,2020-06-02,199,61314
ISL,2020-06-03,325,61639
ISL,2020-06-04,550,62189
ISL,2020-06-05,538,62727
ISL,2020-06-06,27,62754
ISL,2020-06-07,7,62761
ISL,2020-06-08,68,62829
ISL,2020-06-09,41,62870
ISL,2020-06-10,65,62935
ISL,2020-06-11,69,63004
ISL,2020-06-12,79,63083
ISL,2020-06-13,60,63143
ISL,2020-06-14,14,63157
ISL,2020-06-15,27,63184
ISL,2020-06-16,176,63360
ISL,2020-06-17,68,63428
ISL,2020-06-18,39,63467
ISL,2020-06-19,109,63576
ISL,2020-06-20,64,63640
ISL,2020-06-21,17,63657
ISL,2020-06-22,44,63701
ISL,2020-06-23,86,63787
ISL,2020-06-24,47,63834
ISL,2020-06-25,136,63970
ISL,2020-06-26,251,64221
ISL,2020-06-27,171,64392
ISL,2020-06-28,250,64642
ISL,2020-06-29,464,65106
ISL,2020-06-30,728,65834
ISL,2020-07-01,270,66104
ISL,2020-07-02,161,66265
ISL,2020-07-03,397,66662
ISL,2020-07-04,152,66814
ISL,2020-07-05,23,66837
ISL,2020-07-06,185,67022
ISL,2020-07-07,224,67246
ISL,2020-07-08,131,67377
ISL,2020-07-09,141,67518
ISL,2020-07-10,211,67729
ISL,2020-07-11,63,67792
ISL,2020-07-12,31,67823
ISL,2020-07-13,89,67912
ISL,2020-07-14,152,68064
ISL,2020-07-15,137,68201
ISL,2020-07-16,121,68322
ISL,2020-07-17,189,68511
ISL,2020-07-18,64,68575
ISL,2020-07-19,39,68614
ISL,2020-07-20,26,68640
ISL,2020-07-21,66,68706
ISL,2020-07-22,49,68755
ISL,2020-07-23,67,68822
ISL,2020-07-24,69,68891
ISL,2020-07-25,48,68939
ISL,2020-07-26,18,68957
ISL,2020-07-27,37,68994
ISL,2020-07-28,124,69118
ISL,2020-07-29,352,69470
ISL,2020-07-30,1138,70608
ISL,2020-07-31,1324,71932
ISL,2020-08-01,826,72758
ISL,2020-08-02,1205,73963
ISL,2020-08-03,767,74730
ISL,2020-08-04,615,75345
ISL,2020-08-05,825,76170
ISL,2020-08-06,1077,77247
ISL,2020-08-07,594,77841
ISL,2020-08-08,396,78237
ISL,2020-08-09,232,78469
ISL,2020-08-10,345,78814
ISL,2020-08-11,1190,80004
ISL,2020-08-12,722,80726
ISL,2020-08-13,328,81054
ISL,2020-08-14,537,81591
ISL,2020-08-15,347,81938
ISL,2020-08-16,158,82096
ISL,2020-08-17,408,82504
ISL,2020-08-18,504,83008
ISL,2020-08-19,438,83446
ISL,2020-08-20,591,84037
ISL,2020-08-21,588,84625
ISL,2020-08-22,272,84897
ISL,2020-08-23,291,85188
ISL,2020-08-24,602,85790
ISL,2020-08-25,871,86661
ISL,2020-08-26,767,87428
ISL,2020-08-27,723,88151
ISL,2020-08-28,663,88814
ISL,2020-08-29,360,89174
ISL,2020-08-30,217,89391
ISL,2020-08-31,675,90066
ISL,2020-09-01,593,90659
ISL,2020-09-02,609,91268
ISL,2020-09-03,557,91825
ISL,2020-09-04,659,92484
ISL,2020-09-05,349,92833
ISL,2020-09-06,126,92959
ISL,2020-09-07,726,93685
ISL,2020-09-08,702,94387
ISL,2020-09-09,524,94911
ISL,2020-09-10,562,95473
ISL,2020-09-11,589,96062
ISL,2020-09-12,334,96396
ISL,2020-09-13,148,96544
ISL,2020-09-14,605,97149
ISL,2020-09-15,774,97923
ISL,2020-09-16,1247,99170
ISL,2020-09-17,3104,102274
ISL,2020-09-18,3259,105533
ISL,2020-09-19,1404,106937
ISL,2020-09-20,1512,108449
ISL,2020-09-21,3846,112295
ISL,2020-09-22,4525,116820
ISL,2020-09-23,2073,118893
ISL,2020-09-24,2230,121123
ISL,2020-09-25,2237,123360
ISL,2020-09-26,974,124334
ISL,2020-09-27,765,125099
ISL,2020-09-28,1764,126863
ISL,2020-09-29,1703,128566
ISL,2020-09-30,1427,129993
ISL,2020-10-01,1269,131262
ISL,2020-10-02,1456,132718
ISL,2020-10-03,1135,133853
ISL,2020-10-04,1088,134941
ISL,2020-10-05,2535,137476
ISL,2020-10-06,2386,139862
ISL,2020-10-07,2591,142453
ISL,2020-10-08,3479,145932
ISL,2020-10-09,3213,149145
ISL,2020-10-10,1608,150753
ISL,2020-10-11,1055,151808
ISL,2020-10-12,3129,154937
ISL,2020-10-13,1815,156752
ISL,2020-10-14,2219,158971
ISL,2020-10-15,2175,161146
ISL,2020-10-16,1807,162953
ISL,2020-10-17,1286,164239
ISL,2020-10-18,823,165062
ISL,2020-10-19,2079,167141
ISL,2020-10-20,1435,168576
ISL,2020-10-21,1602,170178
ISL,2020-10-22,1550,171728
ISL,2020-10-23,1574,173302
ISL,2020-10-24,957,174259
ISL,2020-10-25,712,174971
ISL,2020-10-26,2286,177257
ISL,2020-10-27,2733,179990
ISL,2020-10-28,1541,181531
ISL,2020-10-29,2035,183566
ISL,2020-10-30,1752,185318
ISL,2020-10-31,989,186307
ISL,2020-11-01,828,187135
ISL,2020-11-02,1618,188753
ISL,2020-11-03,1881,190634
ISL,2020-11-04,1623,192257
ISL,2020-11-05,1307,193564
ISL,2020-11-06,1485,195049
ISL,2020-11-07,611,195660
ISL,2020-11-08,522,196182
ISL,2020-11-09,1264,197446
ISL,2020-11-10,1031,198477
ISL,2020-11-11,865,199342
ISL,2020-11-12,822,200164
ISL,2020-11-13,1181,201345
ISL,2020-11-14,431,201776
ISL,2020-11-15,383,202159
ISL,2020-11-16,1296,203455
ISL,2020-11-17,961,204416
ISL,2020-11-18,770,205186
ISL,2020-11-19,667,205853
ISL,2020-11-20,765,206618
ISL,2020-11-21,334,206952
ISL,2020-11-22,271,207223
ISL,2020-11-23,958,208181
ISL,2020-11-24,747,208928
ISL,2020-11-25,706,209634
ISL,2020-11-26,899,210533
ISL,2020-11-27,1047,211580
ISL,2020-11-28,575,212155
ISL,2020-11-29,543,212698
ISL,2020-11-30,1563,214261
ISL,2020-12-01,1326,215587
ISL,2020-12-02,1318,216905
ISL,2020-12-03,872,217777
ISL,2020-12-04,964,218741
ISL,2020-12-05,497,219238
ISL,2020-12-06,452,219690
ISL,2020-12-07,1371,221061
ISL,2020-12-08,923,221984
ISL,2020-12-09,807,222791
ISL,2020-12-10,845,223636
ISL,2020-12-11,734,224370
ISL,2020-12-12,438,224808
ISL,2020-12-13,393,225201
ISL,2020-12-14,1263,226464
ISL,2020-12-15,1031,227495
ISL,2020-12-16,920,228415
ISL,2020-12-17,1008,229423
ISL,2020-12-18,965,230388
ISL,2020-12-19,582,230970
ISL,2020-12-20,796,231766
ISL,2020-12-21,1436,233202
ISL,2020-12-22,1434,234636
ISL,2020-12-23,1213,235849
ISL,2020-12-24,717,236566
ISL,2020-12-25,96,236662
ISL,2020-12-26,658,237320
ISL,2020-12-27,544,237864
ISL,2020-12-28,977,238841
ISL,2020-12-29,964,239805
ISL,2020-12-30,1020,240825
ISL,2020-12-31,596,241421
ISL,2021-01-01,42,241463
ISL,2021-01-02,1035,242498
ISL,2021-01-03,552,243050
ISL,2021-01-04,1114,244164
ISL,2021-01-05,820,244984
ISL,2021-01-06,663,245647
ISL,2021-01-07,697,246344
ISL,2021-01-08,702,247046
ISL,2021-01-09,426,247472
ISL,2021-01-10,445,247917
ISL,2021-01-11,1132,249049
ISL,2021-01-12,798,249847
ISL,2021-01-13,906,250753
ISL,2021-01-14,860,251613
ISL,2021-01-15,531,252144
ISL,2021-01-16,380,252524
ISL,2021-01-17,307,252831
ISL,2021-01-18,1093,253924
ISL,2021-01-19,689,254613
ISL,2021-01-20,645,255258
ISL,2021-01-21,720,255978
ISL,2021-01-22,523,256501
ISL,2021-01-23,410,256911
ISL,2021-01-24,520,257431
ISL,2021-01-25,1447,258878
ISL,2021-01-26,1089,259967
ISL,2021-01-27,926,260893
ISL,2021-01-28,966,261859
ISL,2021-01-29,742,262601
ISL,2021-01-30,327,262928
ISL,2021-01-31,406,263334
ISL,2021-02-01,1333,264667
ISL,2021-02-02,738,265405
ISL,2021-02-03,697,266102
ISL,2021-02-04,747,266849
ISL,2021-02-05,498,267347
ISL,2021-02-06,349,267696
ISL,2021-02-07,315,268011
ISL,2021-02-08,1070,269081
ISL,2021-02-09,665,269746
ISL,2021-02-10,515,270261
ISL,2021-02-11,570,270831
ISL,2021-02-12,546,271377
ISL,2021-02-13,211,271588
ISL,2021-02-14,323,271911
ISL,2021-02-15,706,272617
ISL,2021-02-16,545,273162
ISL,2021-02-17,363,273525
ISL,2021-02-18,698,274223
ISL,2021-02-19,452,274675
ISL,2021-02-20,204,274879
ISL,2021-02-21,273,275152
ISL,2021-02-22,525,275677
ISL,2021-02-23,434,276111
ISL,2021-02-24,450,276561
ISL,2021-02-25,472,277033
ISL,2021-02-26,497,277530
ISL,2021-02-27,322,277852
ISL,2021-02-28,248,278100
ISL,2021-03-01,456,278556
ISL,2021-03-02,428,278984
ISL,2021-03-03,353,279337
ISL,2021-03-04,495,279832
ISL,2021-03-05,384,280216
ISL,2021-03-06,263,280479
ISL,2021-03-07,269,280748
ISL,2021-03-08,1902,282650
ISL,2021-03-09,806,283456
ISL,2021-03-10,1308,284764
ISL,2021-03-11,1283,286047
ISL,2021-03-12,753,286800
ISL,2021-03-13,414,287214
ISL,2021-03-14,398,287612
ISL,2021-03-15,1076,288688
ISL,2021-03-16,608,289296
ISL,2021-03-17,501,289797
ISL,2021-03-18,640,290437
ISL,2021-03-19,775,291212
ISL,2021-03-20,441,291653
ISL,2021-03-21,416,292069
ISL,2021-03-22,1548,293617
ISL,2021-03-23,1557,295174
ISL,2021-03-24,2007,297181
ISL,2021-03-25,1220,298401
ISL,2021-03-26,3016,301417
ISL,2021-03-27,1428,302845
ISL,2021-03-28,977,303822
ISL,2021-03-29,2452,306274
ISL,2021-03-30,2061,308335
ISL,2021-03-31,1509,309844
ISL,2021-04-01,764,310608
ISL,2021-04-02,818,311426
ISL,2021-04-03,592,312018
ISL,2021-04-04,711,312729
ISL,2021-04-05,1011,313740
ISL,2021-04-06,1863,315603
ISL,2021-04-07,1283,316886
ISL,2021-04-08,1139,318025
ISL,2021-04-09,1159,319184
ISL,2021-04-10,600,319784
ISL,2021-04-11,512,320296
ISL,2021-04-12,1264,321560
ISL,2021-04-13,973,322533
ISL,2021-04-14,937,323470
ISL,2021-04-15,736,324206
ISL,2021-04-16,912,325118
ISL,2021-04-17,701,325819
ISL,2021-04-18,986,326805
ISL,2021-04-19,4051,330856
ISL,2021-04-20,4176,335032
ISL,2021-04-21,1923,336955
ISL,2021-04-22,1051,338006
ISL,2021-04-23,2061,340067
ISL,2021-04-24,1097,341164
ISL,2021-04-25,748,341912
ISL,2021-04-26,1891,343803
ISL,2021-04-27,1865,345668
ISL,2021-04-28,1753,347421
ISL,2021-04-29,1398,348819
ISL,2021-04-30,1526,350345
ISL,2021-05-01,741,351086
ISL,2021-05-02,759,351845
ISL,2021-05-03,1622,353467
ISL,2021-05-04,1381,354848
ISL,2021-05-05,1241,356089
ISL,2021-05-06,1043,357132
ISL,2021-05-07,1104,358236
ISL,2021-05-08,794,359030
ISL,2021-05-09,932,359962
ISL,2021-05-10,1646,361608
ISL,2021-05-11,1435,363043
ISL,2021-05-12,1298,364341
ISL,2021-05-13,913,365254
ISL,2021-05-14,1438,366692
ISL,2021-05-15,683,367375
ISL,2021-05-16,828,368203
ISL,2021-05-17,1357,369560
ISL,2021-05-18,1198,370758
ISL,2021-05-19,1248,372006
IND,2020-03-13,0,0
IND,2020-03-14,0,0
IND,2020-03-15,0,0
IND,2020-03-16,0,0
IND,2020-03-17,0,0
IND,2020-03-18,0,0
IND,2020-03-19,191,191
IND,2020-03-20,1060,1251
IND,2020-03-21,1325,2576
IND,2020-03-22,1298,3874
IND,2020-03-23,3708,7582
IND,2020-03-24,157,7739
IND,2020-03-25,4280,12019
IND,2020-03-26,0,12019
IND,2020-03-27,0,12019
IND,2020-03-28,0,12019
IND,2020-03-29,0,12019
IND,2020-03-30,0,12019
IND,2020-03-31,0,12019
IND,2020-04-01,0,12019
IND,2020-04-02,0,12019
IND,2020-04-03,21294,33313
IND,2020-04-04,10705,44018
IND,2020-04-05,9584,53602
IND,2020-04-06,11534,65136
IND,2020-04-07,12947,78083
IND,2020-04-08,13904,91987
IND,2020-04-09,16991,108978
IND,2020-04-10,16420,125398
IND,2020-04-11,18044,143442
IND,2020-04-12,16374,159816
IND,2020-04-13,21806,181622
IND,2020-04-14,27339,208961
IND,2020-04-15,29706,238667
IND,2020-04-16,28357,267024
IND,2020-04-17,32167,299191
IND,2020-04-18,37000,336191
IND,2020-04-19,29463,365654
IND,2020-04-20,0,365654
IND,2020-04-21,0,365654
IND,2020-04-22,0,365654
IND,2020-04-23,0,365654
IND,2020-04-24,41247,406901
IND,2020-04-25,38168,445069
IND,2020-04-26,45352,490421
IND,2020-04-27,40510,530931
IND,2020-04-28,50914,581845
IND,2020-04-29,54031,635876
IND,2020-04-30,59437,695313
IND,2020-05-01,72453,767766
IND,2020-05-02,73709,841475
IND,2020-05-03,70087,911562
IND,2020-05-04,60783,972345
IND,2020-05-05,84713,1057058
IND,2020-05-06,84835,1141893
IND,2020-05-07,80632,1222525
IND,2020-05-08,80375,1302900
IND,2020-05-09,85425,1388325
IND,2020-05-10,85824,1474149
IND,2020-05-11,64651,1538800
IND,2020-05-12,85891,1624691
IND,2020-05-13,94671,1719362
IND,2020-05-14,92791,1812153
IND,2020-05-15,92911,1905064
IND,2020-05-16,94325,1999389
IND,2020-05-17,93365,2092754
IND,2020-05-18,75150,2167904
IND,2020-05-19,101475,2269379
IND,2020-05-20,108121,2377500
IND,2020-05-21,103532,2481032
IND,2020-05-22,103514,2584546
IND,2020-05-23,115364,2699910
IND,2020-05-24,108623,2808533
IND,2020-05-25,90170,2898703
IND,2020-05-26,92528,2991231
IND,2020-05-27,116041,3107272
IND,2020-05-28,119976,3227248
IND,2020-05-29,121702,3348950
IND,2020-05-30,127761,3476711
IND,2020-05-31,125428,3602139
IND,2020-06-01,100180,3702319
IND,2020-06-02,128868,3831187
IND,2020-06-03,137158,3968345
IND,2020-06-04,139485,4107830
IND,2020-06-05,143661,4251491
IND,2020-06-06,137938,4389429
IND,2020-06-07,142069,4531498
IND,2020-06-08,108048,4639546
IND,2020-06-09,141682,4781228
IND,2020-06-10,145216,4926444
IND,2020-06-11,151808,5078252
IND,2020-06-12,150305,5228557
IND,2020-06-13,143737,5372294
IND,2020-06-14,151432,5523726
IND,2020-06-15,115519,5639245
IND,2020-06-16,146936,5786181
IND,2020-06-17,163187,5949368
IND,2020-06-18,165412,6114780
IND,2020-06-19,176959,6291739
IND,2020-06-20,189869,6481608
IND,2020-06-21,190730,6672338
IND,2020-06-22,143267,6815605
IND,2020-06-23,187223,7002828
IND,2020-06-24,215195,7218023
IND,2020-06-25,207871,7425894
IND,2020-06-26,215446,7641340
IND,2020-06-27,220479,7861819
IND,2020-06-28,231095,8092914
IND,2020-06-29,170560,8263474
IND,2020-06-30,210292,8473766
IND,2020-07-01,217931,8691697
IND,2020-07-02,229588,8921285
IND,2020-07-03,241576,9162861
IND,2020-07-04,242383,9405244
IND,2020-07-05,248934,9654178
IND,2020-07-06,180596,9834774
IND,2020-07-07,241430,10076204
IND,2020-07-08,262679,10338883
IND,2020-07-09,267061,10605944
IND,2020-07-10,283659,10889603
IND,2020-07-11,282511,11172114
IND,2020-07-12,280151,11452265
IND,2020-07-13,219103,11671368
IND,2020-07-14,286247,11957615
IND,2020-07-15,320161,12277776
IND,2020-07-16,326826,12604602
IND,2020-07-17,333228,12937830
IND,2020-07-18,361024,13298854
IND,2020-07-19,358127,13656981
IND,2020-07-20,256039,13913020
IND,2020-07-21,333395,14246415
IND,2020-07-22,343243,14589658
IND,2020-07-23,350823,14940481
IND,2020-07-24,352801,15293282
IND,2020-07-25,420898,15714180
IND,2020-07-26,442263,16156443
IND,2020-07-27,515472,16671915
IND,2020-07-28,528082,17199997
IND,2020-07-29,408855,17608852
IND,2020-07-30,446642,18055494
IND,2020-07-31,642588,18698082
IND,2020-08-01,525689,19223771
IND,2020-08-02,463172,19686943
IND,2020-08-03,381027,20067970
IND,2020-08-04,661892,20729862
IND,2020-08-05,619652,21349514
IND,2020-08-06,664949,22014463
IND,2020-08-07,639042,22653505
IND,2020-08-08,598778,23252283
IND,2020-08-09,719364,23971647
IND,2020-08-10,477023,24448670
IND,2020-08-11,698290,25146960
IND,2020-08-12,733449,25880409
IND,2020-08-13,830391,26710800
IND,2020-08-14,848728,27559528
IND,2020-08-15,868679,28428207
IND,2020-08-16,746608,29174815
IND,2020-08-17,731697,29906512
IND,2020-08-18,899864,30806376
IND,2020-08-19,801518,31607894
IND,2020-08-20,918470,32526364
IND,2020-08-21,805985,33332349
IND,2020-08-22,1023836,34356185
IND,2020-08-23,801147,35157332
IND,2020-08-24,609917,35767249
IND,2020-08-25,925383,36692632
IND,2020-08-26,823992,37516624
IND,2020-08-27,924998,38441622
IND,2020-08-28,901338,39342960
IND,2020-08-29,928761,40271721
IND,2020-08-30,1055027,41326748
IND,2020-08-31,846278,42173026
IND,2020-09-01,1016920,43189946
IND,2020-09-02,1012367,44202313
IND,2020-09-03,1172179,45374492
IND,2020-09-04,1169765,46544257
IND,2020-09-05,1059346,47603603
IND,2020-09-06,1092654,48696257
IND,2020-09-07,720362,49416619
IND,2020-09-08,1098621,50515240
IND,2020-09-09,1154549,51669789
IND,2020-09-10,1129756,52799545
IND,2020-09-11,1163542,53963087
IND,2020-09-12,1091251,55054338
IND,2020-09-13,1071702,56126040
IND,2020-09-14,978500,57104540
IND,2020-09-15,1072845,58177385
IND,2020-09-16,1116842,59294227
IND,2020-09-17,1136613,60430840
IND,2020-09-18,1006615,61437455
IND,2020-09-19,881911,62319366
IND,2020-09-20,1206806,63526172
IND,2020-09-21,731534,64257706
IND,2020-09-22,933185,65190891
IND,2020-09-23,953683,66144574
IND,2020-09-24,1156569,67301143
IND,2020-09-25,1492409,68793552
IND,2020-09-26,1341535,70135087
IND,2020-09-27,987861,71122948
IND,2020-09-28,709394,71832342
IND,2020-09-29,1142811,72975153
IND,2020-09-30,1086688,74061841
IND,2020-10-01,1423052,75484893
IND,2020-10-02,1097947,76582840
IND,2020-10-03,1132675,77715515
IND,2020-10-04,1142131,78857646
IND,2020-10-05,989860,79847506
IND,2020-10-06,1089403,80936909
IND,2020-10-07,1199857,82136766
IND,2020-10-08,1194321,83331087
IND,2020-10-09,1168705,84499792
IND,2020-10-10,1164018,85663810
IND,2020-10-11,1078544,86742354
IND,2020-10-12,994851,87737205
IND,2020-10-13,1073014,88810219
IND,2020-10-14,1145015,89955234
IND,2020-10-15,1136183,91091417
IND,2020-10-16,1028622,92120039
IND,2020-10-17,999090,93119129
IND,2020-10-18,970173,94089302
IND,2020-10-19,859786,94949088
IND,2020-10-20,1032795,95981883
IND,2020-10-21,1083608,97065491
IND,2020-10-22,1469984,98535475
IND,2020-10-23,1442722,99978197
IND,2020-10-24,1269479,101247676
IND,2020-10-25,1140905,102388581
IND,2020-10-26,939309,103327890
IND,2020-10-27,958116,104286006
IND,2020-10-28,1066786,105352792
IND,2020-10-29,1075760,106428552
IND,2020-10-30,1164648,107593200
IND,2020-10-31,1067976,108661176
IND,2020-11-01,1091239,109752415
IND,2020-11-02,855800,110608215
IND,2020-11-03,1046247,111654462
IND,2020-11-04,1209609,112864071
IND,2020-11-05,1209425,114073496
IND,2020-11-06,1220711,115294207
IND,2020-11-07,1113209,116407416
IND,2020-11-08,1194487,117601903
IND,2020-11-09,835401,118437304
IND,2020-11-10,1043665,119480969
IND,2020-11-11,1153294,120634263
IND,2020-11-12,1193358,121827621
IND,2020-11-13,1139230,122966851
IND,2020-11-14,929491,123896342
IND,2020-11-15,805589,124701931
IND,2020-11-16,861706,125563637
IND,2020-11-17,844382,126408019
IND,2020-11-18,937279,127345298
IND,2020-11-19,1028203,128373501
IND,2020-11-20,1083397,129456898
IND,2020-11-21,1066022,130522920
IND,2020-11-22,1075326,131598246
IND,2020-11-23,849596,132447842
IND,2020-11-24,1099545,133547387
IND,2020-11-25,1159032,134706419
IND,2020-11-26,1090238,135796657
IND,2020-11-27,1131204,136927861
IND,2020-11-28,1157605,138085466
IND,2020-11-29,1283449,139368915
IND,2020-11-30,876173,140245088
IND,2020-12-01,969322,141214410
IND,2020-12-02,1096651,142311061
IND,2020-12-03,1111698,143422759
IND,2020-12-04,1170102,144592861
IND,2020-12-05,1157763,145750624
IND,2020-12-06,1101063,146851687
IND,2020-12-07,801081,147652768
IND,2020-12-08,1026399,148679167
IND,2020-12-09,1022712,149701879
IND,2020-12-10,922959,150624838
IND,2020-12-11,0,150624838
IND,2020-12-12,0,150624838
IND,2020-12-13,1014434,151639272
IND,2020-12-14,855157,152494429
IND,2020-12-15,993665,153488094
IND,2020-12-16,1085625,154573719
IND,2020-12-17,1158960,155732679
IND,2020-12-18,1113406,156846085
IND,2020-12-19,1171868,158017953
IND,2020-12-20,1107681,159125634
IND,2020-12-21,900134,160025768
IND,2020-12-22,1072228,161097996
IND,2020-12-23,1098164,162196160
IND,2020-12-24,1039645,163235805
IND,2020-12-25,997396,164233201
IND,2020-12-26,853527,165086728
IND,2020-12-27,943368,166030096
IND,2020-12-28,715397,166745493
IND,2020-12-29,983695,167729188
IND,2020-12-30,1120281,168849469
IND,2020-12-31,1127244,169976713
IND,2021-01-01,1062420,171039133
IND,2021-01-02,829964,171869097
IND,2021-01-03,958125,172827222
IND,2021-01-04,735978,173563200
IND,2021-01-05,896236,174459436
IND,2021-01-06,931408,175390844
IND,2021-01-07,937590,176328434
IND,2021-01-08,935369,177263803
IND,2021-01-09,916951,178180754
IND,2021-01-10,843307,179024061
IND,2021-01-11,659209,179683270
IND,2021-01-12,897056,180580326
IND,2021-01-13,836227,181416553
IND,2021-01-14,743191,182159744
IND,2021-01-15,730096,182889840
IND,2021-01-16,803090,183692930
IND,2021-01-17,779377,184472307
IND,2021-01-18,548168,185020475
IND,2021-01-19,709791,185730266
IND,2021-01-20,764120,186494386
IND,2021-01-21,780835,187275221
IND,2021-01-22,800242,188075463
IND,2021-01-23,837095,188912558
IND,2021-01-24,781752,189694310
IND,2021-01-25,570246,190264556
IND,2021-01-26,725577,190990133
IND,2021-01-27,550426,191540559
IND,2021-01-28,725653,192266212
IND,2021-01-29,742306,193008518
IND,2021-01-30,756329,193764847
IND,2021-01-31,750964,194515811
IND,2021-02-01,504263,195020074
IND,2021-02-02,659422,195679496
IND,2021-02-03,721121,196400617
IND,2021-02-04,742841,197143458
IND,2021-02-05,715776,197859234
IND,2021-02-06,740794,198600028
IND,2021-02-07,695789,199295817
IND,2021-02-08,532236,199828053
IND,2021-02-09,687138,200515191
IND,2021-02-10,736903,201252094
IND,2021-02-11,699185,201951279
IND,2021-02-12,765944,202717223
IND,2021-02-13,743614,203460837
IND,2021-02-14,697114,204157951
IND,2021-02-15,486122,204644073
IND,2021-02-16,615664,205259737
IND,2021-02-17,644931,205904668
IND,2021-02-18,726562,206631230
IND,2021-02-19,771071,207402301
IND,2021-02-20,786618,208188919
IND,2021-02-21,670050,208858969
IND,2021-02-22,620216,209479185
IND,2021-02-23,678685,210157870
IND,2021-02-24,805844,210963714
IND,2021-02-25,793383,211757097
IND,2021-02-26,831807,212588904
IND,2021-02-27,773918,213362822
IND,2021-02-28,795723,214158545
IND,2021-03-01,627668,214786213
IND,2021-03-02,759283,215545496
IND,2021-03-03,785220,216330716
IND,2021-03-04,775631,217106347
IND,2021-03-05,761834,217868181
IND,2021-03-06,751935,218620116
IND,2021-03-07,737830,219357946
IND,2021-03-08,0,219357946
IND,2021-03-09,0,219357946
IND,2021-03-10,763081,220121027
IND,2021-03-11,778416,220899443
IND,2021-03-12,740345,221639788
IND,2021-03-13,840635,222480423
IND,2021-03-14,864368,223344791
IND,2021-03-15,703772,224048563
IND,2021-03-16,873350,224921913
IND,2021-03-17,969021,225890934
IND,2021-03-18,1063379,226954313
IND,2021-03-19,1057383,228011696
IND,2021-03-20,1060971,229072667
IND,2021-03-21,0,229072667
IND,2021-03-22,0,229072667
IND,2021-03-23,967459,230040126
IND,2021-03-24,1025628,231065754
IND,2021-03-25,1065021,232130775
IND,2021-03-26,1100756,233231531
IND,2021-03-27,1164915,234396446
IND,2021-03-28,1181289,235577735
IND,2021-03-29,913319,236491054
IND,2021-03-30,785864,237276918
IND,2021-03-31,1022915,238299833
IND,2021-04-01,1125681,239425514
IND,2021-04-02,1113966,240539480
IND,2021-04-03,1046605,241586085
IND,2021-04-04,1166716,242752801
IND,2021-04-05,893749,243646550
IND,2021-04-06,1211612,244858162
IND,2021-04-07,1208329,246066491
IND,2021-04-08,1237781,247304272
IND,2021-04-09,1364205,248668477
IND,2021-04-10,1173219,249841696
IND,2021-04-11,1412047,251253743
IND,2021-04-12,1180136,252433879
IND,2021-04-13,1400122,253834001
IND,2021-04-14,1411758,255245759
IND,2021-04-15,1384549,256630308
IND,2021-04-16,1473210,258103518
IND,2021-04-17,1495397,259598915
IND,2021-04-18,1566394,261165309
IND,2021-04-19,1356133,262521442
IND,2021-04-20,1519486,264040928
IND,2021-04-21,1639357,265680285
IND,2021-04-22,1651711,267331996
IND,2021-04-23,1740550,269072546
IND,2021-04-24,1753569,270826115
IND,2021-04-25,1719588,272545703
IND,2021-04-26,1402367,273948070
IND,2021-04-27,1658700,275606770
IND,2021-04-28,1723912,277330682
IND,2021-04-29,1768190,279098872
IND,2021-04-30,1920107,281018979
IND,2021-05-01,1945299,282964278
IND,2021-05-02,1804954,284769232
IND,2021-05-03,1504698,286273930
IND,2021-05-04,1663742,287937672
IND,2021-05-05,1541299,289478971
IND,2021-05-06,1923131,291402102
IND,2021-05-07,1826490,293228592
IND,2021-05-08,1808344,295036936
IND,2021-05-09,1865428,296902364
IND,2021-05-10,1474606,298376970
IND,2021-05-11,1850110,300227080
IND,2021-05-12,1983804,302210884
IND,2021-05-13,1864594,304075478
IND,2021-05-14,1875515,305950993
IND,2021-05-15,1693093,307644086
IND,2021-05-16,0,307644086
IND,2021-05-17,0,307644086
IND,2021-05-18,1869223,309513309
IND,2021-05-19,2008296,311521605
IND,2021-05-20,2055010,313576615
IND,2021-05-21,2061683,315638298
IND,2021-05-22,2066285,317704583
IND,2021-05-23,2123782,319828365
IND,2021-05-24,1928127,321756492
IND,2021-05-25,2058112,323814604
IND,2021-05-26,2217320,326031924
IND,2021-05-27,2157857,328189781
IND,2021-05-28,2070508,330260289
IND,2021-05-29,2080048,332340337
IND,2021-05-30,2063839,334404176
IND,2021-05-31,1683135,336087311
IND,2021-06-01,1925374,338012685
IND,2021-06-02,3265073,341277758
IND,2021-06-03,3725318,345003076
IND,2021-06-04,3651198,348654274
IND,2021-06-05,3740296,352394570
IND,2021-06-06,3572380,355966950
IND,2021-06-07,1587589,357554539
IND,2021-06-08,1873485,359428024
IND,2021-06-09,1985967,361413991
IND,2021-06-10,2004690,363418681
IND,2021-06-11,2044131,365462812
IND,2021-06-12,1989778,367452590
IND,2021-06-13,1900312,369352902
IND,2021-06-14,1492152,370845054
IND,2021-06-15,1751358,372596412
IND,2021-06-16,1930987,374527399
IND,2021-06-17,1931249,376458648
IND,2021-06-18,1929476,378388124
IND,2021-06-19,2039941,380428065
IND,2021-06-20,1811446,382239511
IND,2021-06-21,1388699,383628210
IND,2021-06-22,1664360,385292570
IND,2021-06-23,1901056,387193626
IND,2021-06-24,1859469,389053095
IND,2021-06-25,1735781,390788876
IND,2021-06-26,2243444,393032320
IND,2021-06-27,2453209,395485529
IND,2021-06-28,2106178,397591707
IND,2021-06-29,1768008,399359715
IDN,2020-03-16,0,0
IDN,2020-03-17,25,25
IDN,2020-03-18,0,25
IDN,2020-03-19,0,25
IDN,2020-03-20,247,272
IDN,2020-03-21,0,272
IDN,2020-03-22,0,272
IDN,2020-03-23,74,346
IDN,2020-03-24,380,726
IDN,2020-03-25,0,726
IDN,2020-03-26,0,726
IDN,2020-03-27,0,726
IDN,2020-03-28,1286,2012
IDN,2020-03-29,491,2503
IDN,2020-03-30,268,2771
IDN,2020-03-31,129,2900
IDN,2020-04-01,114,3014
IDN,2020-04-02,416,3430
IDN,2020-04-03,428,3858
IDN,2020-04-04,365,4223
IDN,2020-04-05,0,4223
IDN,2020-04-06,0,4223
IDN,2020-04-07,1973,6196
IDN,2020-04-08,1138,7334
IDN,2020-04-09,2277,9611
IDN,2020-04-10,2604,12215
IDN,2020-04-11,330,12545
IDN,2020-04-12,7293,19838
IDN,2020-04-13,316,20154
IDN,2020-04-14,4237,24391
IDN,2020-04-15,1373,25764
IDN,2020-04-16,1974,27738
IDN,2020-04-17,2159,29897
IDN,2020-04-18,2288,32185
IDN,2020-04-19,2797,34982
IDN,2020-04-20,1530,36512
IDN,2020-04-21,2424,38936
IDN,2020-04-22,1188,40124
IDN,2020-04-23,1286,41410
IDN,2020-04-24,1916,43326
IDN,2020-04-25,1978,45304
IDN,2020-04-26,4433,49737
IDN,2020-04-27,2435,52172
IDN,2020-04-28,3135,55307
IDN,2020-04-29,5240,60547
IDN,2020-04-30,4567,65114
IDN,2020-05-01,4187,69301
IDN,2020-05-02,3330,72631
IDN,2020-05-03,3144,75775
IDN,2020-05-04,3049,78824
IDN,2020-05-05,2863,81687
IDN,2020-05-06,4052,85739
IDN,2020-05-07,3741,89480
IDN,2020-05-08,6644,96124
IDN,2020-05-09,5338,101462
IDN,2020-05-10,4753,106215
IDN,2020-05-11,2906,109121
IDN,2020-05-12,3370,112491
IDN,2020-05-13,3844,116335
IDN,2020-05-14,4241,120576
IDN,2020-05-15,4247,124823
IDN,2020-05-16,3666,128489
IDN,2020-05-17,4753,133242
IDN,2020-05-18,2556,135798
IDN,2020-05-19,4764,140562
IDN,2020-05-20,6340,146902
IDN,2020-05-21,0,146902
IDN,2020-05-22,0,146902
IDN,2020-05-23,7066,153968
IDN,2020-05-24,3829,157797
IDN,2020-05-25,3328,161125
IDN,2020-05-26,5110,166235
IDN,2020-05-27,7216,173451
IDN,2020-05-28,5793,179244
IDN,2020-05-29,3939,183183
IDN,2020-05-30,11519,194702
IDN,2020-05-31,6855,201557
IDN,2020-06-01,8489,210046
IDN,2020-06-02,5834,215880
IDN,2020-06-03,8486,224366
IDN,2020-06-04,5303,229669
IDN,2020-06-05,5074,234743
IDN,2020-06-06,7930,242673
IDN,2020-06-07,4406,247079
IDN,2020-06-08,5284,252363
IDN,2020-06-09,7223,259586
IDN,2020-06-10,5825,265411
IDN,2020-06-11,7193,272604
IDN,2020-06-12,7476,280080
IDN,2020-06-13,11128,291208
IDN,2020-06-14,0,291208
IDN,2020-06-15,0,291208
IDN,2020-06-16,10119,301327
IDN,2020-06-17,8969,310296
IDN,2020-06-18,10381,320677
IDN,2020-06-19,7922,328599
IDN,2020-06-20,9937,338536
IDN,2020-06-21,6587,345123
IDN,2020-06-22,10012,355135
IDN,2020-06-23,8564,363699
IDN,2020-06-24,12238,375937
IDN,2020-06-25,13239,389176
IDN,2020-06-26,0,389176
IDN,2020-06-27,0,389176
IDN,2020-06-28,7067,396243
IDN,2020-06-29,9047,405290
IDN,2020-06-30,11635,416925
IDN,2020-07-01,15000,431925
IDN,2020-07-02,0,431925
IDN,2020-07-03,0,431925
IDN,2020-07-04,0,431925
IDN,2020-07-05,0,431925
IDN,2020-07-06,0,431925
IDN,2020-07-07,10675,442600
IDN,2020-07-08,0,442600
IDN,2020-07-09,0,442600
IDN,2020-07-10,9388,451988
IDN,2020-07-11,12625,464613
IDN,2020-07-12,10994,475607
IDN,2020-07-13,9062,484669
IDN,2020-07-14,0,484669
IDN,2020-07-15,0,484669
IDN,2020-07-16,12156,496825
IDN,2020-07-17,13994,510819
IDN,2020-07-18,13238,524057
IDN,2020-07-19,10195,534252
IDN,2020-07-20,13259,547511
IDN,2020-07-21,17347,564858
IDN,2020-07-22,11782,576640
IDN,2020-07-23,13331,589971
IDN,2020-07-24,14143,604114
IDN,2020-07-25,12158,616272
IDN,2020-07-26,7692,623964
IDN,2020-07-27,0,623964
IDN,2020-07-28,0,623964
IDN,2020-07-29,33081,657045
IDN,2020-07-30,14976,672021
IDN,2020-07-31,10536,682557
IDN,2020-08-01,9355,691912
IDN,2020-08-02,6458,698370
IDN,2020-08-03,12179,710549
IDN,2020-08-04,13456,724005
IDN,2020-08-05,14722,738727
IDN,2020-08-06,13602,752329
IDN,2020-08-07,15599,767928
IDN,2020-08-08,11692,779620
IDN,2020-08-09,8992,788612
IDN,2020-08-10,12299,800911
IDN,2020-08-11,13513,814424
IDN,2020-08-12,13698,828122
IDN,2020-08-13,14850,842972
IDN,2020-08-14,12728,855700
IDN,2020-08-15,12821,868521
IDN,2020-08-16,9218,877739
IDN,2020-08-17,7224,884963
IDN,2020-08-18,12409,897372
IDN,2020-08-19,14940,912312
IDN,2020-08-20,0,912312
IDN,2020-08-21,0,912312
IDN,2020-08-22,0,912312
IDN,2020-08-23,0,912312
IDN,2020-08-24,0,912312
IDN,2020-08-25,0,912312
IDN,2020-08-26,0,912312
IDN,2020-08-27,0,912312
IDN,2020-08-28,21018,933330
IDN,2020-08-29,16649,949979
IDN,2020-08-30,21166,971145
IDN,2020-08-31,11317,982462
IDN,2020-09-01,14566,997028
IDN,2020-09-02,15293,1012321
IDN,2020-09-03,40814,1053135
IDN,2020-09-04,18100,1071235
IDN,2020-09-05,0,1071235
IDN,2020-09-06,0,1071235
IDN,2020-09-07,16181,1087416
IDN,2020-09-08,0,1087416
IDN,2020-09-09,0,1087416
IDN,2020-09-10,15335,1102751
IDN,2020-09-11,20314,1123065
IDN,2020-09-12,28349,1151414
IDN,2020-09-13,24922,1176336
IDN,2020-09-14,26138,1202474
IDN,2020-09-15,42704,1245178
IDN,2020-09-16,0,1245178
IDN,2020-09-17,0,1245178
IDN,2020-09-18,29555,1274733
IDN,2020-09-19,24324,1299057
IDN,2020-09-20,21554,1320611
IDN,2020-09-21,19973,1340584
IDN,2020-09-22,24825,1365409
IDN,2020-09-23,56563,1421972
IDN,2020-09-24,34786,1456758
IDN,2020-09-25,26419,1483177
IDN,2020-09-26,25658,1508835
IDN,2020-09-27,20800,1529635
IDN,2020-09-28,27637,1557272
IDN,2020-09-29,27891,1585163
IDN,2020-09-30,30940,1616103
IDN,2020-10-01,30296,1646399
IDN,2020-10-02,26831,1673230
IDN,2020-10-03,0,1673230
IDN,2020-10-04,0,1673230
IDN,2020-10-05,22771,1696001
IDN,2020-10-06,26153,1722154
IDN,2020-10-07,32167,1754321
IDN,2020-10-08,32901,1787222
IDN,2020-10-09,39118,1826340
IDN,2020-10-10,33675,1860015
IDN,2020-10-11,22163,1882178
IDN,2020-10-12,33018,1915196
IDN,2020-10-13,40012,1955208
IDN,2020-10-14,37044,1992252
IDN,2020-10-15,34119,2026371
IDN,2020-10-16,30197,2056568
IDN,2020-10-17,25976,2082544
IDN,2020-10-18,22421,2104965
IDN,2020-10-19,25202,2130167
IDN,2020-10-20,29564,2159731
IDN,2020-10-21,30597,2190328
IDN,2020-10-22,33412,2223740
IDN,2020-10-23,32680,2256420
IDN,2020-10-24,0,2256420
IDN,2020-10-25,0,2256420
IDN,2020-10-26,18992,2275412
IDN,2020-10-27,47738,2323150
IDN,2020-10-28,27344,2350494
IDN,2020-10-29,25393,2375887
IDN,2020-10-30,23278,2399165
IDN,2020-10-31,27459,2426624
IDN,2020-11-01,17971,2444595
IDN,2020-11-02,20146,2464741
IDN,2020-11-03,22218,2486959
IDN,2020-11-04,28105,2515064
IDN,2020-11-05,31306,2546370
IDN,2020-11-06,29472,2575842
IDN,2020-11-07,29116,2604958
IDN,2020-11-08,20941,2625899
IDN,2020-11-09,24747,2650646
IDN,2020-11-10,32020,2682666
IDN,2020-11-11,37611,2720277
IDN,2020-11-12,36496,2756773
IDN,2020-11-13,37892,2794665
IDN,2020-11-14,0,2794665
IDN,2020-11-15,0,2794665
IDN,2020-11-16,25396,2820061
IDN,2020-11-17,27570,2847631
IDN,2020-11-18,74453,2922084
IDN,2020-11-19,41222,2963306
IDN,2020-11-20,39204,3002510
IDN,2020-11-21,30568,3033078
IDN,2020-11-22,26535,3059613
IDN,2020-11-23,27334,3086947
IDN,2020-11-24,27768,3114715
IDN,2020-11-25,43720,3158435
IDN,2020-11-26,38162,3196597
IDN,2020-11-27,39435,3236032
IDN,2020-11-28,37299,3273331
IDN,2020-11-29,31021,3304352
IDN,2020-11-30,29839,3334191
IDN,2020-12-01,37692,3371883
IDN,2020-12-02,41861,3413744
IDN,2020-12-03,0,3413744
IDN,2020-12-04,0,3413744
IDN,2020-12-05,0,3413744
IDN,2020-12-06,0,3413744
IDN,2020-12-07,0,3413744
IDN,2020-12-08,0,3413744
IDN,2020-12-09,0,3413744
IDN,2020-12-10,0,3413744
IDN,2020-12-11,0,3413744
IDN,2020-12-12,0,3413744
IDN,2020-12-13,0,3413744
IDN,2020-12-14,0,3413744
IDN,2020-12-15,0,3413744
IDN,2020-12-16,0,3413744
IDN,2020-12-17,36592,3450336
IDN,2020-12-18,43461,3493797
IDN,2020-12-19,38514,3532311
IDN,2020-12-20,41914,3574225
IDN,2020-12-21,28837,3603062
IDN,2020-12-22,24753,3627815
IDN,2020-12-23,30768,3658583
IDN,2020-12-24,33554,3692137
IDN,2020-12-25,40082,3732219
IDN,2020-12-26,35131,3767350
IDN,2020-12-27,31232,3798582
IDN,2020-12-28,29425,3828007
IDN,2020-12-29,26630,3854637
IDN,2020-12-30,87194,3941831
IDN,2020-12-31,37265,3979096
IDN,2021-01-01,27401,4006497
IDN,2021-01-02,24379,4030876
IDN,2021-01-03,27778,4058654
IDN,2021-01-04,30671,4089325
IDN,2021-01-05,38309,4127634
IDN,2021-01-06,44734,4172368
IDN,2021-01-07,44791,4217159
IDN,2021-01-08,42605,4259764
IDN,2021-01-09,39508,4299272
IDN,2021-01-10,31743,4331015
IDN,2021-01-11,0,4331015
IDN,2021-01-12,0,4331015
IDN,2021-01-13,40548,4371563
IDN,2021-01-14,46977,4418540
IDN,2021-01-15,46097,4464637
IDN,2021-01-16,49466,4514103
IDN,2021-01-17,79728,4593831
IDN,2021-01-18,32381,4626212
IDN,2021-01-19,43471,4669683
IDN,2021-01-20,43748,4713431
IDN,2021-01-21,0,4713431
IDN,2021-01-22,0,4713431
IDN,2021-01-23,42987,4756418
IDN,2021-01-24,35456,4791874
IDN,2021-01-25,34580,4826454
IDN,2021-01-26,48097,4874551
IDN,2021-01-27,46491,4921042
IDN,2021-01-28,54114,4975156
IDN,2021-01-29,52419,5027575
IDN,2021-01-30,40629,5068204
IDN,2021-01-31,33162,5101366
IDN,2021-02-01,31893,5133259
IDN,2021-02-02,42944,5176203
IDN,2021-02-03,46893,5223096
IDN,2021-02-04,0,5223096
IDN,2021-02-05,0,5223096
IDN,2021-02-06,0,5223096
IDN,2021-02-07,0,5223096
IDN,2021-02-08,0,5223096
IDN,2021-02-09,0,5223096
IDN,2021-02-10,0,5223096
IDN,2021-02-11,0,5223096
IDN,2021-02-12,0,5223096
IDN,2021-02-13,0,5223096
IDN,2021-02-14,0,5223096
IDN,2021-02-15,19641,5242737
IDN,2021-02-16,26156,5268893
IDN,2021-02-17,9991,5278884
IDN,2021-02-18,35315,5314199
IDN,2021-02-19,71814,5386013
IDN,2021-02-20,32170,5418183
IDN,2021-02-21,29309,5447492
IDN,2021-02-22,43273,5490765
IDN,2021-02-23,55576,5546341
IDN,2021-02-24,52476,5598817
IDN,2021-02-25,50019,5648836
IDN,2021-02-26,39766,5688602
IDN,2021-02-27,31394,5719996
IDN,2021-02-28,21229,5741225
IDN,2021-03-01,18940,5760165
IDN,2021-03-02,29990,5790155
IDN,2021-03-03,47667,5837822
IDN,2021-03-04,38496,5876318
IDN,2021-03-05,0,5876318
IDN,2021-03-06,0,5876318
IDN,2021-03-07,3002,5879320
IDN,2021-03-08,0,5879320
IDN,2021-03-09,0,5879320
IDN,2021-03-10,0,5879320
IDN,2021-03-11,0,5879320
IDN,2021-03-12,0,5879320
IDN,2021-03-13,0,5879320
IDN,2021-03-14,0,5879320
IDN,2021-03-15,0,5879320
IDN,2021-03-16,0,5879320
IDN,2021-03-17,0,5879320
IDN,2021-03-18,0,5879320
IDN,2021-03-19,0,5879320
IDN,2021-03-20,0,5879320
IDN,2021-03-21,0,5879320
IDN,2021-03-22,0,5879320
IDN,2021-03-23,0,5879320
IDN,2021-03-24,0,5879320
IDN,2021-03-25,53162,5932482
IDN,2021-03-26,0,5932482
IDN,2021-03-27,0,5932482
IDN,2021-03-28,30638,5963120
IDN,2021-03-29,39042,6002162
IDN,2021-03-30,48287,6050449
IDN,2021-03-31,45714,6096163
IDN,2021-04-01,54766,6150929
IDN,2021-04-02,41406,6192335
IDN,2021-04-03,36045,6228380
IDN,2021-04-04,33881,6262261
IDN,2021-04-05,38347,6300608
IDN,2021-04-06,49759,6350367
IDN,2021-04-07,53457,6403824
IDN,2021-04-08,54253,6458077
IDN,2021-04-09,48180,6506257
IDN,2021-04-10,43707,6549964
IDN,2021-04-11,30918,6580882
IDN,2021-04-12,34434,6615316
IDN,2021-04-13,50641,6665957
IDN,2021-04-14,44286,6710243
IDN,2021-04-15,0,6710243
IDN,2021-04-16,0,6710243
IDN,2021-04-17,0,6710243
IDN,2021-04-18,0,6710243
IDN,2021-04-19,37267,6747510
IDN,2021-04-20,48107,6795617
IDN,2021-04-21,47048,6842665
IDN,2021-04-22,55681,6898346
IDN,2021-04-23,41559,6939905
IDN,2021-04-24,42263,6982168
IDN,2021-04-25,32525,7014693
IDN,2021-04-26,36867,7051560
IDN,2021-04-27,51895,7103455
IDN,2021-04-28,41057,7144512
IDN,2021-04-29,55483,7199995
IDN,2021-04-30,51664,7251659
IDN,2021-05-01,41722,7293381
IDN,2021-05-02,32389,7325770
IDN,2021-05-03,35713,7361483
IDN,2021-05-04,51536,7413019
IDN,2021-05-05,51176,7464195
IDN,2021-05-06,50122,7514317
IDN,2021-05-07,46635,7560952
IDN,2021-05-08,44705,7605657
IDN,2021-05-09,30249,7635906
IDN,2021-05-10,31963,7667869
IDN,2021-05-11,45090,7712959
IDN,2021-05-12,38640,7751599
IDN,2021-05-13,21713,7773312
IDN,2021-05-14,15945,7789257
IDN,2021-05-15,22519,7811776
IDN,2021-05-16,27640,7839416
IDN,2021-05-17,36988,7876404
IDN,2021-05-18,43504,7919908
IDN,2021-05-19,53158,7973066
IDN,2021-05-20,55741,8028807
IDN,2021-05-21,71775,8100582
IDN,2021-05-22,0,8100582
IDN,2021-05-23,0,8100582
IDN,2021-05-24,54406,8154988
IDN,2021-05-25,61861,8216849
IDN,2021-05-26,56318,8273167
IDN,2021-05-27,62386,8335553
IDN,2021-05-28,73092,8408645
IDN,2021-05-29,71834,8480479
IDN,2021-05-30,52132,8532611
IDN,2021-05-31,53491,8586102
IDN,2021-06-01,51600,8637702
IDN,2021-06-02,49731,8687433
IDN,2021-06-03,58367,8745800
IDN,2021-06-04,65207,8811007
IDN,2021-06-05,56772,8867779
IDN,2021-06-06,49240,8917019
IDN,2021-06-07,51495,8968514
IDN,2021-06-08,69184,9037698
IDN,2021-06-09,0,9037698
IDN,2021-06-10,0,9037698
IDN,2021-06-11,74185,9111883
IDN,2021-06-12,63164,9175047
IDN,2021-06-13,48350,9223397
IDN,2021-06-14,52713,9276110
IDN,2021-06-15,59153,9335263
IDN,2021-06-16,42072,9377335
IDN,2021-06-17,79322,9456657
IDN,2021-06-18,73805,9530462
IDN,2021-06-19,75605,9606067
IDN,2021-06-20,60229,9666296
IDN,2021-06-21,62361,9728657
IDN,2021-06-22,70742,9799399
IDN,2021-06-23,74391,9873790
IDN,2021-06-24,0,9873790
IDN,2021-06-25,0,9873790
IDN,2021-06-26,98274,9972064
IDN,2021-06-27,79533,10051597
IDN,2021-06-28,80308,10131905
IRN,2020-04-05,0,0
IRN,2020-04-06,0,0
IRN,2020-04-07,0,0
IRN,2020-04-08,0,0
IRN,2020-04-09,10418,10418
IRN,2020-04-10,11175,21593
IRN,2020-04-11,9135,30728
IRN,2020-04-12,11685,42413
IRN,2020-04-13,0,42413
IRN,2020-04-14,0,42413
IRN,2020-04-15,11845,54258
IRN,2020-04-16,11136,65394
IRN,2020-04-17,9539,74933
IRN,2020-04-18,10258,85191
IRN,2020-04-19,11525,96716
IRN,2020-04-20,11350,108066
IRN,2020-04-21,12711,120777
IRN,2020-04-22,0,120777
IRN,2020-04-23,0,120777
IRN,2020-04-24,10420,131197
IRN,2020-04-25,10148,141345
IRN,2020-04-26,11238,152583
IRN,2020-04-27,11016,163599
IRN,2020-04-28,0,163599
IRN,2020-04-29,0,163599
IRN,2020-04-30,9909,173508
IRN,2020-05-01,11728,185236
IRN,2020-05-02,9518,194754
IRN,2020-05-03,11732,206486
IRN,2020-05-04,12015,218501
IRN,2020-05-05,11255,229756
IRN,2020-05-06,11732,241488
IRN,2020-05-07,13517,255005
IRN,2020-05-08,14107,269112
IRN,2020-05-09,0,269112
IRN,2020-05-10,0,269112
IRN,2020-05-11,0,269112
IRN,2020-05-12,0,269112
IRN,2020-05-13,14057,283169
IRN,2020-05-14,14238,297407
IRN,2020-05-15,14832,312239
IRN,2020-05-16,14075,326314
IRN,2020-05-17,14256,340570
IRN,2020-05-18,14705,355275
IRN,2020-05-19,14536,369811
IRN,2020-05-20,15037,384848
IRN,2020-05-21,14832,399680
IRN,2020-05-22,17868,417548
IRN,2020-05-23,17373,434921
IRN,2020-05-24,19233,454154
IRN,2020-05-25,18398,472552
IRN,2020-05-26,18173,490725
IRN,2020-05-27,19456,510181
IRN,2020-05-28,0,510181
IRN,2020-05-29,0,510181
IRN,2020-05-30,19427,529608
IRN,2020-05-31,19896,549504
IRN,2020-06-01,19971,569475
IRN,2020-06-02,20071,589546
IRN,2020-06-03,21073,610619
IRN,2020-06-04,22353,632972
IRN,2020-06-05,20927,653899
IRN,2020-06-06,19837,673736
IRN,2020-06-07,24731,698467
IRN,2020-06-08,0,698467
IRN,2020-06-09,0,698467
IRN,2020-06-10,22431,720898
IRN,2020-06-11,0,720898
IRN,2020-06-12,0,720898
IRN,2020-06-13,22453,743351
IRN,2020-06-14,24674,768025
IRN,2020-06-15,25120,793145
IRN,2020-06-16,24415,817560
IRN,2020-06-17,26311,843871
IRN,2020-06-18,24679,868550
IRN,2020-06-19,26119,894669
IRN,2020-06-20,24957,919626
IRN,2020-06-21,26732,946358
IRN,2020-06-22,27013,973371
IRN,2020-06-23,25911,999282
IRN,2020-06-24,27194,1026476
IRN,2020-06-25,27912,1054388
IRN,2020-06-26,27435,1081823
IRN,2020-06-27,25670,1107493
IRN,2020-06-28,27327,1134820
IRN,2020-06-29,28209,1163029
IRN,2020-06-30,0,1163029
IRN,2020-07-01,0,1163029
IRN,2020-07-02,0,1163029
IRN,2020-07-03,0,1163029
IRN,2020-07-04,24562,1187591
IRN,2020-07-05,25207,1212798
IRN,2020-07-06,25276,1238074
IRN,2020-07-07,26790,1264864
IRN,2020-07-08,25598,1290462
IRN,2020-07-09,25412,1315874
IRN,2020-07-10,24698,1340572
IRN,2020-07-11,24613,1365185
IRN,2020-07-12,25093,1390278
IRN,2020-07-13,25760,1416038
IRN,2020-07-14,25112,1441150
IRN,2020-07-15,24970,1466120
IRN,2020-07-16,25742,1491862
IRN,2020-07-17,25194,1517056
IRN,2020-07-18,24533,1541589
IRN,2020-07-19,25481,1567070
IRN,2020-07-20,26218,1593288
IRN,2020-07-21,26741,1620029
IRN,2020-07-22,26319,1646348
IRN,2020-07-23,25846,1672194
IRN,2020-07-24,24261,1696455
IRN,2020-07-25,0,1696455
IRN,2020-07-26,0,1696455
IRN,2020-07-27,0,1696455
IRN,2020-07-28,0,1696455
IRN,2020-07-29,25740,1722195
IRN,2020-07-30,0,1722195
IRN,2020-07-31,0,1722195
IRN,2020-08-01,25644,1747839
IRN,2020-08-02,25865,1773704
IRN,2020-08-03,26240,1799944
IRN,2020-08-04,25716,1825660
IRN,2020-08-05,26709,1852369
IRN,2020-08-06,0,1852369
IRN,2020-08-07,0,1852369
IRN,2020-08-08,24390,1876759
IRN,2020-08-09,24533,1901292
IRN,2020-08-10,25319,1926611
IRN,2020-08-11,24697,1951308
IRN,2020-08-12,26711,1978019
IRN,2020-08-13,0,1978019
IRN,2020-08-14,0,1978019
IRN,2020-08-15,23764,2001783
IRN,2020-08-16,25573,2027356
IRN,2020-08-17,26113,2053469
IRN,2020-08-18,26111,2079580
IRN,2020-08-19,25791,2105371
IRN,2020-08-20,23901,2129272
IRN,2020-08-21,0,2129272
IRN,2020-08-22,0,2129272
IRN,2020-08-23,25401,2154673
IRN,2020-08-24,25711,2180384
IRN,2020-08-25,25891,2206275
IRN,2020-08-26,25493,2231768
IRN,2020-08-27,24976,2256744
IRN,2020-08-28,23112,2279856
IRN,2020-08-29,0,2279856
IRN,2020-08-30,0,2279856
IRN,2020-08-31,23841,2303697
IRN,2020-09-01,25012,2328709
IRN,2020-09-02,25839,2354548
IRN,2020-09-03,25422,2379970
IRN,2020-09-04,0,2379970
IRN,2020-09-05,0,2379970
IRN,2020-09-06,0,2379970
IRN,2020-09-07,0,2379970
IRN,2020-09-08,25591,2405561
IRN,2020-09-09,26097,2431658
IRN,2020-09-10,0,2431658
IRN,2020-09-11,0,2431658
IRN,2020-09-12,24936,2456594
IRN,2020-09-13,26691,2483285
IRN,2020-09-14,27283,2510568
IRN,2020-09-15,0,2510568
IRN,2020-09-16,0,2510568
IRN,2020-09-17,0,2510568
IRN,2020-09-18,0,2510568
IRN,2020-09-19,0,2510568
IRN,2020-09-20,0,2510568
IRN,2020-09-21,0,2510568
IRN,2020-09-22,27319,2537887
IRN,2020-09-23,27711,2565598
IRN,2020-09-24,0,2565598
IRN,2020-09-25,0,2565598
IRN,2020-09-26,0,2565598
IRN,2020-09-27,0,2565598
IRN,2020-09-28,0,2565598
IRN,2020-09-29,26937,2592535
IRN,2020-09-30,28101,2620636
IRN,2020-10-01,0,2620636
IRN,2020-10-02,0,2620636
IRN,2020-10-03,0,2620636
IRN,2020-10-04,0,2620636
IRN,2020-10-05,0,2620636
IRN,2020-10-06,0,2620636
IRN,2020-10-07,92186,2712822
IRN,2020-10-08,0,2712822
IRN,2020-10-09,0,2712822
IRN,2020-10-10,0,2712822
IRN,2020-10-11,0,2712822
IRN,2020-10-12,28317,2741139
IRN,2020-10-13,28791,2769930
IRN,2020-10-14,29101,2799031
IRN,2020-10-15,28056,2827087
IRN,2020-10-16,0,2827087
IRN,2020-10-17,0,2827087
IRN,2020-10-18,0,2827087
IRN,2020-10-19,29301,2856388
IRN,2020-10-20,29788,2886176
IRN,2020-10-21,29311,2915487
IRN,2020-10-22,29312,2944799
IRN,2020-10-23,29861,2974660
IRN,2020-10-24,0,2974660
IRN,2020-10-25,0,2974660
IRN,2020-10-26,0,2974660
IRN,2020-10-27,67172,3041832
IRN,2020-10-28,34912,3076744
IRN,2020-10-29,0,3076744
IRN,2020-10-30,0,3076744
IRN,2020-10-31,71613,3148357
IRN,2020-11-01,36321,3184678
IRN,2020-11-02,0,3184678
IRN,2020-11-03,0,3184678
IRN,2020-11-04,71612,3256290
IRN,2020-11-05,37718,3294008
IRN,2020-11-06,0,3294008
IRN,2020-11-07,0,3294008
IRN,2020-11-08,38891,3332899
IRN,2020-11-09,38921,3371820
IRN,2020-11-10,39027,3410847
IRN,2020-11-11,0,3410847
IRN,2020-11-12,0,3410847
IRN,2020-11-13,0,3410847
IRN,2020-11-14,0,3410847
IRN,2020-11-15,40897,3451744
IRN,2020-11-16,40356,3492100
IRN,2020-11-17,40697,3532797
IRN,2020-11-18,40490,3573287
IRN,2020-11-19,40907,3614194
IRN,2020-11-20,0,3614194
IRN,2020-11-21,0,3614194
IRN,2020-11-22,0,3614194
IRN,2020-11-23,0,3614194
IRN,2020-11-24,42791,3656985
IRN,2020-11-25,42131,3699116
IRN,2020-11-26,42495,3741611
IRN,2020-11-27,0,3741611
IRN,2020-11-28,0,3741611
IRN,2020-11-29,0,3741611
IRN,2020-11-30,0,3741611
IRN,2020-12-01,43289,3784900
IRN,2020-12-02,0,3784900
IRN,2020-12-03,0,3784900
IRN,2020-12-04,0,3784900
IRN,2020-12-05,44190,3829090
IRN,2020-12-06,44391,3873481
IRN,2020-12-07,45209,3918690
IRN,2020-12-08,0,3918690
IRN,2020-12-09,0,3918690
IRN,2020-12-10,45333,3964023
IRN,2020-12-11,0,3964023
IRN,2020-12-12,0,3964023
IRN,2020-12-13,0,3964023
IRN,2020-12-14,0,3964023
IRN,2020-12-15,0,3964023
IRN,2020-12-16,0,3964023
IRN,2020-12-17,0,3964023
IRN,2020-12-18,0,3964023
IRN,2020-12-19,0,3964023
IRN,2020-12-20,0,3964023
IRN,2020-12-21,51109,4015132
IRN,2020-12-22,0,4015132
IRN,2020-12-23,0,4015132
IRN,2020-12-24,0,4015132
IRN,2020-12-25,0,4015132
IRN,2020-12-26,0,4015132
IRN,2020-12-27,0,4015132
IRN,2020-12-28,0,4015132
IRN,2020-12-29,0,4015132
IRN,2020-12-30,53412,4068544
IRN,2020-12-31,53721,4122265
IRN,2021-01-01,49601,4171866
IRN,2021-01-02,0,4171866
IRN,2021-01-03,0,4171866
IRN,2021-01-04,0,4171866
IRN,2021-01-05,0,4171866
IRN,2021-01-06,54217,4226083
IRN,2021-01-07,53869,4279952
IRN,2021-01-08,0,4279952
IRN,2021-01-09,0,4279952
IRN,2021-01-10,0,4279952
IRN,2021-01-11,0,4279952
IRN,2021-01-12,54191,4334143
IRN,2021-01-13,0,4334143
IRN,2021-01-14,0,4334143
IRN,2021-01-15,0,4334143
IRN,2021-01-16,0,4334143
IRN,2021-01-17,0,4334143
IRN,2021-01-18,52819,4386962
IRN,2021-01-19,54427,4441389
IRN,2021-01-20,54179,4495568
IRN,2021-01-21,55219,4550787
IRN,2021-01-22,52913,4603700
IRN,2021-01-23,53417,4657117
IRN,2021-01-24,54812,4711929
IRN,2021-01-25,55093,4767022
IRN,2021-01-26,55190,4822212
IRN,2021-01-27,0,4822212
IRN,2021-01-28,0,4822212
IRN,2021-01-29,0,4822212
IRN,2021-01-30,0,4822212
IRN,2021-01-31,0,4822212
IRN,2021-02-01,54971,4877183
IRN,2021-02-02,54708,4931891
IRN,2021-02-03,54691,4986582
IRN,2021-02-04,55272,5041854
IRN,2021-02-05,0,5041854
IRN,2021-02-06,0,5041854
IRN,2021-02-07,0,5041854
IRN,2021-02-08,0,5041854
IRN,2021-02-09,0,5041854
IRN,2021-02-10,0,5041854
IRN,2021-02-11,0,5041854
IRN,2021-02-12,0,5041854
IRN,2021-02-13,0,5041854
IRN,2021-02-14,0,5041854
IRN,2021-02-15,56209,5098063
IRN,2021-02-16,0,5098063
IRN,2021-02-17,0,5098063
IRN,2021-02-18,0,5098063
IRN,2021-02-19,0,5098063
IRN,2021-02-20,0,5098063
IRN,2021-02-21,0,5098063
IRN,2021-02-22,0,5098063
IRN,2021-02-23,0,5098063
IRN,2021-02-24,0,5098063
IRN,2021-02-25,0,5098063
IRN,2021-02-26,0,5098063
IRN,2021-02-27,0,5098063
IRN,2021-02-28,0,5098063
IRN,2021-03-01,0,5098063
IRN,2021-03-02,0,5098063
IRN,2021-03-03,0,5098063
IRN,2021-03-04,0,5098063
IRN,2021-03-05,0,5098063
IRN,2021-03-06,0,5098063
IRN,2021-03-07,0,5098063
IRN,2021-03-08,0,5098063
IRN,2021-03-09,0,5098063
IRN,2021-03-10,0,5098063
IRN,2021-03-11,0,5098063
IRN,2021-03-12,0,5098063
IRN,2021-03-13,0,5098063
IRN,2021-03-14,0,5098063
IRN,2021-03-15,0,5098063
IRN,2021-03-16,0,5098063
IRN,2021-03-17,0,5098063
IRN,2021-03-18,0,5098063
IRN,2021-03-19,0,5098063
IRN,2021-03-20,0,5098063
IRN,2021-03-21,0,5098063
IRN,2021-03-22,0,5098063
IRN,2021-03-23,0,5098063
IRN,2021-03-24,0,5098063
IRN,2021-03-25,0,5098063
IRN,2021-03-26,0,5098063
IRN,2021-03-27,0,5098063
IRN,2021-03-28,68420,5166483
IRN,2021-03-29,64548,5231031
IRN,2021-03-30,68429,5299460
IRN,2021-03-31,70450,5369910
IRN,2021-04-01,71470,5441380
IRN,2021-04-02,70461,5511841
IRN,2021-04-03,74931,5586772
IRN,2021-04-04,72409,5659181
IRN,2021-04-05,72591,5731772
IRN,2021-04-06,0,5731772
IRN,2021-04-07,0,5731772
IRN,2021-04-08,0,5731772
IRN,2021-04-09,0,5731772
IRN,2021-04-10,0,5731772
IRN,2021-04-11,0,5731772
IRN,2021-04-12,0,5731772
IRN,2021-04-13,0,5731772
IRN,2021-04-14,0,5731772
IRN,2021-04-15,0,5731772
IRN,2021-04-16,0,5731772
IRN,2021-04-17,0,5731772
IRN,2021-04-18,0,5731772
IRN,2021-04-19,0,5731772
IRN,2021-04-20,0,5731772
IRN,2021-04-21,0,5731772
IRN,2021-04-22,0,5731772
IRN,2021-04-23,0,5731772
IRN,2021-04-24,0,5731772
IRN,2021-04-25,0,5731772
IRN,2021-04-26,0,5731772
IRN,2021-04-27,121490,5853262
IRN,2021-04-28,0,5853262
IRN,2021-04-29,0,5853262
IRN,2021-04-30,0,5853262
IRN,2021-05-01,0,5853262
IRN,2021-05-02,0,5853262
IRN,2021-05-03,0,5853262
IRN,2021-05-04,0,5853262
IRN,2021-05-05,0,5853262
IRN,2021-05-06,0,5853262
IRN,2021-05-07,0,5853262
IRN,2021-05-08,0,5853262
IRN,2021-05-09,0,5853262
IRN,2021-05-10,0,5853262
IRN,2021-05-11,0,5853262
IRN,2021-05-12,0,5853262
IRN,2021-05-13,0,5853262
IRN,2021-05-14,0,5853262
IRN,2021-05-15,0,5853262
IRN,2021-05-16,0,5853262
IRN,2021-05-17,0,5853262
IRN,2021-05-18,0,5853262
IRN,2021-05-19,0,5853262
IRN,2021-05-20,0,5853262
IRN,2021-05-21,0,5853262
IRN,2021-05-22,0,5853262
IRN,2021-05-23,0,5853262
IRN,2021-05-24,0,5853262
IRN,2021-05-25,0,5853262
IRN,2021-05-26,0,5853262
IRN,2021-05-27,0,5853262
IRN,2021-05-28,0,5853262
IRN,2021-05-29,0,5853262
IRN,2021-05-30,0,5853262
IRN,2021-05-31,0,5853262
IRN,2021-06-01,0,5853262
IRN,2021-06-02,0,5853262
IRN,2021-06-03,0,5853262
IRN,2021-06-04,0,5853262
IRN,2021-06-05,0,5853262
IRN,2021-06-06,0,5853262
IRN,2021-06-07,0,5853262
IRN,2021-06-08,0,5853262
IRN,2021-06-09,0,5853262
IRN,2021-06-10,0,5853262
IRN,2021-06-11,0,5853262
IRN,2021-06-12,0,5853262
IRN,2021-06-13,0,5853262
IRN,2021-06-14,0,5853262
IRN,2021-06-15,0,5853262
IRN,2021-06-16,123901,5977163
IRN,2021-06-17,0,5977163
IRN,2021-06-18,0,5977163
IRN,2021-06-19,0,5977163
IRN,2021-06-20,0,5977163
IRN,2021-06-21,0,5977163
IRN,2021-06-22,0,5977163
IRN,2021-06-23,0,5977163
IRN,2021-06-24,0,5977163
IRN,2021-06-25,0,5977163
IRN,2021-06-26,0,5977163
IRN,2021-06-27,0,5977163
IRN,2021-06-28,0,5977163
IRQ,2020-04-07,0,0
IRQ,2020-04-08,2083,2083
IRQ,2020-04-09,2052,4135
IRQ,2020-04-10,1692,5827
IRQ,2020-04-11,1731,7558
IRQ,2020-04-12,1526,9084
IRQ,2020-04-13,2376,11460
IRQ,2020-04-14,7646,19106
IRQ,2020-04-15,698,19804
IRQ,2020-04-16,3125,22929
IRQ,2020-04-17,2477,25406
IRQ,2020-04-18,2218,27624
IRQ,2020-04-19,2192,29816
IRQ,2020-04-20,2908,32724
IRQ,2020-04-21,1782,34506
IRQ,2020-04-22,2043,36549
IRQ,2020-04-23,2002,38551
IRQ,2020-04-24,2411,40962
IRQ,2020-04-25,931,41893
IRQ,2020-04-26,3247,45140
IRQ,2020-04-27,2311,47451
IRQ,2020-04-28,4648,52099
IRQ,2020-04-29,8278,60377
IRQ,2020-04-30,5353,65730
IRQ,2020-05-01,3338,69068
IRQ,2020-05-02,2854,71922
IRQ,2020-05-03,0,71922
IRQ,2020-05-04,0,71922
IRQ,2020-05-05,5898,77820
IRQ,2020-05-06,4242,82062
IRQ,2020-05-07,2878,84940
IRQ,2020-05-08,2337,87277
IRQ,2020-05-09,1979,89256
IRQ,2020-05-10,2233,91489
IRQ,2020-05-11,2548,94037
IRQ,2020-05-12,2756,96793
IRQ,2020-05-13,4183,100976
IRQ,2020-05-14,3933,104909
IRQ,2020-05-15,2921,107830
IRQ,2020-05-16,3100,110930
IRQ,2020-05-17,3107,114037
IRQ,2020-05-18,3520,117557
IRQ,2020-05-19,4441,121998
IRQ,2020-05-20,5947,127945
IRQ,2020-05-21,0,127945
IRQ,2020-05-22,0,127945
IRQ,2020-05-23,0,127945
IRQ,2020-05-24,0,127945
IRQ,2020-05-25,0,127945
IRQ,2020-05-26,0,127945
IRQ,2020-05-27,0,127945
IRQ,2020-05-28,0,127945
IRQ,2020-05-29,0,127945
IRQ,2020-05-30,0,127945
IRQ,2020-05-31,0,127945
IRQ,2020-06-01,10495,138440
IRQ,2020-06-02,13463,151903
IRQ,2020-06-03,8585,160488
IRQ,2020-06-04,11960,172448
IRQ,2020-06-05,9642,182090
IRQ,2020-06-06,12543,194633
IRQ,2020-06-07,8609,203242
IRQ,2020-06-08,8927,212169
IRQ,2020-06-09,10711,222880
IRQ,2020-06-10,7835,230715
IRQ,2020-06-11,9342,240057
IRQ,2020-06-12,9757,249814
IRQ,2020-06-13,10325,260139
IRQ,2020-06-14,9920,270059
IRQ,2020-06-15,10135,280194
IRQ,2020-06-16,10330,290524
IRQ,2020-06-17,13053,303577
IRQ,2020-06-18,10578,314155
IRQ,2020-06-19,11226,325381
IRQ,2020-06-20,10022,335403
IRQ,2020-06-21,10027,345430
IRQ,2020-06-22,10075,355505
IRQ,2020-06-23,10672,366177
IRQ,2020-06-24,11445,377622
IRQ,2020-06-25,11370,388992
IRQ,2020-06-26,11920,400912
IRQ,2020-06-27,9630,410542
IRQ,2020-06-28,10595,421137
IRQ,2020-06-29,11172,432309
IRQ,2020-06-30,12425,444734
IRQ,2020-07-01,11378,456112
IRQ,2020-07-02,11762,467874
IRQ,2020-07-03,12176,480050
IRQ,2020-07-04,9516,489566
IRQ,2020-07-05,11711,501277
IRQ,2020-07-06,11519,512796
IRQ,2020-07-07,11813,524609
IRQ,2020-07-08,12807,537416
IRQ,2020-07-09,11809,549225
IRQ,2020-07-10,12054,561279
IRQ,2020-07-11,10388,571667
IRQ,2020-07-12,11154,582821
IRQ,2020-07-13,15380,598201
IRQ,2020-07-14,0,598201
IRQ,2020-07-15,0,598201
IRQ,2020-07-16,0,598201
IRQ,2020-07-17,0,598201
IRQ,2020-07-18,15229,613430
IRQ,2020-07-19,15737,629167
IRQ,2020-07-20,16498,645665
IRQ,2020-07-21,16280,661945
IRQ,2020-07-22,18416,680361
IRQ,2020-07-23,16947,697308
IRQ,2020-07-24,0,697308
IRQ,2020-07-25,0,697308
IRQ,2020-07-26,0,697308
IRQ,2020-07-27,17141,714449
IRQ,2020-07-28,16922,731371
IRQ,2020-07-29,18556,749927
IRQ,2020-07-30,18018,767945
IRQ,2020-07-31,17634,785579
IRQ,2020-08-01,13791,799370
IRQ,2020-08-02,14399,813769
IRQ,2020-08-03,13647,827416
IRQ,2020-08-04,16813,844229
IRQ,2020-08-05,16531,860760
IRQ,2020-08-06,16591,877351
IRQ,2020-08-07,17517,894868
IRQ,2020-08-08,17125,911993
IRQ,2020-08-09,18003,929996
IRQ,2020-08-10,19663,949659
IRQ,2020-08-11,18901,968560
IRQ,2020-08-12,19933,988493
IRQ,2020-08-13,21026,1009519
IRQ,2020-08-14,20446,1029965
IRQ,2020-08-15,18295,1048260
IRQ,2020-08-16,19278,1067538
IRQ,2020-08-17,21403,1088941
IRQ,2020-08-18,20772,1109713
IRQ,2020-08-19,20356,1130069
IRQ,2020-08-20,0,1130069
IRQ,2020-08-21,0,1130069
IRQ,2020-08-22,0,1130069
IRQ,2020-08-23,19679,1149748
IRQ,2020-08-24,0,1149748
IRQ,2020-08-25,0,1149748
IRQ,2020-08-26,20359,1170107
IRQ,2020-08-27,0,1170107
IRQ,2020-08-28,0,1170107
IRQ,2020-08-29,0,1170107
IRQ,2020-08-30,0,1170107
IRQ,2020-08-31,18578,1188685
IRQ,2020-09-01,18427,1207112
IRQ,2020-09-02,23123,1230235
IRQ,2020-09-03,23029,1253264
IRQ,2020-09-04,0,1253264
IRQ,2020-09-05,0,1253264
IRQ,2020-09-06,22772,1276036
IRQ,2020-09-07,24318,1300354
IRQ,2020-09-08,0,1300354
IRQ,2020-09-09,0,1300354
IRQ,2020-09-10,0,1300354
IRQ,2020-09-11,23186,1323540
IRQ,2020-09-12,18949,1342489
IRQ,2020-09-13,19353,1361842
IRQ,2020-09-14,23989,1385831
IRQ,2020-09-15,22141,1407972
IRQ,2020-09-16,24558,1432530
IRQ,2020-09-17,25206,1457736
IRQ,2020-09-18,23291,1481027
IRQ,2020-09-19,17438,1498465
IRQ,2020-09-20,18064,1516529
IRQ,2020-09-21,19756,1536285
IRQ,2020-09-22,21644,1557929
IRQ,2020-09-23,22816,1580745
IRQ,2020-09-24,20581,1601326
IRQ,2020-09-25,20662,1621988
IRQ,2020-09-26,17769,1639757
IRQ,2020-09-27,18543,1658300
IRQ,2020-09-28,22054,1680354
IRQ,2020-09-29,23168,1703522
IRQ,2020-09-30,22274,1725796
IRQ,2020-10-01,23522,1749318
IRQ,2020-10-02,22085,1771403
IRQ,2020-10-03,18424,1789827
IRQ,2020-10-04,19047,1808874
IRQ,2020-10-05,21915,1830789
IRQ,2020-10-06,24039,1854828
IRQ,2020-10-07,23865,1878693
IRQ,2020-10-08,20576,1899269
IRQ,2020-10-09,16954,1916223
IRQ,2020-10-10,13863,1930086
IRQ,2020-10-11,16538,1946624
IRQ,2020-10-12,20368,1966992
IRQ,2020-10-13,20663,1987655
IRQ,2020-10-14,20539,2008194
IRQ,2020-10-15,20023,2028217
IRQ,2020-10-16,20004,2048221
IRQ,2020-10-17,16686,2064907
IRQ,2020-10-18,18885,2083792
IRQ,2020-10-19,20419,2104211
IRQ,2020-10-20,20760,2124971
IRQ,2020-10-21,20214,2145185
IRQ,2020-10-22,20197,2165382
IRQ,2020-10-23,18387,2183769
IRQ,2020-10-24,15350,2199119
IRQ,2020-10-25,16687,2215806
IRQ,2020-10-26,19037,2234843
IRQ,2020-10-27,19372,2254215
IRQ,2020-10-28,19721,2273936
IRQ,2020-10-29,18575,2292511
IRQ,2020-10-30,16265,2308776
IRQ,2020-10-31,12672,2321448
IRQ,2020-11-01,15210,2336658
IRQ,2020-11-02,16910,2353568
IRQ,2020-11-03,18691,2372259
IRQ,2020-11-04,18523,2390782
IRQ,2020-11-05,19547,2410329
IRQ,2020-11-06,19926,2430255
IRQ,2020-11-07,15807,2446062
IRQ,2020-11-08,15965,2462027
IRQ,2020-11-09,17120,2479147
IRQ,2020-11-10,18761,2497908
IRQ,2020-11-11,17378,2515286
IRQ,2020-11-12,20801,2536087
IRQ,2020-11-13,18433,2554520
IRQ,2020-11-14,16593,2571113
IRQ,2020-11-15,16730,2587843
IRQ,2020-11-16,17887,2605730
IRQ,2020-11-17,18614,2624344
IRQ,2020-11-18,17916,2642260
IRQ,2020-11-19,0,2642260
IRQ,2020-11-20,0,2642260
IRQ,2020-11-21,19883,2662143
IRQ,2020-11-22,23914,2686057
IRQ,2020-11-23,24908,2710965
IRQ,2020-11-24,26504,2737469
IRQ,2020-11-25,27830,2765299
IRQ,2020-11-26,30821,2796120
IRQ,2020-11-27,29757,2825877
IRQ,2020-11-28,24031,2849908
IRQ,2020-11-29,24872,2874780
IRQ,2020-11-30,26494,2901274
IRQ,2020-12-01,29601,2930875
IRQ,2020-12-02,30802,2961677
IRQ,2020-12-03,32870,2994547
IRQ,2020-12-04,32874,3027421
IRQ,2020-12-05,30365,3057786
IRQ,2020-12-06,31823,3089609
IRQ,2020-12-07,33415,3123024
IRQ,2020-12-08,31791,3154815
IRQ,2020-12-09,32372,3187187
IRQ,2020-12-10,34442,3221629
IRQ,2020-12-11,33350,3254979
IRQ,2020-12-12,30146,3285125
IRQ,2020-12-13,31310,3316435
IRQ,2020-12-14,35335,3351770
IRQ,2020-12-15,35467,3387237
IRQ,2020-12-16,36856,3424093
IRQ,2020-12-17,40433,3464526
IRQ,2020-12-18,34670,3499196
IRQ,2020-12-19,31510,3530706
IRQ,2020-12-20,0,3530706
IRQ,2020-12-21,0,3530706
IRQ,2020-12-22,38950,3569656
IRQ,2020-12-23,36238,3605894
IRQ,2020-12-24,37231,3643125
IRQ,2020-12-25,0,3643125
IRQ,2020-12-26,0,3643125
IRQ,2020-12-27,34058,3677183
IRQ,2020-12-28,0,3677183
IRQ,2020-12-29,0,3677183
IRQ,2020-12-30,37144,3714327
IRQ,2020-12-31,0,3714327
IRQ,2021-01-01,0,3714327
IRQ,2021-01-02,0,3714327
IRQ,2021-01-03,31600,3745927
IRQ,2021-01-04,0,3745927
IRQ,2021-01-05,0,3745927
IRQ,2021-01-06,0,3745927
IRQ,2021-01-07,0,3745927
IRQ,2021-01-08,0,3745927
IRQ,2021-01-09,0,3745927
IRQ,2021-01-10,0,3745927
IRQ,2021-01-11,30502,3776429
IRQ,2021-01-12,34253,3810682
IRQ,2021-01-13,0,3810682
IRQ,2021-01-14,0,3810682
IRQ,2021-01-15,0,3810682
IRQ,2021-01-16,33589,3844271
IRQ,2021-01-17,36483,3880754
IRQ,2021-01-18,35272,3916026
IRQ,2021-01-19,36692,3952718
IRQ,2021-01-20,0,3952718
IRQ,2021-01-21,0,3952718
IRQ,2021-01-22,0,3952718
IRQ,2021-01-23,0,3952718
IRQ,2021-01-24,0,3952718
IRQ,2021-01-25,34907,3987625
IRQ,2021-01-26,0,3987625
IRQ,2021-01-27,0,3987625
IRQ,2021-01-28,0,3987625
IRQ,2021-01-29,38761,4026386
IRQ,2021-01-30,27821,4054207
IRQ,2021-01-31,35905,4090112
IRQ,2021-02-01,38504,4128616
IRQ,2021-02-02,45290,4173906
IRQ,2021-02-03,46583,4220489
IRQ,2021-02-04,50683,4271172
IRQ,2021-02-05,48621,4319793
IRQ,2021-02-06,40481,4360274
IRQ,2021-02-07,39221,4399495
IRQ,2021-02-08,42578,4442073
IRQ,2021-02-09,41513,4483586
IRQ,2021-02-10,44800,4528386
IRQ,2021-02-11,47658,4576044
IRQ,2021-02-12,45190,4621234
IRQ,2021-02-13,38411,4659645
IRQ,2021-02-14,38939,4698584
IRQ,2021-02-15,47129,4745713
IRQ,2021-02-16,43851,4789564
IRQ,2021-02-17,46840,4836404
IRQ,2021-02-18,53021,4889425
IRQ,2021-02-19,48990,4938415
IRQ,2021-02-20,41897,4980312
IRQ,2021-02-21,0,4980312
IRQ,2021-02-22,0,4980312
IRQ,2021-02-23,43376,5023688
IRQ,2021-02-24,44965,5068653
IRQ,2021-02-25,42601,5111254
IRQ,2021-02-26,45907,5157161
IRQ,2021-02-27,36736,5193897
IRQ,2021-02-28,35525,5229422
IRQ,2021-03-01,35578,5265000
IRQ,2021-03-02,39144,5304144
IRQ,2021-03-03,0,5304144
IRQ,2021-03-04,0,5304144
IRQ,2021-03-05,0,5304144
IRQ,2021-03-06,0,5304144
IRQ,2021-03-07,0,5304144
IRQ,2021-03-08,0,5304144
IRQ,2021-03-09,37461,5341605
IRQ,2021-03-10,40791,5382396
IRQ,2021-03-11,43509,5425905
IRQ,2021-03-12,43509,5469414
IRQ,2021-03-13,30999,5500413
IRQ,2021-03-14,33405,5533818
IRQ,2021-03-15,33485,5567303
IRQ,2021-03-16,39489,5606792
IRQ,2021-03-17,38929,5645721
IRQ,2021-03-18,42246,5687967
IRQ,2021-03-19,41795,5729762
IRQ,2021-03-20,36912,5766674
IRQ,2021-03-21,35016,5801690
IRQ,2021-03-22,27095,5828785
IRQ,2021-03-23,29899,5858684
IRQ,2021-03-24,39066,5897750
IRQ,2021-03-25,43265,5941015
IRQ,2021-03-26,0,5941015
IRQ,2021-03-27,0,5941015
IRQ,2021-03-28,0,5941015
IRQ,2021-03-29,41897,5982912
IRQ,2021-03-30,0,5982912
IRQ,2021-03-31,0,5982912
IRQ,2021-04-01,0,5982912
IRQ,2021-04-02,0,5982912
IRQ,2021-04-03,0,5982912
IRQ,2021-04-04,0,5982912
IRQ,2021-04-05,0,5982912
IRQ,2021-04-06,0,5982912
IRQ,2021-04-07,49588,6032500
IRQ,2021-04-08,49388,6081888
IRQ,2021-04-09,48458,6130346
IRQ,2021-04-10,41040,6171386
IRQ,2021-04-11,38833,6210219
IRQ,2021-04-12,0,6210219
IRQ,2021-04-13,0,6210219
IRQ,2021-04-14,44282,6254501
IRQ,2021-04-15,46299,6300800
IRQ,2021-04-16,42111,6342911
IRQ,2021-04-17,35287,6378198
IRQ,2021-04-18,37561,6415759
IRQ,2021-04-19,41850,6457609
IRQ,2021-04-20,43780,6501389
IRQ,2021-04-21,47523,6548912
IRQ,2021-04-22,50382,6599294
IRQ,2021-04-23,46156,6645450
IRQ,2021-04-24,41757,6687207
IRQ,2021-04-25,39675,6726882
IRQ,2021-04-26,39120,6766002
IRQ,2021-04-27,43230,6809232
IRQ,2021-04-28,45787,6855019
IRQ,2021-04-29,47306,6902325
IRQ,2021-04-30,46049,6948374
IRQ,2021-05-01,38287,6986661
IRQ,2021-05-02,31746,7018407
IRQ,2021-05-03,37780,7056187
IRQ,2021-05-04,38609,7094796
IRQ,2021-05-05,40115,7134911
IRQ,2021-05-06,40987,7175898
IRQ,2021-05-07,40942,7216840
IRQ,2021-05-08,32770,7249610
IRQ,2021-05-09,33875,7283485
IRQ,2021-05-10,34315,7317800
IRQ,2021-05-11,37969,7355769
IRQ,2021-05-12,0,7355769
IRQ,2021-05-13,0,7355769
IRQ,2021-05-14,0,7355769
IRQ,2021-05-15,15036,7370805
IRQ,2021-05-16,17188,7387993
IRQ,2021-05-17,24586,7412579
IRQ,2021-05-18,32399,7444978
IRQ,2021-05-19,40706,7485684
IRQ,2021-05-20,43493,7529177
IRQ,2021-05-21,41954,7571131
IRQ,2021-05-22,0,7571131
IRQ,2021-05-23,0,7571131
IRQ,2021-05-24,39605,7610736
IRQ,2021-05-25,45719,7656455
IRQ,2021-05-26,44252,7700707
IRQ,2021-05-27,44319,7745026
IRQ,2021-05-28,43434,7788460
IRQ,2021-05-29,32684,7821144
IRQ,2021-05-30,32190,7853334
IRQ,2021-05-31,39380,7892714
IRQ,2021-06-01,40980,7933694
IRQ,2021-06-02,46905,7980599
IRQ,2021-06-03,42479,8023078
IRQ,2021-06-04,42005,8065083
IRQ,2021-06-05,31169,8096252
IRQ,2021-06-06,32804,8129056
IRQ,2021-06-07,40407,8169463
IRQ,2021-06-08,42624,8212087
IRQ,2021-06-09,44999,8257086
IRQ,2021-06-10,44474,8301560
IRQ,2021-06-11,46068,8347628
IRQ,2021-06-12,35750,8383378
IRQ,2021-06-13,36473,8419851
IRQ,2021-06-14,44808,8464659
IRQ,2021-06-15,0,8464659
IRQ,2021-06-16,0,8464659
IRQ,2021-06-17,44900,8509559
IRQ,2021-06-18,0,8509559
IRQ,2021-06-19,0,8509559
IRQ,2021-06-20,37053,8546612
IRQ,2021-06-21,45852,8592464
IRQ,2021-06-22,49265,8641729
IRQ,2021-06-23,49330,8691059
IRL,2020-03-18,0,0
IRL,2020-03-19,946,946
IRL,2020-03-20,1469,2415
IRL,2020-03-21,1564,3979
IRL,2020-03-22,978,4957
IRL,2020-03-23,2581,7538
IRL,2020-03-24,1566,9104
IRL,2020-03-25,1775,10879
IRL,2020-03-26,3376,14255
IRL,2020-03-27,2941,17196
IRL,2020-03-28,2206,19402
IRL,2020-03-29,1616,21018
IRL,2020-03-30,1397,22415
IRL,2020-03-31,1928,24343
IRL,2020-04-01,2009,26352
IRL,2020-04-02,1975,28327
IRL,2020-04-03,1857,30184
IRL,2020-04-04,1849,32033
IRL,2020-04-05,2831,34864
IRL,2020-04-06,6117,40981
IRL,2020-04-07,1853,42834
IRL,2020-04-08,3728,46562
IRL,2020-04-09,5487,52049
IRL,2020-04-10,6959,59008
IRL,2020-04-11,6990,65998
IRL,2020-04-12,5722,71720
IRL,2020-04-13,8427,80147
IRL,2020-04-14,4275,84422
IRL,2020-04-15,3036,87458
IRL,2020-04-16,3644,91102
IRL,2020-04-17,4311,95413
IRL,2020-04-18,2253,97666
IRL,2020-04-19,2313,99979
IRL,2020-04-20,1626,101605
IRL,2020-04-21,3757,105362
IRL,2020-04-22,5363,110725
IRL,2020-04-23,4871,115596
IRL,2020-04-24,5580,121176
IRL,2020-04-25,5632,126808
IRL,2020-04-26,8598,135406
IRL,2020-04-27,5100,140506
IRL,2020-04-28,6306,146812
IRL,2020-04-29,8159,154971
IRL,2020-04-30,8218,163189
IRL,2020-05-01,7451,170640
IRL,2020-05-02,12076,182716
IRL,2020-05-03,9799,192515
IRL,2020-05-04,8617,201132
IRL,2020-05-05,7512,208644
IRL,2020-05-06,7815,216459
IRL,2020-05-07,5703,222162
IRL,2020-05-08,4973,227135
IRL,2020-05-09,7657,234792
IRL,2020-05-10,6517,241309
IRL,2020-05-11,5374,246683
IRL,2020-05-12,6138,252821
IRL,2020-05-13,4674,257495
IRL,2020-05-14,6210,263705
IRL,2020-05-15,5699,269404
IRL,2020-05-16,6334,275738
IRL,2020-05-17,6457,282195
IRL,2020-05-18,3964,286159
IRL,2020-05-19,3278,289437
IRL,2020-05-20,4764,294201
IRL,2020-05-21,5274,299475
IRL,2020-05-22,5373,304848
IRL,2020-05-23,4276,309124
IRL,2020-05-24,3509,312633
IRL,2020-05-25,3529,316162
IRL,2020-05-26,3515,319677
IRL,2020-05-27,3437,323114
IRL,2020-05-28,3811,326925
IRL,2020-05-29,4364,331289
IRL,2020-05-30,3423,334712
IRL,2020-05-31,3474,338186
IRL,2020-06-01,2285,340471
IRL,2020-06-02,1827,342298
IRL,2020-06-03,2486,344784
IRL,2020-06-04,3099,347883
IRL,2020-06-05,3234,351117
IRL,2020-06-06,3106,354223
IRL,2020-06-07,2828,357051
IRL,2020-06-08,1960,359011
IRL,2020-06-09,2355,361366
IRL,2020-06-10,2675,364041
IRL,2020-06-11,4240,368281
IRL,2020-06-12,3009,371290
IRL,2020-06-13,2712,374002
IRL,2020-06-14,2512,376514
IRL,2020-06-15,1714,378228
IRL,2020-06-16,2112,380340
IRL,2020-06-17,3420,383760
IRL,2020-06-18,3359,387119
IRL,2020-06-19,3161,390280
IRL,2020-06-20,2724,393004
IRL,2020-06-21,2159,395163
IRL,2020-06-22,1498,396661
IRL,2020-06-23,2116,398777
IRL,2020-06-24,3252,402029
IRL,2020-06-25,2983,405012
IRL,2020-06-26,3689,408701
IRL,2020-06-27,4007,412708
IRL,2020-06-28,2724,415432
IRL,2020-06-29,3340,418772
IRL,2020-06-30,4591,423363
IRL,2020-07-01,4551,427914
IRL,2020-07-02,3792,431706
IRL,2020-07-03,8049,439755
IRL,2020-07-04,8312,448067
IRL,2020-07-05,7000,455067
IRL,2020-07-06,6529,461596
IRL,2020-07-07,6161,467757
IRL,2020-07-08,4361,472118
IRL,2020-07-09,3945,476063
IRL,2020-07-10,9330,485393
IRL,2020-07-11,8929,494322
IRL,2020-07-12,8717,503039
IRL,2020-07-13,7664,510703
IRL,2020-07-14,6400,517103
IRL,2020-07-15,4387,521490
IRL,2020-07-16,4316,525806
IRL,2020-07-17,9512,535318
IRL,2020-07-18,9243,544561
IRL,2020-07-19,8630,553191
IRL,2020-07-20,8415,561606
IRL,2020-07-21,6674,568280
IRL,2020-07-22,4619,572899
IRL,2020-07-23,4067,576966
IRL,2020-07-24,8980,585946
IRL,2020-07-25,8888,594834
IRL,2020-07-26,8016,602850
IRL,2020-07-27,5804,608654
IRL,2020-07-28,4965,613619
IRL,2020-07-29,4740,618359
IRL,2020-07-30,4383,622742
IRL,2020-07-31,3856,626598
IRL,2020-08-01,3306,629904
IRL,2020-08-02,3131,633035
IRL,2020-08-03,3041,636076
IRL,2020-08-04,1991,638067
IRL,2020-08-05,3761,641828
IRL,2020-08-06,4833,646661
IRL,2020-08-07,4980,651641
IRL,2020-08-08,4880,656521
IRL,2020-08-09,4107,660628
IRL,2020-08-10,3874,664502
IRL,2020-08-11,4026,668528
IRL,2020-08-12,5843,674371
IRL,2020-08-13,7072,681443
IRL,2020-08-14,11337,692780
IRL,2020-08-15,10653,703433
IRL,2020-08-16,10352,713785
IRL,2020-08-17,5533,719318
IRL,2020-08-18,4339,723657
IRL,2020-08-19,6192,729849
IRL,2020-08-20,11416,741265
IRL,2020-08-21,13080,754345
IRL,2020-08-22,6758,761103
IRL,2020-08-23,5438,766541
IRL,2020-08-24,4838,771379
IRL,2020-08-25,5015,776394
IRL,2020-08-26,7648,784042
IRL,2020-08-27,12274,796316
IRL,2020-08-28,12303,808619
IRL,2020-08-29,9940,818559
IRL,2020-08-30,5659,824218
IRL,2020-08-31,9340,833558
IRL,2020-09-01,4892,838450
IRL,2020-09-02,7301,845751
IRL,2020-09-03,12501,858252
IRL,2020-09-04,14064,872316
IRL,2020-09-05,11322,883638
IRL,2020-09-06,10343,893981
IRL,2020-09-07,6253,900234
IRL,2020-09-08,6678,906912
IRL,2020-09-09,10749,917661
IRL,2020-09-10,12363,930024
IRL,2020-09-11,13073,943097
IRL,2020-09-12,12230,955327
IRL,2020-09-13,9815,965142
IRL,2020-09-14,9888,975030
IRL,2020-09-15,8120,983150
IRL,2020-09-16,12241,995391
IRL,2020-09-17,14663,1010054
IRL,2020-09-18,14506,1024560
IRL,2020-09-19,14380,1038940
IRL,2020-09-20,12138,1051078
IRL,2020-09-21,10031,1061109
IRL,2020-09-22,12583,1073692
IRL,2020-09-23,12671,1086363
IRL,2020-09-24,14356,1100719
IRL,2020-09-25,14538,1115257
IRL,2020-09-26,11808,1127065
IRL,2020-09-27,11878,1138943
IRL,2020-09-28,9866,1148809
IRL,2020-09-29,12673,1161482
IRL,2020-09-30,13247,1174729
IRL,2020-10-01,14524,1189253
IRL,2020-10-02,12673,1201926
IRL,2020-10-03,13621,1215547
IRL,2020-10-04,11295,1226842
IRL,2020-10-05,12166,1239008
IRL,2020-10-06,11646,1250654
IRL,2020-10-07,14542,1265196
IRL,2020-10-08,15880,1281076
IRL,2020-10-09,16522,1297598
IRL,2020-10-10,15634,1313232
IRL,2020-10-11,7998,1321230
IRL,2020-10-12,13988,1335218
IRL,2020-10-13,15305,1350523
IRL,2020-10-14,16255,1366778
IRL,2020-10-15,13428,1380206
IRL,2020-10-16,17758,1397964
IRL,2020-10-17,19040,1417004
IRL,2020-10-18,16140,1433144
IRL,2020-10-19,14391,1447535
IRL,2020-10-20,14676,1462211
IRL,2020-10-21,16779,1478990
IRL,2020-10-22,17834,1496824
IRL,2020-10-23,17712,1514536
IRL,2020-10-24,17906,1532442
IRL,2020-10-25,15772,1548214
IRL,2020-10-26,14264,1562478
IRL,2020-10-27,11435,1573913
IRL,2020-10-28,11170,1585083
IRL,2020-10-29,15316,1600399
IRL,2020-10-30,13801,1614200
IRL,2020-10-31,14296,1628496
IRL,2020-11-01,11068,1639564
IRL,2020-11-02,11074,1650638
IRL,2020-11-03,10500,1661138
IRL,2020-11-04,12592,1673730
IRL,2020-11-05,11846,1685576
IRL,2020-11-06,11815,1697391
IRL,2020-11-07,12172,1709563
IRL,2020-11-08,9576,1719139
IRL,2020-11-09,9912,1729051
IRL,2020-11-10,10407,1739458
IRL,2020-11-11,10790,1750248
IRL,2020-11-12,13058,1763306
IRL,2020-11-13,11612,1774918
IRL,2020-11-14,9801,1784719
IRL,2020-11-15,9184,1793903
IRL,2020-11-16,11106,1805009
IRL,2020-11-17,9977,1814986
IRL,2020-11-18,12562,1827548
IRL,2020-11-19,12640,1840188
IRL,2020-11-20,12829,1853017
IRL,2020-11-21,10444,1863461
IRL,2020-11-22,9563,1873024
IRL,2020-11-23,9834,1882858
IRL,2020-11-24,10089,1892947
IRL,2020-11-25,12442,1905389
IRL,2020-11-26,12456,1917845
IRL,2020-11-27,10778,1928623
IRL,2020-11-28,11339,1939962
IRL,2020-11-29,9443,1949405
IRL,2020-11-30,9057,1958462
IRL,2020-12-01,9786,1968248
IRL,2020-12-02,11934,1980182
IRL,2020-12-03,12047,1992229
IRL,2020-12-04,11856,2004085
IRL,2020-12-05,11456,2015541
IRL,2020-12-06,9413,2024954
IRL,2020-12-07,9623,2034577
IRL,2020-12-08,10424,2045001
IRL,2020-12-09,12203,2057204
IRL,2020-12-10,12688,2069892
IRL,2020-12-11,12618,2082510
IRL,2020-12-12,12850,2095360
IRL,2020-12-13,10728,2106088
IRL,2020-12-14,10251,2116339
IRL,2020-12-15,10847,2127186
IRL,2020-12-16,13120,2140306
IRL,2020-12-17,13219,2153525
IRL,2020-12-18,14093,2167618
IRL,2020-12-19,13941,2181559
IRL,2020-12-20,13458,2195017
IRL,2020-12-21,12804,2207821
IRL,2020-12-22,13225,2221046
IRL,2020-12-23,20662,2241708
IRL,2020-12-24,22876,2264584
IRL,2020-12-25,21423,2286007
IRL,2020-12-26,11999,2298006
IRL,2020-12-27,3536,2301542
IRL,2020-12-28,9405,2310947
IRL,2020-12-29,13805,2324752
IRL,2020-12-30,17489,2342241
IRL,2020-12-31,26312,2368553
IRL,2021-01-01,27389,2395942
IRL,2021-01-02,20846,2416788
IRL,2021-01-03,28543,2445331
IRL,2021-01-04,20571,2465902
IRL,2021-01-05,19908,2485810
IRL,2021-01-06,28370,2514180
IRL,2021-01-07,28610,2542790
IRL,2021-01-08,27319,2570109
IRL,2021-01-09,29972,2600081
IRL,2021-01-10,24485,2624566
IRL,2021-01-11,19794,2644360
IRL,2021-01-12,18945,2663305
IRL,2021-01-13,24583,2687888
IRL,2021-01-14,28178,2716066
IRL,2021-01-15,22833,2738899
IRL,2021-01-16,26663,2765562
IRL,2021-01-17,21441,2787003
IRL,2021-01-18,18191,2805194
IRL,2021-01-19,19218,2824412
IRL,2021-01-20,24296,2848708
IRL,2021-01-21,23196,2871904
IRL,2021-01-22,24189,2896093
IRL,2021-01-23,21492,2917585
IRL,2021-01-24,19593,2937178
IRL,2021-01-25,14884,2952062
IRL,2021-01-26,16665,2968727
IRL,2021-01-27,22387,2991114
IRL,2021-01-28,21780,3012894
IRL,2021-01-29,21943,3034837
IRL,2021-01-30,21598,3056435
IRL,2021-01-31,17649,3074084
IRL,2021-02-01,15047,3089131
IRL,2021-02-02,16329,3105460
IRL,2021-02-03,18442,3123902
IRL,2021-02-04,20214,3144116
IRL,2021-02-05,20278,3164394
IRL,2021-02-06,19497,3183891
IRL,2021-02-07,15377,3199268
IRL,2021-02-08,12697,3211965
IRL,2021-02-09,15126,3227091
IRL,2021-02-10,18213,3245304
IRL,2021-02-11,17372,3262676
IRL,2021-02-12,18841,3281517
IRL,2021-02-13,18174,3299691
IRL,2021-02-14,14450,3314141
IRL,2021-02-15,11452,3325593
IRL,2021-02-16,13119,3338712
IRL,2021-02-17,17122,3355834
IRL,2021-02-18,15829,3371663
IRL,2021-02-19,17036,3388699
IRL,2021-02-20,15606,3404305
IRL,2021-02-21,14901,3419206
IRL,2021-02-22,11828,3431034
IRL,2021-02-23,13841,3444875
IRL,2021-02-24,16607,3461482
IRL,2021-02-25,18206,3479688
IRL,2021-02-26,19178,3498866
IRL,2021-02-27,18273,3517139
IRL,2021-02-28,13102,3530241
IRL,2021-03-01,12210,3542451
IRL,2021-03-02,11680,3554131
IRL,2021-03-03,15277,3569408
IRL,2021-03-04,14244,3583652
IRL,2021-03-05,16640,3600292
IRL,2021-03-06,13325,3613617
IRL,2021-03-07,13756,3627373
IRL,2021-03-08,10682,3638055
IRL,2021-03-09,13585,3651640
IRL,2021-03-10,15592,3667232
IRL,2021-03-11,15750,3682982
IRL,2021-03-12,16499,3699481
IRL,2021-03-13,16203,3715684
IRL,2021-03-14,13349,3729033
IRL,2021-03-15,10586,3739619
IRL,2021-03-16,11392,3751011
IRL,2021-03-17,15990,3767001
IRL,2021-03-18,13514,3780515
IRL,2021-03-19,12942,3793457
IRL,2021-03-20,16621,3810078
IRL,2021-03-21,14882,3824960
IRL,2021-03-22,12722,3837682
IRL,2021-03-23,15044,3852726
IRL,2021-03-24,20112,3872838
IRL,2021-03-25,17979,3890817
IRL,2021-03-26,18491,3909308
IRL,2021-03-27,21134,3930442
IRL,2021-03-28,19619,3950061
IRL,2021-03-29,13507,3963568
IRL,2021-03-30,14957,3978525
IRL,2021-03-31,21152,3999677
IRL,2021-04-01,19535,4019212
IRL,2021-04-02,19031,4038243
IRL,2021-04-03,16662,4054905
IRL,2021-04-04,13946,4068851
IRL,2021-04-05,11954,4080805
IRL,2021-04-06,13864,4094669
IRL,2021-04-07,16151,4110820
IRL,2021-04-08,19214,4130034
IRL,2021-04-09,16795,4146829
IRL,2021-04-10,16849,4163678
IRL,2021-04-11,14355,4178033
IRL,2021-04-12,11918,4189951
IRL,2021-04-13,13650,4203601
IRL,2021-04-14,16872,4220473
IRL,2021-04-15,14926,4235399
IRL,2021-04-16,15404,4250803
IRL,2021-04-17,14999,4265802
IRL,2021-04-18,14507,4280309
IRL,2021-04-19,11881,4292190
IRL,2021-04-20,15085,4307275
IRL,2021-04-21,19058,4326333
IRL,2021-04-22,18095,4344428
IRL,2021-04-23,19557,4363985
IRL,2021-04-24,17803,4381788
IRL,2021-04-25,15829,4397617
IRL,2021-04-26,12839,4410456
IRL,2021-04-27,15273,4425729
IRL,2021-04-28,20498,4446227
IRL,2021-04-29,19880,4466107
IRL,2021-04-30,22296,4488403
IRL,2021-05-01,18934,4507337
IRL,2021-05-02,18027,4525364
IRL,2021-05-03,13416,4538780
IRL,2021-05-04,14187,4552967
IRL,2021-05-05,19543,4572510
IRL,2021-05-06,21036,4593546
IRL,2021-05-07,18847,4612393
IRL,2021-05-08,23846,4636239
IRL,2021-05-09,17107,4653346
IRL,2021-05-10,13575,4666921
IRL,2021-05-11,16763,4683684
IRL,2021-05-12,19669,4703353
IRL,2021-05-13,19728,4723081
ISR,2020-02-20,29,29
ISR,2020-02-21,28,57
ISR,2020-02-22,13,70
ISR,2020-02-23,56,126
ISR,2020-02-24,75,201
ISR,2020-02-25,108,309
ISR,2020-02-26,108,417
ISR,2020-02-27,171,588
ISR,2020-02-28,118,706
ISR,2020-02-29,158,864
ISR,2020-03-01,187,1051
ISR,2020-03-02,171,1222
ISR,2020-03-03,235,1457
ISR,2020-03-04,129,1586
ISR,2020-03-05,173,1759
ISR,2020-03-06,274,2033
ISR,2020-03-07,336,2369
ISR,2020-03-08,421,2790
ISR,2020-03-09,518,3308
ISR,2020-03-10,520,3828
ISR,2020-03-11,401,4229
ISR,2020-03-12,607,4836
ISR,2020-03-13,694,5530
ISR,2020-03-14,614,6144
ISR,2020-03-15,1183,7327
ISR,2020-03-16,1344,8671
ISR,2020-03-17,1646,10317
ISR,2020-03-18,2106,12423
ISR,2020-03-19,2076,14499
ISR,2020-03-20,2317,16816
ISR,2020-03-21,2108,18924
ISR,2020-03-22,3226,22150
ISR,2020-03-23,3523,25673
ISR,2020-03-24,4667,30340
ISR,2020-03-25,5925,36265
ISR,2020-03-26,6457,42722
ISR,2020-03-27,5739,48461
ISR,2020-03-28,5739,54200
ISR,2020-03-29,7566,61766
ISR,2020-03-30,7100,68866
ISR,2020-03-31,7988,76854
ISR,2020-04-01,9008,85862
ISR,2020-04-02,10226,96088
ISR,2020-04-03,10330,106418
ISR,2020-04-04,6355,112773
ISR,2020-04-05,9396,122169
ISR,2020-04-06,7498,129667
ISR,2020-04-07,6967,136634
ISR,2020-04-08,5879,142513
ISR,2020-04-09,5748,148261
ISR,2020-04-10,7347,155608
ISR,2020-04-11,6702,162310
ISR,2020-04-12,10598,172908
ISR,2020-04-13,10950,183858
ISR,2020-04-14,12678,196536
ISR,2020-04-15,9450,205986
ISR,2020-04-16,12788,218774
ISR,2020-04-17,11594,230368
ISR,2020-04-18,10606,240974
ISR,2020-04-19,11479,252453
ISR,2020-04-20,15365,267818
ISR,2020-04-21,13612,281430
ISR,2020-04-22,13293,294723
ISR,2020-04-23,14183,308906
ISR,2020-04-24,12628,321534
ISR,2020-04-25,9077,330611
ISR,2020-04-26,8464,339075
ISR,2020-04-27,11548,350623
ISR,2020-04-28,10641,361264
ISR,2020-04-29,8996,370260
ISR,2020-04-30,9930,380190
ISR,2020-05-01,11053,391243
ISR,2020-05-02,5568,396811
ISR,2020-05-03,8029,404840
ISR,2020-05-04,9260,414100
ISR,2020-05-05,8959,423059
ISR,2020-05-06,9466,432525
ISR,2020-05-07,10119,442644
ISR,2020-05-08,8157,450801
ISR,2020-05-09,3869,454670
ISR,2020-05-10,4944,459614
ISR,2020-05-11,9215,468829
ISR,2020-05-12,7538,476367
ISR,2020-05-13,8272,484639
ISR,2020-05-14,8416,493055
ISR,2020-05-15,5696,498751
ISR,2020-05-16,1502,500253
ISR,2020-05-17,4633,504886
ISR,2020-05-18,7692,512578
ISR,2020-05-19,7142,519720
ISR,2020-05-20,5968,525688
ISR,2020-05-21,6165,531853
ISR,2020-05-22,4995,536848
ISR,2020-05-23,718,537566
ISR,2020-05-24,3808,541374
ISR,2020-05-25,5333,546707
ISR,2020-05-26,6819,553526
ISR,2020-05-27,6728,560254
ISR,2020-05-28,5353,565607
ISR,2020-05-29,1863,567470
ISR,2020-05-30,1059,568529
ISR,2020-05-31,5640,574169
ISR,2020-06-01,8155,582324
ISR,2020-06-02,11757,594081
ISR,2020-06-03,13209,607290
ISR,2020-06-04,14899,622189
ISR,2020-06-05,16474,638663
ISR,2020-06-06,11537,650200
ISR,2020-06-07,15098,665298
ISR,2020-06-08,14644,679942
ISR,2020-06-09,15064,695006
ISR,2020-06-10,18484,713490
ISR,2020-06-11,15810,729300
ISR,2020-06-12,13132,742432
ISR,2020-06-13,6987,749419
ISR,2020-06-14,8840,758259
ISR,2020-06-15,14436,772695
ISR,2020-06-16,16239,788934
ISR,2020-06-17,16024,804958
ISR,2020-06-18,17392,822350
ISR,2020-06-19,12787,835137
ISR,2020-06-20,6010,841147
ISR,2020-06-21,9152,850299
ISR,2020-06-22,14009,864308
ISR,2020-06-23,19847,884155
ISR,2020-06-24,18393,902548
ISR,2020-06-25,18666,921214
ISR,2020-06-26,16531,937745
ISR,2020-06-27,10489,948234
ISR,2020-06-28,10389,958623
ISR,2020-06-29,21017,979640
ISR,2020-06-30,20840,1000480
ISR,2020-07-01,21460,1021940
ISR,2020-07-02,25042,1046982
ISR,2020-07-03,20953,1067935
ISR,2020-07-04,17308,1085243
ISR,2020-07-05,21112,1106355
ISR,2020-07-06,25601,1131956
ISR,2020-07-07,28634,1160590
ISR,2020-07-08,29420,1190010
ISR,2020-07-09,29988,1219998
ISR,2020-07-10,25829,1245827
ISR,2020-07-11,20468,1266295
ISR,2020-07-12,21763,1288058
ISR,2020-07-13,29247,1317305
ISR,2020-07-14,31750,1349055
ISR,2020-07-15,30692,1379747
ISR,2020-07-16,31078,1410825
ISR,2020-07-17,25732,1436557
ISR,2020-07-18,20457,1457014
ISR,2020-07-19,19846,1476860
ISR,2020-07-20,27608,1504468
ISR,2020-07-21,30177,1534645
ISR,2020-07-22,28807,1563452
ISR,2020-07-23,32536,1595988
ISR,2020-07-24,24400,1620388
ISR,2020-07-25,15486,1635874
ISR,2020-07-26,12204,1648078
ISR,2020-07-27,28245,1676323
ISR,2020-07-28,26639,1702962
ISR,2020-07-29,26228,1729190
ISR,2020-07-30,21962,1751152
ISR,2020-07-31,22898,1774050
ISR,2020-08-01,7790,1781840
ISR,2020-08-02,10088,1791928
ISR,2020-08-03,23468,1815396
ISR,2020-08-04,26099,1841495
ISR,2020-08-05,25792,1867287
ISR,2020-08-06,28767,1896054
ISR,2020-08-07,25310,1921364
ISR,2020-08-08,8583,1929947
ISR,2020-08-09,12163,1942110
ISR,2020-08-10,24368,1966478
ISR,2020-08-11,27667,1994145
ISR,2020-08-12,26232,2020377
ISR,2020-08-13,28891,2049268
ISR,2020-08-14,20915,2070183
ISR,2020-08-15,9396,2079579
ISR,2020-08-16,12387,2091966
ISR,2020-08-17,26061,2118027
ISR,2020-08-18,27899,2145926
ISR,2020-08-19,28401,2174327
ISR,2020-08-20,28854,2203181
ISR,2020-08-21,27218,2230399
ISR,2020-08-22,11059,2241458
ISR,2020-08-23,13298,2254756
ISR,2020-08-24,30139,2284895
ISR,2020-08-25,34056,2318951
ISR,2020-08-26,34288,2353239
ISR,2020-08-27,36464,2389703
ISR,2020-08-28,23290,2412993
ISR,2020-08-29,10708,2423701
ISR,2020-08-30,13553,2437254
ISR,2020-08-31,31969,2469223
ISR,2020-09-01,28468,2497691
ISR,2020-09-02,35980,2533671
ISR,2020-09-03,35228,2568899
ISR,2020-09-04,31548,2600447
ISR,2020-09-05,15944,2616391
ISR,2020-09-06,19671,2636062
ISR,2020-09-07,41453,2677515
ISR,2020-09-08,45674,2723189
ISR,2020-09-09,46407,2769596
ISR,2020-09-10,48748,2818344
ISR,2020-09-11,43702,2862046
ISR,2020-09-12,30571,2892617
ISR,2020-09-13,34979,2927596
ISR,2020-09-14,48442,2976038
ISR,2020-09-15,57765,3033803
ISR,2020-09-16,54228,3088031
ISR,2020-09-17,58810,3146841
ISR,2020-09-18,54471,3201312
ISR,2020-09-19,42832,3244144
ISR,2020-09-20,24491,3268635
ISR,2020-09-21,34602,3303237
ISR,2020-09-22,63062,3366299
ISR,2020-09-23,59351,3425650
ISR,2020-09-24,67980,3493630
ISR,2020-09-25,62717,3556347
ISR,2020-09-26,46421,3602768
ISR,2020-09-27,25283,3628051
ISR,2020-09-28,8220,3636271
ISR,2020-09-29,34619,3670890
ISR,2020-09-30,70152,3741042
ISR,2020-10-01,65943,3806985
ISR,2020-10-02,62164,3869149
ISR,2020-10-03,25144,3894293
ISR,2020-10-04,26459,3920752
ISR,2020-10-05,52215,3972967
ISR,2020-10-06,47046,4020013
ISR,2020-10-07,49231,4069244
ISR,2020-10-08,49820,4119064
ISR,2020-10-09,37349,4156413
ISR,2020-10-10,13467,4169880
ISR,2020-10-11,23119,4192999
ISR,2020-10-12,47366,4240365
ISR,2020-10-13,45317,4285682
ISR,2020-10-14,41182,4326864
ISR,2020-10-15,37649,4364513
ISR,2020-10-16,34745,4399258
ISR,2020-10-17,14994,4414252
ISR,2020-10-18,27531,4441783
ISR,2020-10-19,41854,4483637
ISR,2020-10-20,42544,4526181
ISR,2020-10-21,43454,4569635
ISR,2020-10-22,35304,4604939
ISR,2020-10-23,30510,4635449
ISR,2020-10-24,6661,4642110
ISR,2020-10-25,21807,4663917
ISR,2020-10-26,41012,4704929
ISR,2020-10-27,41723,4746652
ISR,2020-10-28,35097,4781749
ISR,2020-10-29,37605,4819354
ISR,2020-10-30,32646,4852000
ISR,2020-10-31,8028,4860028
ISR,2020-11-01,22643,4882671
ISR,2020-11-02,35817,4918488
ISR,2020-11-03,41558,4960046
ISR,2020-11-04,39793,4999839
ISR,2020-11-05,35369,5035208
ISR,2020-11-06,31589,5066797
ISR,2020-11-07,8344,5075141
ISR,2020-11-08,22114,5097255
ISR,2020-11-09,35225,5132480
ISR,2020-11-10,41656,5174136
ISR,2020-11-11,40488,5214624
ISR,2020-11-12,40337,5254961
ISR,2020-11-13,35792,5290753
ISR,2020-11-14,12933,5303686
ISR,2020-11-15,23802,5327488
ISR,2020-11-16,49239,5376727
ISR,2020-11-17,56769,5433496
ISR,2020-11-18,46677,5480173
ISR,2020-11-19,56265,5536438
ISR,2020-11-20,44100,5580538
ISR,2020-11-21,15893,5596431
ISR,2020-11-22,35011,5631442
ISR,2020-11-23,53670,5685112
ISR,2020-11-24,60000,5745112
ISR,2020-11-25,61037,5806149
ISR,2020-11-26,54562,5860711
ISR,2020-11-27,48852,5909563
ISR,2020-11-28,17528,5927091
ISR,2020-11-29,40461,5967552
ISR,2020-11-30,58849,6026401
ISR,2020-12-01,65295,6091696
ISR,2020-12-02,72832,6164528
ISR,2020-12-03,65499,6230027
ISR,2020-12-04,61640,6291667
ISR,2020-12-05,25875,6317542
ISR,2020-12-06,42928,6360470
ISR,2020-12-07,67667,6428137
ISR,2020-12-08,70495,6498632
ISR,2020-12-09,75470,6574102
ISR,2020-12-10,77817,6651919
ISR,2020-12-11,77211,6729130
ISR,2020-12-12,44860,6773990
ISR,2020-12-13,51475,6825465
ISR,2020-12-14,73698,6899163
ISR,2020-12-15,83972,6983135
ISR,2020-12-16,84131,7067266
ISR,2020-12-17,80668,7147934
ISR,2020-12-18,76772,7224706
ISR,2020-12-19,62141,7286847
ISR,2020-12-20,73444,7360291
ISR,2020-12-21,95599,7455890
ISR,2020-12-22,95331,7551221
ISR,2020-12-23,99562,7650783
ISR,2020-12-24,102717,7753500
ISR,2020-12-25,87038,7840538
ISR,2020-12-26,64929,7905467
ISR,2020-12-27,72924,7978391
ISR,2020-12-28,100039,8078430
ISR,2020-12-29,99628,8178058
ISR,2020-12-30,103391,8281449
ISR,2020-12-31,103597,8385046
ISR,2021-01-01,101216,8486262
ISR,2021-01-02,77160,8563422
ISR,2021-01-03,79938,8643360
ISR,2021-01-04,111655,8755015
ISR,2021-01-05,116537,8871552
ISR,2021-01-06,122920,8994472
ISR,2021-01-07,117948,9112420
ISR,2021-01-08,116982,9229402
ISR,2021-01-09,80260,9309662
ISR,2021-01-10,96441,9406103
ISR,2021-01-11,126327,9532430
ISR,2021-01-12,120994,9653424
ISR,2021-01-13,122324,9775748
ISR,2021-01-14,124893,9900641
ISR,2021-01-15,102024,10002665
ISR,2021-01-16,71754,10074419
ISR,2021-01-17,64475,10138894
ISR,2021-01-18,102019,10240913
ISR,2021-01-19,96080,10336993
ISR,2021-01-20,93421,10430414
ISR,2021-01-21,82624,10513038
ISR,2021-01-22,86036,10599074
ISR,2021-01-23,31000,10630074
ISR,2021-01-24,54458,10684532
ISR,2021-01-25,91653,10776185
ISR,2021-01-26,83590,10859775
ISR,2021-01-27,86102,10945877
ISR,2021-01-28,78521,11024398
ISR,2021-01-29,74377,11098775
ISR,2021-01-30,26885,11125660
ISR,2021-01-31,55061,11180721
ISR,2021-02-01,93114,11273835
ISR,2021-02-02,88878,11362713
ISR,2021-02-03,86391,11449104
ISR,2021-02-04,84657,11533761
ISR,2021-02-05,84147,11617908
ISR,2021-02-06,29034,11646942
ISR,2021-02-07,54011,11700953
ISR,2021-02-08,91354,11792307
ISR,2021-02-09,81706,11874013
ISR,2021-02-10,77548,11951561
ISR,2021-02-11,76493,12028054
ISR,2021-02-12,67596,12095650
ISR,2021-02-13,24927,12120577
ISR,2021-02-14,47472,12168049
ISR,2021-02-15,70971,12239020
ISR,2021-02-16,74148,12313168
ISR,2021-02-17,64502,12377670
ISR,2021-02-18,52620,12430290
ISR,2021-02-19,62785,12493075
ISR,2021-02-20,19606,12512681
ISR,2021-02-21,50262,12562943
ISR,2021-02-22,70487,12633430
ISR,2021-02-23,74412,12707842
ISR,2021-02-24,76206,12784048
ISR,2021-02-25,70316,12854364
ISR,2021-02-26,65688,12920052
ISR,2021-02-27,24383,12944435
ISR,2021-02-28,54626,12999061
ISR,2021-03-01,91176,13090237
ISR,2021-03-02,93235,13183472
ISR,2021-03-03,95204,13278676
ISR,2021-03-04,92360,13371036
ISR,2021-03-05,101667,13472703
ISR,2021-03-06,41052,13513755
ISR,2021-03-07,64330,13578085
ISR,2021-03-08,98941,13677026
ISR,2021-03-09,95499,13772525
ISR,2021-03-10,99099,13871624
ISR,2021-03-11,85508,13957132
ISR,2021-03-12,85495,14042627
ISR,2021-03-13,27131,14069758
ISR,2021-03-14,58720,14128478
ISR,2021-03-15,89217,14217695
ISR,2021-03-16,75458,14293153
ISR,2021-03-17,80583,14373736
ISR,2021-03-18,65560,14439296
ISR,2021-03-19,61951,14501247
ISR,2021-03-20,19216,14520463
ISR,2021-03-21,48046,14568509
ISR,2021-03-22,60546,14629055
ISR,2021-03-23,41462,14670517
ISR,2021-03-24,45322,14715839
ISR,2021-03-25,65419,14781258
ISR,2021-03-26,48661,14829919
ISR,2021-03-27,16849,14846768
ISR,2021-03-28,11487,14858255
ISR,2021-03-29,42369,14900624
ISR,2021-03-30,44754,14945378
ISR,2021-03-31,39679,14985057
ISR,2021-04-01,35774,15020831
ISR,2021-04-02,33877,15054708
ISR,2021-04-03,12106,15066814
ISR,2021-04-04,32889,15099703
ISR,2021-04-05,58150,15157853
ISR,2021-04-06,60031,15217884
ISR,2021-04-07,54048,15271932
ISR,2021-04-08,43024,15314956
ISR,2021-04-09,36064,15351020
ISR,2021-04-10,11188,15362208
ISR,2021-04-11,38995,15401203
ISR,2021-04-12,61406,15462609
ISR,2021-04-13,76061,15538670
ISR,2021-04-14,57994,15596664
ISR,2021-04-15,14282,15610946
ISR,2021-04-16,30617,15641563
ISR,2021-04-17,11152,15652715
ISR,2021-04-18,37454,15690169
ISR,2021-04-19,52888,15743057
ISR,2021-04-20,55067,15798124
ISR,2021-04-21,47510,15845634
ISR,2021-04-22,35039,15880673
ISR,2021-04-23,35691,15916364
ISR,2021-04-24,8762,15925126
ISR,2021-04-25,31159,15956285
ISR,2021-04-26,39944,15996229
ISR,2021-04-27,34208,16030437
ISR,2021-04-28,36852,16067289
ISR,2021-04-29,34642,16101931
ISR,2021-04-30,36327,16138258
ISR,2021-05-01,9241,16147499
ISR,2021-05-02,28853,16176352
ISR,2021-05-03,37991,16214343
ISR,2021-05-04,39558,16253901
ISR,2021-05-05,40602,16294503
ISR,2021-05-06,31747,16326250
ISR,2021-05-07,34022,16360272
ISR,2021-05-08,11584,16371856
ISR,2021-05-09,26930,16398786
ISR,2021-05-10,40716,16439502
ISR,2021-05-11,35995,16475497
ISR,2021-05-12,31409,16506906
ISR,2021-05-13,21744,16528650
ISR,2021-05-14,21685,16550335
ISR,2021-05-15,5708,16556043
ISR,2021-05-16,15993,16572036
ISR,2021-05-17,9564,16581600
ISR,2021-05-18,27655,16609255
ISR,2021-05-19,35438,16644693
ISR,2021-05-20,24980,16669673
ISR,2021-05-21,28446,16698119
ISR,2021-05-22,7576,16705695
ISR,2021-05-23,19560,16725255
ISR,2021-05-24,37942,16763197
ISR,2021-05-25,30189,16793386
ISR,2021-05-26,28735,16822121
ISR,2021-05-27,30693,16852814
ISR,2021-05-28,33925,16886739
ISR,2021-05-29,10137,16896876
ISR,2021-05-30,22361,16919237
ISR,2021-05-31,29553,16948790
ISR,2021-06-01,25811,16974601
ISR,2021-06-02,18802,16993403
ISR,2021-06-03,17144,17010547
ISR,2021-06-04,18697,17029244
ISR,2021-06-05,7621,17036865
ISR,2021-06-06,18010,17054875
ISR,2021-06-07,25538,17080413
ISR,2021-06-08,24748,17105161
ISR,2021-06-09,18075,17123236
ISR,2021-06-10,19055,17142291
ISR,2021-06-11,18646,17160937
ISR,2021-06-12,11060,17171997
ISR,2021-06-13,21017,17193014
ISR,2021-06-14,30825,17223839
ISR,2021-06-15,28123,17251962
ISR,2021-06-16,23157,17275119
ISR,2021-06-17,21652,17296771
ISR,2021-06-18,28800,17325571
ISR,2021-06-19,18709,17344280
ISR,2021-06-20,34727,17379007
ISR,2021-06-21,50580,17429587
ISR,2021-06-22,45838,17475425
ISR,2021-06-23,43373,17518798
ISR,2021-06-24,41388,17560186
ISR,2021-06-25,58319,17618505
ISR,2021-06-26,32794,17651299
ISR,2021-06-27,40359,17691658
ISR,2021-06-28,67926,17759584
ITA,2020-04-19,0,0
ITA,2020-04-20,7841,7841
ITA,2020-04-21,28095,35936
ITA,2020-04-22,44248,80184
ITA,2020-04-23,37083,117267
ITA,2020-04-24,95273,212540
ITA,2020-04-25,38676,251216
ITA,2020-04-26,24113,275329
ITA,2020-04-27,26678,302007
ITA,2020-04-28,37554,339561
ITA,2020-04-29,38589,378150
ITA,2020-04-30,41441,419591
ITA,2020-05-01,43732,463323
ITA,2020-05-02,31231,494554
ITA,2020-05-03,27047,521601
ITA,2020-05-04,22999,544600
ITA,2020-05-05,32211,576811
ITA,2020-05-06,37771,614582
ITA,2020-05-07,13665,628247
ITA,2020-05-08,45428,673675
ITA,2020-05-09,36091,709766
ITA,2020-05-10,31384,741150
ITA,2020-05-11,25823,766973
ITA,2020-05-12,39620,806593
ITA,2020-05-13,37049,843642
ITA,2020-05-14,41131,884773
ITA,2020-05-15,39027,923800
ITA,2020-05-16,40657,964457
ITA,2020-05-17,33505,997962
ITA,2020-05-18,26101,1024063
ITA,2020-05-19,40226,1064289
ITA,2020-05-20,38617,1102906
ITA,2020-05-21,40644,1143550
ITA,2020-05-22,42987,1186537
ITA,2020-05-23,42579,1229116
ITA,2020-05-24,34206,1263322
ITA,2020-05-25,20676,1283998
ITA,2020-05-26,33944,1317942
ITA,2020-05-27,37299,1355241
ITA,2020-05-28,39838,1395079
ITA,2020-05-29,38233,1433312
ITA,2020-05-30,36051,1469363
ITA,2020-05-31,28948,1498311
ITA,2020-06-01,18053,1516364
ITA,2020-06-02,25628,1541992
ITA,2020-06-03,20035,1562027
ITA,2020-06-04,27451,1589478
ITA,2020-06-05,40470,1629948
ITA,2020-06-06,34036,1663984
ITA,2020-06-07,27894,1691878
ITA,2020-06-08,16301,1708179
ITA,2020-06-09,32200,1740379
ITA,2020-06-10,37865,1778244
ITA,2020-06-11,32991,1811235
ITA,2020-06-12,37651,1848886
ITA,2020-06-13,32880,1881766
ITA,2020-06-14,29545,1911311
ITA,2020-06-15,17463,1928774
ITA,2020-06-16,27762,1956536
ITA,2020-06-17,33957,1990493
ITA,2020-06-18,32921,2023414
ITA,2020-06-19,28570,2051984
ITA,2020-06-20,29875,2081859
ITA,2020-06-21,24581,2106440
ITA,2020-06-22,16152,2122592
ITA,2020-06-23,23225,2145817
ITA,2020-06-24,30237,2176054
ITA,2020-06-25,29421,2205475
ITA,2020-06-26,28331,2233806
ITA,2020-06-27,29721,2263527
ITA,2020-06-28,21183,2284710
ITA,2020-06-29,15484,2300194
ITA,2020-06-30,28471,2328665
ITA,2020-07-01,29325,2357990
ITA,2020-07-02,29147,2387137
ITA,2020-07-03,25680,2412817
ITA,2020-07-04,28946,2441763
ITA,2020-07-05,21166,2462929
ITA,2020-07-06,13771,2476700
ITA,2020-07-07,22490,2499190
ITA,2020-07-08,28679,2527869
ITA,2020-07-09,29947,2557816
ITA,2020-07-10,27251,2585067
ITA,2020-07-11,25449,2610516
ITA,2020-07-12,23061,2633577
ITA,2020-07-13,14006,2647583
ITA,2020-07-14,24222,2671805
ITA,2020-07-15,28392,2700197
ITA,2020-07-16,28089,2728286
ITA,2020-07-17,28661,2756947
ITA,2020-07-18,27569,2784516
ITA,2020-07-19,20621,2805137
ITA,2020-07-20,14121,2819258
ITA,2020-07-21,23915,2843173
ITA,2020-07-22,29288,2872461
ITA,2020-07-23,33018,2905479
ITA,2020-07-24,28970,2934449
ITA,2020-07-25,28059,2962508
ITA,2020-07-26,25177,2987685
ITA,2020-07-27,19374,3007059
ITA,2020-07-28,25341,3032400
ITA,2020-07-29,30875,3063275
ITA,2020-07-30,33396,3096671
ITA,2020-07-31,29686,3126357
ITA,2020-08-01,31905,3158262
ITA,2020-08-02,24496,3182758
ITA,2020-08-03,13467,3196225
ITA,2020-08-04,23491,3219716
ITA,2020-08-05,29739,3249455
ITA,2020-08-06,32169,3281624
ITA,2020-08-07,30392,3312016
ITA,2020-08-08,26631,3338647
ITA,2020-08-09,22773,3361420
ITA,2020-08-10,10904,3372324
ITA,2020-08-11,22063,3394387
ITA,2020-08-12,27330,3421717
ITA,2020-08-13,25629,3447346
ITA,2020-08-14,24868,3472214
ITA,2020-08-15,25937,3498151
ITA,2020-08-16,22470,3520621
ITA,2020-08-17,21379,3542000
ITA,2020-08-18,32687,3574687
ITA,2020-08-19,41290,3615977
ITA,2020-08-20,49662,3665639
ITA,2020-08-21,44943,3710582
ITA,2020-08-22,46613,3757195
ITA,2020-08-23,47463,3804658
ITA,2020-08-24,33358,3838016
ITA,2020-08-25,45798,3883814
ITA,2020-08-26,58054,3941868
ITA,2020-08-27,57640,3999508
ITA,2020-08-28,65135,4064643
ITA,2020-08-29,64294,4128937
ITA,2020-08-30,53541,4182478
ITA,2020-08-31,42583,4225061
ITA,2020-09-01,54395,4279456
ITA,2020-09-02,66182,4345638
ITA,2020-09-03,61202,4406840
ITA,2020-09-04,72558,4479398
ITA,2020-09-05,69637,4549035
ITA,2020-09-06,53683,4602718
ITA,2020-09-07,40703,4643421
ITA,2020-09-08,57932,4701353
ITA,2020-09-09,63046,4764399
ITA,2020-09-10,57779,4822178
ITA,2020-09-11,61422,4883600
ITA,2020-09-12,56552,4940152
ITA,2020-09-13,48860,4989012
ITA,2020-09-14,31849,5020861
ITA,2020-09-15,50504,5071365
ITA,2020-09-16,58117,5129482
ITA,2020-09-17,62451,5191933
ITA,2020-09-18,60015,5251948
ITA,2020-09-19,60770,5312718
ITA,2020-09-20,54733,5367451
ITA,2020-09-21,39893,5407344
ITA,2020-09-22,49345,5456689
ITA,2020-09-23,63763,5520452
ITA,2020-09-24,64899,5585351
ITA,2020-09-25,64009,5649360
ITA,2020-09-26,62025,5711385
ITA,2020-09-27,53737,5765122
ITA,2020-09-28,32345,5797467
ITA,2020-09-29,53618,5851085
ITA,2020-09-30,62360,5913445
ITA,2020-10-01,67833,5981278
ITA,2020-10-02,71729,6053007
ITA,2020-10-03,69632,6122639
ITA,2020-10-04,59366,6182005
ITA,2020-10-05,36551,6218556
ITA,2020-10-06,62513,6281069
ITA,2020-10-07,80387,6361456
ITA,2020-10-08,68985,6430441
ITA,2020-10-09,77842,6508283
ITA,2020-10-10,80109,6588392
ITA,2020-10-11,68708,6657100
ITA,2020-10-12,59649,6716749
ITA,2020-10-13,70260,6787009
ITA,2020-10-14,87601,6874610
ITA,2020-10-15,98542,6973152
ITA,2020-10-16,92402,7065554
ITA,2020-10-17,103326,7168880
ITA,2020-10-18,95554,7264434
ITA,2020-10-19,65824,7330258
ITA,2020-10-20,87680,7417938
ITA,2020-10-21,106488,7524426
ITA,2020-10-22,104872,7629298
ITA,2020-10-23,114499,7743797
ITA,2020-10-24,109673,7853470
ITA,2020-10-25,101876,7955346
ITA,2020-10-26,78816,8034162
ITA,2020-10-27,106346,8140508
ITA,2020-10-28,121820,8262328
ITA,2020-10-29,118857,8381185
ITA,2020-10-30,129688,8510873
ITA,2020-10-31,132279,8643152
ITA,2020-11-01,117478,8760630
ITA,2020-11-02,87663,8848293
ITA,2020-11-03,109932,8958225
ITA,2020-11-04,127500,9085725
ITA,2020-11-05,134550,9220275
ITA,2020-11-06,134566,9354841
ITA,2020-11-07,137646,9492487
ITA,2020-11-08,119249,9611736
ITA,2020-11-09,88701,9700437
ITA,2020-11-10,129814,9830251
ITA,2020-11-11,126410,9956661
ITA,2020-11-12,133478,10090139
ITA,2020-11-13,144875,10235014
ITA,2020-11-14,135117,10370131
ITA,2020-11-15,110731,10480862
ITA,2020-11-16,89082,10569944
ITA,2020-11-17,114933,10684877
ITA,2020-11-18,124237,10809114
ITA,2020-11-19,138397,10947511
ITA,2020-11-20,116853,11064364
ITA,2020-11-21,121315,11185679
ITA,2020-11-22,104861,11290540
ITA,2020-11-23,77855,11368395
ITA,2020-11-24,95247,11463642
ITA,2020-11-25,114177,11577819
ITA,2020-11-26,110261,11688080
ITA,2020-11-27,106021,11794101
ITA,2020-11-28,112839,11906940
ITA,2020-11-29,80132,11987072
ITA,2020-11-30,64252,12051324
ITA,2020-12-01,85112,12136436
ITA,2020-12-02,95599,12232035
ITA,2020-12-03,97592,12329627
ITA,2020-12-04,83491,12413118
ITA,2020-12-05,894721,13307839
ITA,2020-12-06,-732995,12574844
ITA,2020-12-07,53109,12627953
ITA,2020-12-08,59551,12687504
ITA,2020-12-09,50932,12738436
ITA,2020-12-10,71113,12809549
ITA,2020-12-11,78154,12887703
ITA,2020-12-12,78563,12966266
ITA,2020-12-13,70024,13036290
ITA,2020-12-14,51152,13087442
ITA,2020-12-15,64237,13151679
ITA,2020-12-16,78972,13230651
ITA,2020-12-17,80778,13311429
ITA,2020-12-18,-96651,13214778
ITA,2020-12-19,75112,13289890
ITA,2020-12-20,64294,13354184
ITA,2020-12-21,42338,13396522
ITA,2020-12-22,55016,13451538
ITA,2020-12-23,66673,13518211
ITA,2020-12-24,77185,13595396
ITA,2020-12-25,66707,13662103
ITA,2020-12-26,33883,13695986
ITA,2020-12-27,24757,13720743
ITA,2020-12-28,29665,13750408
ITA,2020-12-29,45702,13796110
ITA,2020-12-30,63748,13859858
ITA,2020-12-31,76798,13936656
ITA,2021-01-01,70010,14006666
ITA,2021-01-02,30451,14037117
ITA,2021-01-03,44310,14081427
ITA,2021-01-04,35417,14116844
ITA,2021-01-05,54512,14171356
ITA,2021-01-06,75719,14247075
ITA,2021-01-07,53423,14300498
ITA,2021-01-08,56858,14357356
ITA,2021-01-09,66417,14423773
ITA,2021-01-10,63105,14486878
ITA,2021-01-11,42553,14529431
ITA,2021-01-12,53604,14583035
ITA,2021-01-13,69626,14652661
ITA,2021-01-14,68603,14721264
ITA,2021-01-15,80885,14802149
ITA,2021-01-16,84965,14887114
ITA,2021-01-17,66603,14953717
ITA,2021-01-18,48882,15002599
ITA,2021-01-19,71881,15074480
ITA,2021-01-20,92244,15166724
ITA,2021-01-21,95360,15262084
ITA,2021-01-22,82194,15344278
ITA,2021-01-23,87519,15431797
ITA,2021-01-24,76297,15508094
ITA,2021-01-25,50925,15559019
ITA,2021-01-26,73626,15632645
ITA,2021-01-27,88275,15720920
ITA,2021-01-28,96755,15817675
ITA,2021-01-29,81172,15898847
ITA,2021-01-30,89375,15988222
ITA,2021-01-31,81590,16069812
ITA,2021-02-01,48838,16118650
ITA,2021-02-02,75200,16193850
ITA,2021-02-03,92902,16286752
ITA,2021-02-04,93437,16380189
ITA,2021-02-05,96247,16476436
ITA,2021-02-06,214748,16691184
ITA,2021-02-07,75611,16766795
ITA,2021-02-08,54895,16821690
ITA,2021-02-09,82716,16904406
ITA,2021-02-10,98617,17003023
ITA,2021-02-11,102605,17105628
ITA,2021-02-12,93062,17198690
ITA,2021-02-13,94016,17292706
ITA,2021-02-14,81458,17374164
ITA,2021-02-15,58526,17432690
ITA,2021-02-16,84428,17517118
ITA,2021-02-17,95408,17612526
ITA,2021-02-18,98001,17710527
ITA,2021-02-19,94883,17805410
ITA,2021-02-20,102150,17907560
ITA,2021-02-21,96581,18004141
ITA,2021-02-22,57115,18061256
ITA,2021-02-23,89156,18150412
ITA,2021-02-24,105805,18256217
ITA,2021-02-25,104200,18360417
ITA,2021-02-26,107952,18468369
ITA,2021-02-27,110202,18578571
ITA,2021-02-28,104451,18683022
ITA,2021-03-01,66978,18750000
ITA,2021-03-02,105249,18855249
ITA,2021-03-03,115872,18971121
ITA,2021-03-04,112202,19083323
ITA,2021-03-05,128288,19211611
ITA,2021-03-06,120236,19331847
ITA,2021-03-07,108807,19440654
ITA,2021-03-08,59549,19500203
ITA,2021-03-09,108303,19608506
ITA,2021-03-10,120946,19729452
ITA,2021-03-11,128418,19857870
ITA,2021-03-12,118066,19975936
ITA,2021-03-13,123913,20099849
ITA,2021-03-14,102855,20202704
ITA,2021-03-15,59780,20262484
ITA,2021-03-16,108868,20371352
ITA,2021-03-17,117709,20489061
ITA,2021-03-18,120510,20609571
ITA,2021-03-19,117301,20726872
ITA,2021-03-20,116833,20843705
ITA,2021-03-21,94153,20937858
ITA,2021-03-22,197947,21135805
ITA,2021-03-23,102043,21237848
ITA,2021-03-24,115211,21353059
ITA,2021-03-25,117697,21470756
ITA,2021-03-26,111080,21581836
ITA,2021-03-27,110934,21692770
ITA,2021-03-28,90663,21783433
ITA,2021-03-29,54756,21838189
ITA,2021-03-30,89793,21927982
ITA,2021-03-31,100838,22028820
ITA,2021-04-01,105276,22134096
ITA,2021-04-02,100058,22234154
ITA,2021-04-03,102873,22337027
ITA,2021-04-04,84342,22421369
ITA,2021-04-05,37472,22458841
ITA,2021-04-06,31142,22489983
ITA,2021-04-07,92018,22582001
ITA,2021-04-08,107968,22689969
ITA,2021-04-09,107583,22797552
ITA,2021-04-10,102269,22899821
ITA,2021-04-11,85401,22985222
ITA,2021-04-12,50091,23035313
ITA,2021-04-13,87678,23122991
ITA,2021-04-14,102005,23224996
ITA,2021-04-15,100552,23325548
ITA,2021-04-16,101576,23427124
ITA,2021-04-17,101648,23528772
ITA,2021-04-18,81308,23610080
ITA,2021-04-19,51235,23661315
ITA,2021-04-20,94970,23756285
ITA,2021-04-21,102679,23858964
ITA,2021-04-22,111105,23970069
ITA,2021-04-23,98920,24068989
ITA,2021-04-24,110008,24178997
ITA,2021-04-25,90589,24269586
ITA,2021-04-26,55113,24324699
ITA,2021-04-27,99016,24423715
ITA,2021-04-28,108017,24531732
ITA,2021-04-29,116435,24648167
ITA,2021-04-30,105585,24753752
ITA,2021-05-01,116821,24870573
ITA,2021-05-02,63555,24934128
ITA,2021-05-03,46748,24980876
ITA,2021-05-04,94374,25075250
ITA,2021-05-05,114357,25189607
ITA,2021-05-06,113249,25302856
ITA,2021-05-07,105538,25408394
ITA,2021-05-08,109485,25517879
ITA,2021-05-09,85848,25603727
ITA,2021-05-10,45942,25649669
ITA,2021-05-11,88130,25737799
ITA,2021-05-12,93786,25831585
ITA,2021-05-13,95978,25927563
ITA,2021-05-14,92015,26019578
ITA,2021-05-15,95627,26115205
ITA,2021-05-16,69463,26184668
ITA,2021-05-17,41226,26225894
ITA,2021-05-18,78223,26304117
ITA,2021-05-19,86178,26390295
ITA,2021-05-20,78957,26469252
ITA,2021-05-21,80498,26549750
ITA,2021-05-22,83919,26633669
ITA,2021-05-23,64515,26698184
ITA,2021-05-24,33517,26731701
ITA,2021-05-25,69724,26801425
ITA,2021-05-26,77505,26878930
ITA,2021-05-27,72915,26951845
ITA,2021-05-28,72389,27024234
ITA,2021-05-29,69175,27093409
ITA,2021-05-30,54803,27148212
ITA,2021-05-31,30210,27178422
ITA,2021-06-01,62470,27240892
ITA,2021-06-02,65900,27306792
ITA,2021-06-03,35665,27342457
ITA,2021-06-04,61028,27403485
ITA,2021-06-05,67471,27470956
ITA,2021-06-06,55305,27526261
ITA,2021-06-07,26724,27552985
ITA,2021-06-08,60389,27613374
ITA,2021-06-09,61537,27674911
ITA,2021-06-10,56945,27731856
ITA,2021-06-11,54919,27786775
ITA,2021-06-12,54728,27841503
ITA,2021-06-13,40582,27882085
ITA,2021-06-14,23989,27906074
ITA,2021-06-15,55507,27961581
ITA,2021-06-16,48672,28010253
ITA,2021-06-17,49716,28059969
ITA,2021-06-18,49462,28109431
ITA,2021-06-19,55499,28164930
ITA,2021-06-20,39477,28204407
ITA,2021-06-21,21721,28226128
ITA,2021-06-22,48575,28274703
ITA,2021-06-23,49813,28324516
ITA,2021-06-24,11429,28335945
ITA,2021-06-25,42411,28378356
ITA,2021-06-26,54030,28432386
ITA,2021-06-27,38080,28470466
ITA,2021-06-28,22236,28492702
ITA,2020-02-24,0,28492702
ITA,2020-02-25,4299,28497001
ITA,2020-02-26,964,28497965
ITA,2020-02-27,2427,28500392
ITA,2020-02-28,3681,28504073
ITA,2020-02-29,2966,28507039
ITA,2020-03-01,2466,28509505
ITA,2020-03-02,2218,28511723
ITA,2020-03-03,2511,28514234
ITA,2020-03-04,3981,28518215
ITA,2020-03-05,2525,28520740
ITA,2020-03-06,3997,28524737
ITA,2020-03-07,5703,28530440
ITA,2020-03-08,7875,28538315
ITA,2020-03-09,3889,28542204
ITA,2020-03-10,6935,28549139
ITA,2020-03-11,12393,28561532
ITA,2020-03-12,12857,28574389
ITA,2020-03-13,11477,28585866
ITA,2020-03-14,11682,28597548
ITA,2020-03-15,15729,28613277
ITA,2020-03-16,13063,28626340
ITA,2020-03-17,10695,28637035
ITA,2020-03-18,16884,28653919
ITA,2020-03-19,17236,28671155
ITA,2020-03-20,24109,28695264
ITA,2020-03-21,26336,28721600
ITA,2020-03-22,25180,28746780
ITA,2020-03-23,17066,28763846
ITA,2020-03-24,21496,28785342
ITA,2020-03-25,27481,28812823
ITA,2020-03-26,36615,28849438
ITA,2020-03-27,33019,28882457
ITA,2020-03-28,35447,28917904
ITA,2020-03-29,24504,28942408
ITA,2020-03-30,23329,28965737
ITA,2020-03-31,29609,28995346
ITA,2020-04-01,34455,29029801
ITA,2020-04-02,39809,29069610
ITA,2020-04-03,38617,29108227
ITA,2020-04-04,37375,29145602
ITA,2020-04-05,34237,29179839
ITA,2020-04-06,30271,29210110
ITA,2020-04-07,33713,29243823
ITA,2020-04-08,51680,29295503
ITA,2020-04-09,46244,29341747
ITA,2020-04-10,53495,29395242
ITA,2020-04-11,56609,29451851
ITA,2020-04-12,46720,29498571
ITA,2020-04-13,36717,29535288
ITA,2020-04-14,26779,29562067
ITA,2020-04-15,43715,29605782
ITA,2020-04-16,60999,29666781
ITA,2020-04-17,65705,29732486
ITA,2020-04-18,61725,29794211
JAM,2020-03-24,0,0
JAM,2020-03-25,0,0
JAM,2020-03-26,0,0
JAM,2020-03-27,0,0
JAM,2020-03-28,0,0
JAM,2020-03-29,34,34
JAM,2020-03-30,0,34
JAM,2020-03-31,0,34
JAM,2020-04-01,0,34
JAM,2020-04-02,0,34
JAM,2020-04-03,0,34
JAM,2020-04-04,0,34
JAM,2020-04-05,0,34
JAM,2020-04-06,0,34
JAM,2020-04-07,0,34
JAM,2020-04-08,0,34
JAM,2020-04-09,0,34
JAM,2020-04-10,0,34
JAM,2020-04-11,0,34
JAM,2020-04-12,0,34
JAM,2020-04-13,0,34
JAM,2020-04-14,0,34
JAM,2020-04-15,0,34
JAM,2020-04-16,0,34
JAM,2020-04-17,0,34
JAM,2020-04-18,64,98
JAM,2020-04-19,0,98
JAM,2020-04-20,0,98
JAM,2020-04-21,141,239
JAM,2020-04-22,0,239
JAM,2020-04-23,0,239
JAM,2020-04-24,385,624
JAM,2020-04-25,0,624
JAM,2020-04-26,0,624
JAM,2020-04-27,0,624
JAM,2020-04-28,0,624
JAM,2020-04-29,0,624
JAM,2020-04-30,456,1080
JAM,2020-05-01,320,1400
JAM,2020-05-02,440,1840
JAM,2020-05-03,416,2256
JAM,2020-05-04,0,2256
JAM,2020-05-05,0,2256
JAM,2020-05-06,0,2256
JAM,2020-05-07,0,2256
JAM,2020-05-08,0,2256
JAM,2020-05-09,0,2256
JAM,2020-05-10,0,2256
JAM,2020-05-11,0,2256
JAM,2020-05-12,0,2256
JAM,2020-05-13,0,2256
JAM,2020-05-14,0,2256
JAM,2020-05-15,0,2256
JAM,2020-05-16,242,2498
JAM,2020-05-17,322,2820
JAM,2020-05-18,0,2820
JAM,2020-05-19,0,2820
JAM,2020-05-20,195,3015
JAM,2020-05-21,157,3172
JAM,2020-05-22,372,3544
JAM,2020-05-23,413,3957
JAM,2020-05-24,315,4272
JAM,2020-05-25,335,4607
JAM,2020-05-26,0,4607
JAM,2020-05-27,0,4607
JAM,2020-05-28,201,4808
JAM,2020-05-29,602,5410
JAM,2020-05-30,310,5720
JAM,2020-05-31,328,6048
JAM,2020-06-01,492,6540
JAM,2020-06-02,215,6755
JAM,2020-06-03,0,6755
JAM,2020-06-04,0,6755
JAM,2020-06-05,378,7133
JAM,2020-06-06,230,7363
JAM,2020-06-07,361,7724
JAM,2020-06-08,215,7939
JAM,2020-06-09,209,8148
JAM,2020-06-10,138,8286
JAM,2020-06-11,319,8605
JAM,2020-06-12,372,8977
JAM,2020-06-13,297,9274
JAM,2020-06-14,344,9618
JAM,2020-06-15,398,10016
JAM,2020-06-16,55,10071
JAM,2020-06-17,516,10587
JAM,2020-06-18,1149,11736
JAM,2020-06-19,992,12728
JAM,2020-06-20,544,13272
JAM,2020-06-21,274,13546
JAM,2020-06-22,843,14389
JAM,2020-06-23,379,14768
JAM,2020-06-24,602,15370
JAM,2020-06-25,451,15821
JAM,2020-06-26,615,16436
JAM,2020-06-27,256,16692
JAM,2020-06-28,277,16969
JAM,2020-06-29,319,17288
JAM,2020-06-30,327,17615
JAM,2020-07-01,444,18059
JAM,2020-07-02,285,18344
JAM,2020-07-03,510,18854
JAM,2020-07-04,259,19113
JAM,2020-07-05,529,19642
JAM,2020-07-06,269,19911
JAM,2020-07-07,343,20254
JAM,2020-07-08,217,20471
JAM,2020-07-09,176,20647
JAM,2020-07-10,300,20947
JAM,2020-07-11,255,21202
JAM,2020-07-12,130,21332
JAM,2020-07-13,232,21564
JAM,2020-07-14,154,21718
JAM,2020-07-15,354,22072
JAM,2020-07-16,483,22555
JAM,2020-07-17,208,22763
JAM,2020-07-18,568,23331
JAM,2020-07-19,733,24064
JAM,2020-07-20,1093,25157
JAM,2020-07-21,494,25651
JAM,2020-07-22,628,26279
JAM,2020-07-23,589,26868
JAM,2020-07-24,900,27768
JAM,2020-07-25,757,28525
JAM,2020-07-26,775,29300
JAM,2020-07-27,602,29902
JAM,2020-07-28,413,30315
JAM,2020-07-29,318,30633
JAM,2020-07-30,579,31212
JAM,2020-07-31,626,31838
JAM,2020-08-01,322,32160
JAM,2020-08-02,703,32863
JAM,2020-08-03,335,33198
JAM,2020-08-04,621,33819
JAM,2020-08-05,605,34424
JAM,2020-08-06,541,34965
JAM,2020-08-07,598,35563
JAM,2020-08-08,529,36092
JAM,2020-08-09,397,36489
JAM,2020-08-10,384,36873
JAM,2020-08-11,591,37464
JAM,2020-08-12,549,38013
JAM,2020-08-13,354,38367
JAM,2020-08-14,425,38792
JAM,2020-08-15,507,39299
JAM,2020-08-16,292,39591
JAM,2020-08-17,415,40006
JAM,2020-08-18,933,40939
JAM,2020-08-19,1320,42259
JAM,2020-08-20,1482,43741
JAM,2020-08-21,1080,44821
JAM,2020-08-22,743,45564
JAM,2020-08-23,888,46452
JAM,2020-08-24,665,47117
JAM,2020-08-25,603,47720
JAM,2020-08-26,441,48161
JAM,2020-08-27,514,48675
JAM,2020-08-28,889,49564
JAM,2020-08-29,581,50145
JAM,2020-08-30,1204,51349
JAM,2020-08-31,828,52177
JAM,2020-09-01,1202,53379
JAM,2020-09-02,920,54299
JAM,2020-09-03,461,54760
JAM,2020-09-04,568,55328
JAM,2020-09-05,351,55679
JAM,2020-09-06,639,56318
JAM,2020-09-07,0,56318
JAM,2020-09-08,0,56318
JAM,2020-09-09,915,57233
JAM,2020-09-10,486,57719
JAM,2020-09-11,662,58381
JAM,2020-09-12,632,59013
JAM,2020-09-13,625,59638
JAM,2020-09-14,518,60156
JAM,2020-09-15,535,60691
JAM,2020-09-16,1049,61740
JAM,2020-09-17,971,62711
JAM,2020-09-18,638,63349
JAM,2020-09-19,631,63980
JAM,2020-09-20,629,64609
JAM,2020-09-21,577,65186
JAM,2020-09-22,538,65724
JAM,2020-09-23,695,66419
JAM,2020-09-24,641,67060
JAM,2020-09-25,640,67700
JAM,2020-09-26,701,68401
JAM,2020-09-27,646,69047
JAM,2020-09-28,871,69918
JAM,2020-09-29,354,70272
JAM,2020-09-30,350,70622
JAM,2020-10-01,534,71156
JAM,2020-10-02,549,71705
JAM,2020-10-03,536,72241
JAM,2020-10-04,541,72782
JAM,2020-10-05,728,73510
JAM,2020-10-06,551,74061
JAM,2020-10-07,547,74608
JAM,2020-10-08,554,75162
JAM,2020-10-09,902,76064
JAM,2020-10-10,363,76427
JAM,2020-10-11,543,76970
JAM,2020-10-12,541,77511
JAM,2020-10-13,460,77971
JAM,2020-10-14,454,78425
JAM,2020-10-15,552,78977
JAM,2020-10-16,645,79622
JAM,2020-10-17,362,79984
JAM,2020-10-18,555,80539
JAM,2020-10-19,464,81003
JAM,2020-10-20,651,81654
JAM,2020-10-21,838,82492
JAM,2020-10-22,649,83141
JAM,2020-10-23,550,83691
JAM,2020-10-24,461,84152
JAM,2020-10-25,459,84611
JAM,2020-10-26,457,85068
JAM,2020-10-27,464,85532
JAM,2020-10-28,555,86087
JAM,2020-10-29,642,86729
JAM,2020-10-30,726,87455
JAM,2020-10-31,726,88181
JAM,2020-11-01,742,88923
JAM,2020-11-02,579,89502
JAM,2020-11-03,565,90067
JAM,2020-11-04,556,90623
JAM,2020-11-05,636,91259
JAM,2020-11-06,551,91810
JAM,2020-11-07,444,92254
JAM,2020-11-08,484,92738
JAM,2020-11-09,367,93105
JAM,2020-11-10,370,93475
JAM,2020-11-11,549,94024
JAM,2020-11-12,1001,95025
JAM,2020-11-13,564,95589
JAM,2020-11-14,853,96442
JAM,2020-11-15,555,96997
JAM,2020-11-16,467,97464
JAM,2020-11-17,834,98298
JAM,2020-11-18,656,98954
JAM,2020-11-19,653,99607
JAM,2020-11-20,653,100260
JAM,2020-11-21,617,100877
JAM,2020-11-22,668,101545
JAM,2020-11-23,656,102201
JAM,2020-11-24,831,103032
JAM,2020-11-25,610,103642
JAM,2020-11-26,665,104307
JAM,2020-11-27,720,105027
JAM,2020-11-28,704,105731
JAM,2020-11-29,647,106378
JAM,2020-11-30,858,107236
JAM,2020-12-01,665,107901
JAM,2020-12-02,656,108557
JAM,2020-12-03,811,109368
JAM,2020-12-04,730,110098
JAM,2020-12-05,701,110799
JAM,2020-12-06,1040,111839
JAM,2020-12-07,933,112772
JAM,2020-12-08,1114,113886
JAM,2020-12-09,744,114630
JAM,2020-12-10,647,115277
JAM,2020-12-11,663,115940
JAM,2020-12-12,1079,117019
JAM,2020-12-13,1220,118239
JAM,2020-12-14,850,119089
JAM,2020-12-15,589,119678
JAM,2020-12-16,738,120416
JAM,2020-12-17,1153,121569
JAM,2020-12-18,1037,122606
JAM,2020-12-19,1081,123687
JAM,2020-12-20,651,124338
JAM,2020-12-21,608,124946
JAM,2020-12-22,821,125767
JAM,2020-12-23,1113,126880
JAM,2020-12-24,0,126880
JAM,2020-12-25,0,126880
JAM,2020-12-26,0,126880
JAM,2020-12-27,0,126880
JAM,2020-12-28,0,126880
JAM,2020-12-29,0,126880
JAM,2020-12-30,0,126880
JAM,2020-12-31,0,126880
JAM,2021-01-01,0,126880
JAM,2021-01-02,0,126880
JAM,2021-01-03,0,126880
JAM,2021-01-04,0,126880
JAM,2021-01-05,0,126880
JAM,2021-01-06,0,126880
JAM,2021-01-07,0,126880
JAM,2021-01-08,0,126880
JAM,2021-01-09,0,126880
JAM,2021-01-10,0,126880
JAM,2021-01-11,0,126880
JAM,2021-01-12,0,126880
JAM,2021-01-13,0,126880
JAM,2021-01-14,0,126880
JAM,2021-01-15,0,126880
JAM,2021-01-16,0,126880
JAM,2021-01-17,0,126880
JAM,2021-01-18,0,126880
JAM,2021-01-19,0,126880
JAM,2021-01-20,0,126880
JAM,2021-01-21,0,126880
JAM,2021-01-22,0,126880
JAM,2021-01-23,0,126880
JAM,2021-01-24,0,126880
JAM,2021-01-25,831,127711
JAM,2021-01-26,0,127711
JAM,2021-01-27,0,127711
JAM,2021-01-28,0,127711
JAM,2021-01-29,0,127711
JAM,2021-01-30,0,127711
JAM,2021-01-31,0,127711
JAM,2021-02-01,0,127711
JAM,2021-02-02,0,127711
JAM,2021-02-03,1092,128803
JAM,2021-02-04,0,128803
JAM,2021-02-05,0,128803
JAM,2021-02-06,0,128803
JAM,2021-02-07,0,128803
JAM,2021-02-08,0,128803
JAM,2021-02-09,0,128803
JAM,2021-02-10,1314,130117
JAM,2021-02-11,0,130117
JAM,2021-02-12,0,130117
JAM,2021-02-13,0,130117
JAM,2021-02-14,0,130117
JAM,2021-02-15,0,130117
JAM,2021-02-16,0,130117
JAM,2021-02-17,0,130117
JAM,2021-02-18,0,130117
JAM,2021-02-19,0,130117
JAM,2021-02-20,0,130117
JAM,2021-02-21,0,130117
JAM,2021-02-22,0,130117
JAM,2021-02-23,0,130117
JAM,2021-02-24,0,130117
JAM,2021-02-25,0,130117
JAM,2021-02-26,0,130117
JAM,2021-02-27,0,130117
JAM,2021-02-28,0,130117
JAM,2021-03-01,0,130117
JAM,2021-03-02,0,130117
JAM,2021-03-03,0,130117
JAM,2021-03-04,0,130117
JAM,2021-03-05,0,130117
JAM,2021-03-06,0,130117
JAM,2021-03-07,0,130117
JAM,2021-03-08,0,130117
JAM,2021-03-09,0,130117
JAM,2021-03-10,0,130117
JAM,2021-03-11,0,130117
JAM,2021-03-12,0,130117
JAM,2021-03-13,0,130117
JAM,2021-03-14,0,130117
JAM,2021-03-15,0,130117
JAM,2021-03-16,0,130117
JAM,2021-03-17,0,130117
JAM,2021-03-18,0,130117
JAM,2021-03-19,0,130117
JAM,2021-03-20,0,130117
JAM,2021-03-21,0,130117
JAM,2021-03-22,0,130117
JAM,2021-03-23,0,130117
JAM,2021-03-24,2225,132342
JAM,2021-03-25,0,132342
JAM,2021-03-26,0,132342
JAM,2021-03-27,0,132342
JAM,2021-03-28,0,132342
JAM,2021-03-29,2029,134371
JAM,2021-03-30,2304,136675
JAM,2021-03-31,1193,137868
JAM,2021-04-01,2878,140746
JAM,2021-04-02,2976,143722
JAM,2021-04-03,0,143722
JAM,2021-04-04,0,143722
JAM,2021-04-05,0,143722
JAM,2021-04-06,0,143722
JAM,2021-04-07,0,143722
JAM,2021-04-08,0,143722
JAM,2021-04-09,0,143722
JAM,2021-04-10,2860,146582
JAM,2021-04-11,0,146582
JAM,2021-04-12,0,146582
JAM,2021-04-13,1704,148286
JAM,2021-04-14,1341,149627
JAM,2021-04-15,0,149627
JAM,2021-04-16,0,149627
JAM,2021-04-17,0,149627
JAM,2021-04-18,0,149627
JAM,2021-04-19,0,149627
JAM,2021-04-20,0,149627
JAM,2021-04-21,0,149627
JAM,2021-04-22,0,149627
JAM,2021-04-23,0,149627
JAM,2021-04-24,0,149627
JAM,2021-04-25,0,149627
JAM,2021-04-26,0,149627
JAM,2021-04-27,0,149627
JAM,2021-04-28,1325,150952
JAM,2021-04-29,0,150952
JAM,2021-04-30,0,150952
JAM,2021-05-01,0,150952
JAM,2021-05-02,0,150952
JAM,2021-05-03,0,150952
JAM,2021-05-04,0,150952
JAM,2021-05-05,0,150952
JAM,2021-05-06,0,150952
JAM,2021-05-07,0,150952
JAM,2021-05-08,0,150952
JAM,2021-05-09,0,150952
JAM,2021-05-10,0,150952
JAM,2021-05-11,0,150952
JAM,2021-05-12,0,150952
JAM,2021-05-13,0,150952
JAM,2021-05-14,0,150952
JAM,2021-05-15,0,150952
JAM,2021-05-16,0,150952
JAM,2021-05-17,0,150952
JAM,2021-05-18,0,150952
JAM,2021-05-19,0,150952
JAM,2021-05-20,0,150952
JAM,2021-05-21,0,150952
JAM,2021-05-22,0,150952
JAM,2021-05-23,0,150952
JAM,2021-05-24,0,150952
JAM,2021-05-25,0,150952
JAM,2021-05-26,0,150952
JAM,2021-05-27,0,150952
JAM,2021-05-28,0,150952
JAM,2021-05-29,0,150952
JAM,2021-05-30,0,150952
JAM,2021-05-31,0,150952
JAM,2021-06-01,0,150952
JAM,2021-06-02,0,150952
JAM,2021-06-03,0,150952
JAM,2021-06-04,0,150952
JAM,2021-06-05,0,150952
JAM,2021-06-06,0,150952
JAM,2021-06-07,0,150952
JAM,2021-06-08,0,150952
JAM,2021-06-09,0,150952
JAM,2021-06-10,0,150952
JAM,2021-06-11,0,150952
JAM,2021-06-12,0,150952
JAM,2021-06-13,0,150952
JAM,2021-06-14,0,150952
JAM,2021-06-15,0,150952
JAM,2021-06-16,0,150952
JAM,2021-06-17,2181,153133
JAM,2021-06-18,2980,156113
JAM,2021-06-19,2530,158643
JAM,2021-06-20,2083,160726
JAM,2021-06-21,1953,162679
JAM,2021-06-22,1804,164483
JAM,2021-06-23,2612,167095
JAM,2021-06-24,1822,168917
JAM,2021-06-25,1718,170635
JAM,2021-06-26,2059,172694
JPN,2020-02-05,4,4
JPN,2020-02-06,19,23
JPN,2020-02-07,9,32
JPN,2020-02-08,4,36
JPN,2020-02-09,10,46
JPN,2020-02-10,12,58
JPN,2020-02-11,4,62
JPN,2020-02-12,10,72
JPN,2020-02-13,16,88
JPN,2020-02-14,43,131
JPN,2020-02-15,86,217
JPN,2020-02-16,65,282
JPN,2020-02-17,113,395
JPN,2020-02-18,9,404
JPN,2020-02-19,71,475
JPN,2020-02-20,90,565
JPN,2020-02-21,85,650
JPN,2020-02-22,96,746
JPN,2020-02-23,39,785
JPN,2020-02-24,104,889
JPN,2020-02-25,44,933
JPN,2020-02-26,168,1101
JPN,2020-02-27,151,1252
JPN,2020-02-28,130,1382
JPN,2020-02-29,178,1560
JPN,2020-03-01,96,1656
JPN,2020-03-02,71,1727
JPN,2020-03-03,153,1880
JPN,2020-03-04,3940,5820
JPN,2020-03-05,699,6519
JPN,2020-03-06,553,7072
JPN,2020-03-07,147,7219
JPN,2020-03-08,110,7329
JPN,2020-03-09,1314,8643
JPN,2020-03-10,424,9067
JPN,2020-03-11,181,9248
JPN,2020-03-12,1855,11103
JPN,2020-03-13,859,11962
JPN,2020-03-14,107,12069
JPN,2020-03-15,42,12111
JPN,2020-03-16,2083,14194
JPN,2020-03-17,203,14397
JPN,2020-03-18,0,14397
JPN,2020-03-19,3490,17887
JPN,2020-03-20,119,18006
JPN,2020-03-21,132,18138
JPN,2020-03-22,56,18194
JPN,2020-03-23,3862,22056
JPN,2020-03-24,0,22056
JPN,2020-03-25,674,22730
JPN,2020-03-26,1805,24535
JPN,2020-03-27,1442,25977
JPN,2020-03-28,296,26273
JPN,2020-03-29,206,26479
JPN,2020-03-30,3481,29960
JPN,2020-03-31,1914,31874
JPN,2020-04-01,0,31874
JPN,2020-04-02,4685,36559
JPN,2020-04-03,3305,39864
JPN,2020-04-04,271,40135
JPN,2020-04-05,218,40353
JPN,2020-04-06,7876,48229
JPN,2020-04-07,4544,52773
JPN,2020-04-08,1383,54156
JPN,2020-04-09,2841,56997
JPN,2020-04-10,5389,62386
JPN,2020-04-11,1644,64030
JPN,2020-04-12,57,64087
JPN,2020-04-13,9252,73339
JPN,2020-04-14,8255,81594
JPN,2020-04-15,693,82287
JPN,2020-04-16,5325,87612
JPN,2020-04-17,4149,91761
JPN,2020-04-18,1004,92765
JPN,2020-04-19,2953,95718
JPN,2020-04-20,6816,102534
JPN,2020-04-21,5542,108076
JPN,2020-04-22,4415,112491
JPN,2020-04-23,5349,117840
JPN,2020-04-24,5187,123027
JPN,2020-04-25,1250,124277
JPN,2020-04-26,1136,125413
JPN,2020-04-27,8545,133958
JPN,2020-04-28,3244,137202
JPN,2020-04-29,879,138081
JPN,2020-04-30,8126,146207
JPN,2020-05-01,6820,153027
JPN,2020-05-02,880,153907
JPN,2020-05-03,1012,154919
JPN,2020-05-04,1332,156251
JPN,2020-05-05,1569,157820
JPN,2020-05-06,447,158267
JPN,2020-05-07,13005,171272
JPN,2020-05-08,10680,181952
JPN,2020-05-09,2265,184217
JPN,2020-05-10,3995,188212
JPN,2020-05-11,5993,194205
JPN,2020-05-12,288,194493
JPN,2020-05-13,10074,204567
JPN,2020-05-14,5866,210433
JPN,2020-05-15,3092,213525
JPN,2020-05-16,4337,217862
JPN,2020-05-17,4987,222849
JPN,2020-05-18,5980,228829
JPN,2020-05-19,3221,232050
JPN,2020-05-20,3669,235719
JPN,2020-05-21,4580,240299
JPN,2020-05-22,3495,243794
JPN,2020-05-23,2769,246563
JPN,2020-05-24,1252,247815
JPN,2020-05-25,3620,251435
JPN,2020-05-26,2994,254429
JPN,2020-05-27,3004,257433
JPN,2020-05-28,3981,261414
JPN,2020-05-29,3501,264915
JPN,2020-05-30,2652,267567
JPN,2020-05-31,1657,269224
JPN,2020-06-01,3789,273013
JPN,2020-06-02,4526,277539
JPN,2020-06-03,3979,281518
JPN,2020-06-04,4600,286118
JPN,2020-06-05,4939,291057
JPN,2020-06-06,3220,294277
JPN,2020-06-07,1725,296002
JPN,2020-06-08,4516,300518
JPN,2020-06-09,4600,305118
JPN,2020-06-10,5092,310210
JPN,2020-06-11,4573,314783
JPN,2020-06-12,5145,319928
JPN,2020-06-13,2633,322561
JPN,2020-06-14,1451,324012
JPN,2020-06-15,4300,328312
JPN,2020-06-16,4462,332774
JPN,2020-06-17,1348,334122
JPN,2020-06-18,6176,340298
JPN,2020-06-19,4823,345121
JPN,2020-06-20,2474,347595
JPN,2020-06-21,4127,351722
JPN,2020-06-22,5376,357098
JPN,2020-06-23,3722,360820
JPN,2020-06-24,4979,365799
JPN,2020-06-25,4455,370254
JPN,2020-06-26,4758,375012
JPN,2020-06-27,3533,378545
JPN,2020-06-28,1513,380058
JPN,2020-06-29,5510,385568
JPN,2020-06-30,4651,390219
JPN,2020-07-01,6564,396783
JPN,2020-07-02,5460,402243
JPN,2020-07-03,6597,408840
JPN,2020-07-04,3134,411974
JPN,2020-07-05,2618,414592
JPN,2020-07-06,8228,422820
JPN,2020-07-07,7099,429919
JPN,2020-07-08,7725,437644
JPN,2020-07-09,7700,445344
JPN,2020-07-10,8955,454299
JPN,2020-07-11,5362,459661
JPN,2020-07-12,1838,461499
JPN,2020-07-13,10552,472051
JPN,2020-07-14,11154,483205
JPN,2020-07-15,11343,494548
JPN,2020-07-16,16683,511231
JPN,2020-07-17,12994,524225
JPN,2020-07-18,7166,531391
JPN,2020-07-19,3262,534653
JPN,2020-07-20,15959,550612
JPN,2020-07-21,12114,562726
JPN,2020-07-22,16357,579083
JPN,2020-07-23,8310,587393
JPN,2020-07-24,5695,593088
JPN,2020-07-25,9530,602618
JPN,2020-07-26,3785,606403
JPN,2020-07-27,24182,630585
JPN,2020-07-28,18086,648671
JPN,2020-07-29,18669,667340
JPN,2020-07-30,19687,687027
JPN,2020-07-31,17354,704381
JPN,2020-08-01,9606,713987
JPN,2020-08-02,10599,724586
JPN,2020-08-03,25794,750380
JPN,2020-08-04,18740,769120
JPN,2020-08-05,39723,808843
JPN,2020-08-06,22015,830858
JPN,2020-08-07,22698,853556
JPN,2020-08-08,13676,867232
JPN,2020-08-09,13336,880568
JPN,2020-08-10,6440,887008
JPN,2020-08-11,32939,919947
JPN,2020-08-12,25782,945729
JPN,2020-08-13,21062,966791
JPN,2020-08-14,55240,1022031
JPN,2020-08-15,11750,1033781
JPN,2020-08-16,7438,1041219
JPN,2020-08-17,25835,1067054
JPN,2020-08-18,21130,1088184
JPN,2020-08-19,21937,1110121
JPN,2020-08-20,21889,1132010
JPN,2020-08-21,21866,1153876
JPN,2020-08-22,13348,1167224
JPN,2020-08-23,10953,1178177
JPN,2020-08-24,22051,1200228
JPN,2020-08-25,18238,1218466
JPN,2020-08-26,19353,1237819
JPN,2020-08-27,21546,1259365
JPN,2020-08-28,18597,1277962
JPN,2020-08-29,12915,1290877
JPN,2020-08-30,9577,1300454
JPN,2020-08-31,21529,1321983
JPN,2020-09-01,18131,1340114
JPN,2020-09-02,24123,1364237
JPN,2020-09-03,22991,1387228
JPN,2020-09-04,15457,1402685
JPN,2020-09-05,11930,1414615
JPN,2020-09-06,4175,1418790
JPN,2020-09-07,24012,1442802
JPN,2020-09-08,14637,1457439
JPN,2020-09-09,23072,1480511
JPN,2020-09-10,22306,1502817
JPN,2020-09-11,16479,1519296
JPN,2020-09-12,10545,1529841
JPN,2020-09-13,472,1530313
JPN,2020-09-14,25446,1555759
JPN,2020-09-15,20163,1575922
JPN,2020-09-16,18314,1594236
JPN,2020-09-17,23313,1617549
JPN,2020-09-18,17605,1635154
JPN,2020-09-19,9530,1644684
JPN,2020-09-20,6153,1650837
JPN,2020-09-21,2778,1653615
JPN,2020-09-22,3386,1657001
JPN,2020-09-23,26925,1683926
JPN,2020-09-24,19021,1702947
JPN,2020-09-25,28526,1731473
JPN,2020-09-26,10522,1741995
JPN,2020-09-27,4550,1746545
JPN,2020-09-28,19750,1766295
JPN,2020-09-29,103676,1869971
JPN,2020-09-30,19462,1889433
JPN,2020-10-01,17671,1907104
JPN,2020-10-02,21860,1928964
JPN,2020-10-03,13684,1942648
JPN,2020-10-04,4928,1947576
JPN,2020-10-05,21865,1969441
JPN,2020-10-06,20435,1989876
JPN,2020-10-07,21401,2011277
JPN,2020-10-08,21397,2032674
JPN,2020-10-09,19697,2052371
JPN,2020-10-10,10803,2063174
JPN,2020-10-11,5077,2068251
JPN,2020-10-12,23235,2091486
JPN,2020-10-13,19828,2111314
JPN,2020-10-14,21837,2133151
JPN,2020-10-15,20737,2153888
JPN,2020-10-16,20701,2174589
JPN,2020-10-17,9896,2184485
JPN,2020-10-18,5123,2189608
JPN,2020-10-19,21920,2211528
JPN,2020-10-20,15486,2227014
JPN,2020-10-21,22144,2249158
JPN,2020-10-22,23418,2272576
JPN,2020-10-23,22880,2295456
JPN,2020-10-24,13211,2308667
JPN,2020-10-25,5427,2314094
JPN,2020-10-26,22602,2336696
JPN,2020-10-27,25714,2362410
JPN,2020-10-28,23064,2385474
JPN,2020-10-29,20504,2405978
JPN,2020-10-30,21782,2427760
JPN,2020-10-31,11398,2439158
JPN,2020-11-01,6214,2445372
JPN,2020-11-02,21535,2466907
JPN,2020-11-03,7477,2474384
JPN,2020-11-04,21840,2496224
JPN,2020-11-05,29533,2525757
JPN,2020-11-06,28237,2553994
JPN,2020-11-07,13460,2567454
JPN,2020-11-08,8004,2575458
JPN,2020-11-09,25476,2600934
JPN,2020-11-10,25179,2626113
JPN,2020-11-11,33681,2659794
JPN,2020-11-12,29912,2689706
JPN,2020-11-13,24038,2713744
JPN,2020-11-14,16651,2730395
JPN,2020-11-15,9127,2739522
JPN,2020-11-16,30109,2769631
JPN,2020-11-17,27634,2797265
JPN,2020-11-18,34630,2831895
JPN,2020-11-19,37810,2869705
JPN,2020-11-20,41770,2911475
JPN,2020-11-21,24924,2936399
JPN,2020-11-22,20389,2956788
JPN,2020-11-23,9560,2966348
JPN,2020-11-24,43773,3010121
JPN,2020-11-25,41052,3051173
JPN,2020-11-26,42634,3093807
JPN,2020-11-27,43351,3137158
JPN,2020-11-28,22307,3159465
JPN,2020-11-29,11975,3171440
JPN,2020-11-30,41335,3212775
JPN,2020-12-01,44289,3257064
JPN,2020-12-02,43236,3300300
JPN,2020-12-03,36823,3337123
JPN,2020-12-04,38145,3375268
JPN,2020-12-05,22313,3397581
JPN,2020-12-06,17612,3415193
JPN,2020-12-07,37737,3452930
JPN,2020-12-08,40060,3492990
JPN,2020-12-09,54557,3547547
JPN,2020-12-10,44612,3592159
JPN,2020-12-11,53834,3645993
JPN,2020-12-12,28203,3674196
JPN,2020-12-13,13144,3687340
JPN,2020-12-14,53758,3741098
JPN,2020-12-15,45817,3786915
JPN,2020-12-16,54303,3841218
JPN,2020-12-17,62439,3903657
JPN,2020-12-18,56421,3960078
JPN,2020-12-19,27049,3987127
JPN,2020-12-20,12282,3999409
JPN,2020-12-21,55650,4055059
JPN,2020-12-22,31110,4086169
JPN,2020-12-23,72258,4158427
JPN,2020-12-24,63512,4221939
JPN,2020-12-25,60261,4282200
JPN,2020-12-26,32677,4314877
JPN,2020-12-27,11963,4326840
JPN,2020-12-28,74383,4401223
JPN,2020-12-29,24850,4426073
JPN,2020-12-30,21069,4447142
JPN,2020-12-31,39575,4486717
JPN,2021-01-01,25072,4511789
JPN,2021-01-02,8746,4520535
JPN,2021-01-03,20291,4540826
JPN,2021-01-04,84338,4625164
JPN,2021-01-05,88446,4713610
JPN,2021-01-06,73967,4787577
JPN,2021-01-07,81440,4869017
JPN,2021-01-08,63373,4932390
JPN,2021-01-09,35730,4968120
JPN,2021-01-10,24008,4992128
JPN,2021-01-11,19942,5012070
JPN,2021-01-12,86551,5098621
JPN,2021-01-13,81255,5179876
JPN,2021-01-14,101255,5281131
JPN,2021-01-15,70610,5351741
JPN,2021-01-16,44662,5396403
JPN,2021-01-17,16038,5412441
JPN,2021-01-18,80773,5493214
JPN,2021-01-19,103313,5596527
JPN,2021-01-20,86804,5683331
JPN,2021-01-21,85769,5769100
JPN,2021-01-22,101273,5870373
JPN,2021-01-23,37116,5907489
JPN,2021-01-24,18784,5926273
JPN,2021-01-25,81941,6008214
JPN,2021-01-26,66335,6074549
JPN,2021-01-27,90824,6165373
JPN,2021-01-28,64332,6229705
JPN,2021-01-29,82296,6312001
JPN,2021-01-30,40425,6352426
JPN,2021-01-31,17772,6370198
JPN,2021-02-01,67269,6437467
JPN,2021-02-02,59110,6496577
JPN,2021-02-03,68807,6565384
JPN,2021-02-04,61902,6627286
JPN,2021-02-05,71144,6698430
JPN,2021-02-06,33043,6731473
JPN,2021-02-07,18191,6749664
JPN,2021-02-08,58499,6808163
JPN,2021-02-09,78153,6886316
JPN,2021-02-10,65352,6951668
JPN,2021-02-11,32865,6984533
JPN,2021-02-12,56650,7041183
JPN,2021-02-13,30220,7071403
JPN,2021-02-14,14716,7086119
JPN,2021-02-15,58421,7144540
JPN,2021-02-16,59849,7204389
JPN,2021-02-17,61138,7265527
JPN,2021-02-18,54504,7320031
JPN,2021-02-19,74955,7394986
JPN,2021-02-20,31579,7426565
JPN,2021-02-21,14683,7441248
JPN,2021-02-22,54180,7495428
JPN,2021-02-23,18324,7513752
JPN,2021-02-24,54702,7568454
JPN,2021-02-25,59234,7627688
JPN,2021-02-26,57864,7685552
JPN,2021-02-27,29196,7714748
JPN,2021-02-28,19775,7734523
JPN,2021-03-01,60090,7794613
JPN,2021-03-02,82324,7876937
JPN,2021-03-03,30168,7907105
JPN,2021-03-04,68856,7975961
JPN,2021-03-05,45153,8021114
JPN,2021-03-06,31058,8052172
JPN,2021-03-07,14409,8066581
JPN,2021-03-08,67917,8134498
JPN,2021-03-09,40237,8174735
JPN,2021-03-10,60152,8234887
JPN,2021-03-11,56851,8291738
JPN,2021-03-12,55562,8347300
JPN,2021-03-13,31295,8378595
JPN,2021-03-14,17266,8395861
JPN,2021-03-15,49870,8445731
JPN,2021-03-16,47776,8493507
JPN,2021-03-17,84919,8578426
JPN,2021-03-18,54899,8633325
JPN,2021-03-19,71301,8704626
JPN,2021-03-20,30658,8735284
JPN,2021-03-21,16997,8752281
JPN,2021-03-22,51469,8803750
JPN,2021-03-23,52715,8856465
JPN,2021-03-24,59974,8916439
JPN,2021-03-25,62645,8979084
JPN,2021-03-26,67296,9046380
JPN,2021-03-27,39591,9085971
JPN,2021-03-28,18887,9104858
JPN,2021-03-29,72179,9177037
JPN,2021-03-30,41247,9218284
JPN,2021-03-31,67435,9285719
JPN,2021-04-01,65377,9351096
JPN,2021-04-02,61146,9412242
JPN,2021-04-03,41103,9453345
JPN,2021-04-04,17189,9470534
JPN,2021-04-05,60274,9530808
JPN,2021-04-06,53019,9583827
JPN,2021-04-07,58424,9642251
JPN,2021-04-08,70959,9713210
JPN,2021-04-09,67609,9780819
JPN,2021-04-10,40924,9821743
JPN,2021-04-11,22466,9844209
JPN,2021-04-12,72260,9916469
JPN,2021-04-13,65278,9981747
JPN,2021-04-14,73092,10054839
JPN,2021-04-15,82330,10137169
JPN,2021-04-16,77966,10215135
JPN,2021-04-17,50503,10265638
JPN,2021-04-18,30571,10296209
JPN,2021-04-19,86696,10382905
JPN,2021-04-20,70951,10453856
JPN,2021-04-21,96428,10550284
JPN,2021-04-22,94257,10644541
JPN,2021-04-23,91286,10735827
JPN,2021-04-24,58221,10794048
JPN,2021-04-25,35886,10829934
JPN,2021-04-26,83925,10913859
JPN,2021-04-27,81048,10994907
JPN,2021-04-28,68106,11063013
JPN,2021-04-29,91921,11154934
JPN,2021-04-30,64494,11219428
JPN,2021-05-01,68323,11287751
JPN,2021-05-02,36217,11323968
JPN,2021-05-03,44186,11368154
JPN,2021-05-04,27746,11395900
JPN,2021-05-05,67085,11462985
JPN,2021-05-06,89586,11552571
JPN,2021-05-07,109758,11662329
JPN,2021-05-08,71001,11733330
JPN,2021-05-09,41338,11774668
JPN,2021-05-10,130677,11905345
JPN,2021-05-11,97038,12002383
JPN,2021-05-12,87073,12089456
JPN,2021-05-13,122502,12211958
JPN,2021-05-14,99676,12311634
JPN,2021-05-15,66868,12378502
JPN,2021-05-16,35948,12414450
JPN,2021-05-17,95425,12509875
JPN,2021-05-18,86352,12596227
JPN,2021-05-19,149234,12745461
JPN,2021-05-20,97287,12842748
JPN,2021-05-21,117145,12959893
JPN,2021-05-22,66583,13026476
JPN,2021-05-23,35263,13061739
JPN,2021-05-24,91616,13153355
JPN,2021-05-25,70045,13223400
JPN,2021-05-26,87089,13310489
JPN,2021-05-27,116584,13427073
JPN,2021-05-28,118523,13545596
JPN,2021-05-29,57084,13602680
JPN,2021-05-30,30097,13632777
JPN,2021-05-31,83703,13716480
JPN,2021-06-01,67394,13783874
JPN,2021-06-02,76590,13860464
JPN,2021-06-03,176379,14036843
JPN,2021-06-04,98297,14135140
JPN,2021-06-05,54184,14189324
JPN,2021-06-06,26466,14215790
JPN,2021-06-07,75134,14290924
JPN,2021-06-08,62141,14353065
JPN,2021-06-09,63215,14416280
JPN,2021-06-10,74713,14490993
JPN,2021-06-11,99850,14590843
JPN,2021-06-12,51297,14642140
JPN,2021-06-13,25059,14667199
JPN,2021-06-14,60314,14727513
JPN,2021-06-15,61213,14788726
JPN,2021-06-16,65986,14854712
JPN,2021-06-17,70606,14925318
JPN,2021-06-18,69009,14994327
JPN,2021-06-19,43013,15037340
JPN,2021-06-20,31414,15068754
JPN,2021-06-21,58844,15127598
JPN,2021-06-22,52614,15180212
JPN,2021-06-23,62348,15242560
JPN,2021-06-24,60420,15302980
JPN,2021-06-25,89659,15392639
JPN,2021-06-26,43145,15435784
JPN,2021-06-27,21138,15456922
JPN,2021-06-28,62615,15519537
JOR,2020-05-01,0,0
JOR,2020-10-31,22513,22513
JOR,2020-11-01,19588,42101
JOR,2020-11-02,33846,75947
JOR,2020-11-03,20887,96834
JOR,2020-11-04,20737,117571
JOR,2020-11-05,25258,142829
JOR,2020-11-06,23306,166135
JOR,2020-11-07,13642,179777
JOR,2020-11-08,23056,202833
JOR,2020-11-09,27689,230522
JOR,2020-11-10,27324,257846
JOR,2020-11-11,21342,279188
JOR,2020-11-12,24128,303316
JOR,2020-11-13,16771,320087
JOR,2020-11-14,16502,336589
JOR,2020-11-15,9583,346172
JOR,2020-11-16,26475,372647
JOR,2020-11-17,27441,400088
JOR,2020-11-18,30792,430880
JOR,2020-11-19,24210,455090
JOR,2020-11-20,22814,477904
JOR,2020-11-21,18518,496422
JOR,2020-11-22,23953,520375
JOR,2020-11-23,25349,545724
JOR,2020-11-24,24664,570388
JOR,2020-11-25,27098,597486
JOR,2020-11-26,25964,623450
JOR,2020-11-27,26257,649707
JOR,2020-11-28,17755,667462
JOR,2020-11-29,20676,688138
JOR,2020-11-30,25239,713377
JOR,2020-12-01,26050,739427
JOR,2020-12-02,24615,764042
JOR,2020-12-03,25260,789302
JOR,2020-12-04,21761,811063
JOR,2020-12-05,18624,829687
JOR,2020-12-06,16979,846666
JOR,2020-12-07,25051,871717
JOR,2020-12-08,22308,894025
JOR,2020-12-09,23420,917445
JOR,2020-12-10,0,917445
JOR,2020-12-11,19225,936670
JOR,2020-12-12,13268,949938
JOR,2020-12-13,18712,968650
JOR,2020-12-14,21717,990367
JOR,2020-12-15,20827,1011194
JOR,2020-12-16,22540,1033734
JOR,2020-12-17,21176,1054910
JOR,2020-12-18,17735,1072645
JOR,2020-12-19,11336,1083981
JOR,2020-12-20,18536,1102517
JOR,2020-12-21,20215,1122732
JOR,2020-12-22,19085,1141817
JOR,2020-12-23,20453,1162270
JOR,2020-12-24,17716,1179986
JOR,2020-12-25,16827,1196813
JOR,2020-12-26,11123,1207936
JOR,2020-12-27,15041,1222977
JOR,2020-12-28,21124,1244101
JOR,2020-12-29,21735,1265836
JOR,2020-12-30,25933,1291769
JOR,2020-12-31,23430,1315199
JOR,2021-01-01,21313,1336512
JOR,2021-01-02,14498,1351010
JOR,2021-01-03,20893,1371903
JOR,2021-01-04,27777,1399680
JOR,2021-01-05,26985,1426665
JOR,2021-01-06,29594,1456259
JOR,2021-01-07,29327,1485586
JOR,2021-01-08,24350,1509936
JOR,2021-01-09,16815,1526751
JOR,2021-01-10,24560,1551311
JOR,2021-01-11,27279,1578590
JOR,2021-01-12,24238,1602828
JOR,2021-01-13,26934,1629762
JOR,2021-01-14,25014,1654776
JOR,2021-01-15,19541,1674317
JOR,2021-01-16,17738,1692055
JOR,2021-01-17,19623,1711678
JOR,2021-01-18,22271,1733949
JOR,2021-01-19,21930,1755879
JOR,2021-01-20,23315,1779194
JOR,2021-01-21,20409,1799603
JOR,2021-01-22,18372,1817975
JOR,2021-01-23,13019,1830994
JOR,2021-01-24,19808,1850802
JOR,2021-01-25,23980,1874782
JOR,2021-01-26,24332,1899114
JOR,2021-01-27,24763,1923877
JOR,2021-01-28,22716,1946593
JOR,2021-01-29,22359,1968952
JOR,2021-01-30,15605,1984557
JOR,2021-01-31,21270,2005827
JOR,2021-02-01,24002,2029829
JOR,2021-02-02,23585,2053414
JOR,2021-02-03,22315,2075729
JOR,2021-02-04,26830,2102559
JOR,2021-02-05,21311,2123870
JOR,2021-02-06,20703,2144573
JOR,2021-02-07,21142,2165715
JOR,2021-02-08,26723,2192438
JOR,2021-02-09,24854,2217292
JOR,2021-02-10,29541,2246833
JOR,2021-02-11,27660,2274493
JOR,2021-02-12,24501,2298994
JOR,2021-02-13,19571,2318565
JOR,2021-02-14,26313,2344878
JOR,2021-02-15,29225,2374103
JOR,2021-02-16,32347,2406450
JOR,2021-02-17,32850,2439300
JOR,2021-02-18,16133,2455433
JOR,2021-02-19,12421,2467854
JOR,2021-02-20,18204,2486058
JOR,2021-02-21,25108,2511166
JOR,2021-02-22,33846,2545012
JOR,2021-02-23,34840,2579852
JOR,2021-02-24,36073,2615925
JOR,2021-02-25,33719,2649644
JOR,2021-02-26,30283,2679927
JOR,2021-02-27,26452,2706379
JOR,2021-02-28,33462,2739841
JOR,2021-03-01,41029,2780870
JOR,2021-03-02,37651,2818521
JOR,2021-03-03,39487,2858008
JOR,2021-03-04,43459,2901467
JOR,2021-03-05,34385,2935852
JOR,2021-03-06,25952,2961804
JOR,2021-03-07,42438,3004242
JOR,2021-03-08,46197,3050439
JOR,2021-03-09,43887,3094326
JOR,2021-03-10,44530,3138856
JOR,2021-03-11,54052,3192908
JOR,2021-03-12,50545,3243453
JOR,2021-03-13,27984,3271437
JOR,2021-03-14,42852,3314289
JOR,2021-03-15,48638,3362927
JOR,2021-03-16,44284,3407211
JOR,2021-03-17,50180,3457391
JOR,2021-03-18,47018,3504409
JOR,2021-03-19,38829,3543238
JOR,2021-03-20,27692,3570930
JOR,2021-03-21,46517,3617447
JOR,2021-03-22,45933,3663380
JOR,2021-03-23,45699,3709079
JOR,2021-03-24,48151,3757230
JOR,2021-03-25,46699,3803929
JOR,2021-03-26,40836,3844765
JOR,2021-03-27,27950,3872715
JOR,2021-03-28,43615,3916330
JOR,2021-03-29,48980,3965310
JOR,2021-03-30,49334,4014644
JOR,2021-03-31,43158,4057802
JOR,2021-04-01,48253,4106055
JOR,2021-04-02,35034,4141089
JOR,2021-04-03,28827,4169916
JOR,2021-04-04,41101,4211017
JOR,2021-04-05,43226,4254243
JOR,2021-04-06,44086,4298329
JOR,2021-04-07,40232,4338561
JOR,2021-04-08,39735,4378296
JOR,2021-04-09,30617,4408913
JOR,2021-04-10,24854,4433767
JOR,2021-04-11,26644,4460411
JOR,2021-04-12,27673,4488084
JOR,2021-04-13,23823,4511907
JOR,2021-04-14,32296,4544203
JOR,2021-04-15,21761,4565964
JOR,2021-04-16,22013,4587977
JOR,2021-04-17,11385,4599362
JOR,2021-04-18,17846,4617208
JOR,2021-04-19,24956,4642164
JOR,2021-04-20,19621,4661785
JOR,2021-04-21,24628,4686413
JOR,2021-04-22,18228,4704641
JOR,2021-04-23,16827,4721468
JOR,2021-04-24,11848,4733316
JOR,2021-04-25,16681,4749997
JOR,2021-04-26,20434,4770431
JOR,2021-04-27,18853,4789284
JOR,2021-04-28,18755,4808039
JOR,2021-04-29,17112,4825151
JOR,2021-04-30,19377,4844528
JOR,2021-05-01,9472,4854000
JOR,2021-05-02,13244,4867244
JOR,2021-05-03,16122,4883366
JOR,2021-05-04,19676,4903042
JOR,2021-05-05,17877,4920919
JOR,2021-05-06,16841,4937760
JOR,2021-05-07,16288,4954048
JOR,2021-05-08,10098,4964146
JOR,2021-05-09,14968,4979114
JOR,2021-05-10,18455,4997569
JOR,2021-05-11,19732,5017301
JOR,2021-05-12,15604,5032905
JOR,2021-05-13,10417,5043322
JOR,2021-05-14,9226,5052548
JOR,2021-05-15,8857,5061405
JOR,2021-05-16,19177,5080582
JOR,2021-05-17,31185,5111767
JOR,2021-05-18,29802,5141569
JOR,2021-05-19,32690,5174259
JOR,2021-05-20,26307,5200566
JOR,2021-05-21,20126,5220692
JOR,2021-05-22,15735,5236427
JOR,2021-05-23,22060,5258487
JOR,2021-05-24,21048,5279535
JOR,2021-05-25,22408,5301943
JOR,2021-05-26,20491,5322434
JOR,2021-05-27,24440,5346874
JOR,2021-05-28,21672,5368546
JOR,2021-05-29,16196,5384742
JOR,2021-05-30,15346,5400088
JOR,2021-05-31,0,5400088
JOR,2021-06-01,0,5400088
JOR,2021-06-02,0,5400088
JOR,2021-06-03,0,5400088
JOR,2021-06-04,0,5400088
JOR,2021-06-05,0,5400088
JOR,2021-06-06,0,5400088
JOR,2021-06-07,22128,5422216
JOR,2021-06-08,0,5422216
JOR,2021-06-09,0,5422216
JOR,2021-06-10,21629,5443845
JOR,2021-06-11,0,5443845
JOR,2021-06-12,0,5443845
JOR,2021-06-13,18617,5462462
JOR,2021-06-14,0,5462462
JOR,2021-06-15,0,5462462
JOR,2021-06-16,0,5462462
JOR,2021-06-17,21212,5483674
JOR,2021-06-18,0,5483674
JOR,2021-06-19,0,5483674
JOR,2021-06-20,0,5483674
JOR,2021-06-21,0,5483674
JOR,2021-06-22,0,5483674
JOR,2021-06-23,0,5483674
JOR,2021-06-24,19553,5503227
KAZ,2020-03-13,0,0
KAZ,2020-03-14,319,319
KAZ,2020-03-15,207,526
KAZ,2020-03-16,386,912
KAZ,2020-03-17,932,1844
KAZ,2020-03-18,264,2108
KAZ,2020-03-19,1050,3158
KAZ,2020-03-20,816,3974
KAZ,2020-03-21,1175,5149
KAZ,2020-03-22,1233,6382
KAZ,2020-03-23,1754,8136
KAZ,2020-03-24,1622,9758
KAZ,2020-03-25,1465,11223
KAZ,2020-03-26,2111,13334
KAZ,2020-03-27,1687,15021
KAZ,2020-03-28,1475,16496
KAZ,2020-03-29,2696,19192
KAZ,2020-03-30,1695,20887
KAZ,2020-03-31,9892,30779
KAZ,2020-04-01,1914,32693
KAZ,2020-04-02,2372,35065
KAZ,2020-04-03,7958,43023
KAZ,2020-04-04,2403,45426
KAZ,2020-04-05,4970,50396
KAZ,2020-04-06,2359,52755
KAZ,2020-04-07,1886,54641
KAZ,2020-04-08,2008,56649
KAZ,2020-04-09,2596,59245
KAZ,2020-04-10,2584,61829
KAZ,2020-04-11,3901,65730
KAZ,2020-04-12,3448,69178
KAZ,2020-04-13,3802,72980
KAZ,2020-04-14,3798,76778
KAZ,2020-04-15,4455,81233
KAZ,2020-04-16,4376,85609
KAZ,2020-04-17,6564,92173
KAZ,2020-04-18,8579,100752
KAZ,2020-04-19,7954,108706
KAZ,2020-04-20,9117,117823
KAZ,2020-04-21,8778,126601
KAZ,2020-04-22,12480,139081
KAZ,2020-04-23,14285,153366
KAZ,2020-04-24,11013,164379
KAZ,2020-04-25,15997,180376
KAZ,2020-04-26,15796,196172
KAZ,2020-04-27,9262,205434
KAZ,2020-04-28,10716,216150
KAZ,2020-04-29,16139,232289
KAZ,2020-04-30,17112,249401
KAZ,2020-05-01,19007,268408
KAZ,2020-05-02,14328,282736
KAZ,2020-05-03,13274,296010
KAZ,2020-05-04,10725,306735
KAZ,2020-05-05,13550,320285
KAZ,2020-05-06,16069,336354
KAZ,2020-05-07,17363,353717
KAZ,2020-05-08,17283,371000
KAZ,2020-05-09,13978,384978
KAZ,2020-05-10,13307,398285
KAZ,2020-05-11,10302,408587
KAZ,2020-05-12,13298,421885
KAZ,2020-05-13,17484,439369
KAZ,2020-05-14,20241,459610
KAZ,2020-05-15,23500,483110
KAZ,2020-05-16,21980,505090
KAZ,2020-05-17,22224,527314
KAZ,2020-05-18,13268,540582
KAZ,2020-05-19,12354,552936
KAZ,2020-05-20,18485,571421
KAZ,2020-05-21,19955,591376
KAZ,2020-05-22,21495,612871
KAZ,2020-05-23,22715,635586
KAZ,2020-05-24,21502,657088
KAZ,2020-05-25,14560,671648
KAZ,2020-05-26,15493,687141
KAZ,2020-05-27,23085,710226
KAZ,2020-05-28,24921,735147
KAZ,2020-05-29,26454,761601
KAZ,2020-05-30,26562,788163
KAZ,2020-05-31,24592,812755
KAZ,2020-06-01,15496,828251
KAZ,2020-06-02,15249,843500
KAZ,2020-06-03,23660,867160
KAZ,2020-06-04,24815,891975
KAZ,2020-06-05,23803,915778
KAZ,2020-06-06,26672,942450
KAZ,2020-06-07,22513,964963
KAZ,2020-06-08,16284,981247
KAZ,2020-06-09,17183,998430
KAZ,2020-06-10,24861,1023291
KAZ,2020-06-11,26681,1049972
KAZ,2020-06-12,28441,1078413
KAZ,2020-06-13,30380,1108793
KAZ,2020-06-14,27275,1136068
KAZ,2020-06-15,24582,1160650
KAZ,2020-06-16,23640,1184290
KAZ,2020-06-17,27161,1211451
KAZ,2020-06-18,27561,1239012
KAZ,2020-06-19,30450,1269462
KAZ,2020-06-20,32506,1301968
KAZ,2020-06-21,28483,1330451
KAZ,2020-06-22,23879,1354330
KAZ,2020-06-23,22406,1376736
KAZ,2020-06-24,24830,1401566
KAZ,2020-06-25,22955,1424521
KAZ,2020-06-26,22519,1447040
KAZ,2020-06-27,20390,1467430
KAZ,2020-06-28,17632,1485062
KAZ,2020-06-29,16606,1501668
KAZ,2020-06-30,15304,1516972
KAZ,2020-07-01,19509,1536481
KAZ,2020-07-02,19251,1555732
KAZ,2020-07-03,34286,1590018
KAZ,2020-07-04,16278,1606296
KAZ,2020-07-05,0,1606296
KAZ,2020-07-06,0,1606296
KAZ,2020-07-07,12447,1618743
KAZ,2020-07-08,16427,1635170
KAZ,2020-07-09,16774,1651944
KAZ,2020-07-10,18269,1670213
KAZ,2020-07-11,0,1670213
KAZ,2020-07-12,0,1670213
KAZ,2020-07-13,11958,1682171
KAZ,2020-07-14,18251,1700422
KAZ,2020-07-15,19388,1719810
KAZ,2020-07-16,20346,1740156
KAZ,2020-07-17,0,1740156
KAZ,2020-07-18,0,1740156
KAZ,2020-07-19,0,1740156
KAZ,2020-07-20,14680,1754836
KAZ,2020-07-21,17359,1772195
KAZ,2020-07-22,21125,1793320
KAZ,2020-07-23,23450,1816770
KAZ,2020-07-24,26908,1843678
KAZ,2020-07-25,68801,1912479
KAZ,2020-07-26,17183,1929662
KAZ,2020-07-27,10850,1940512
KAZ,2020-07-28,14780,1955292
KAZ,2020-07-29,19210,1974502
KAZ,2020-07-30,22316,1996818
KAZ,2020-07-31,25171,2021989
KAZ,2020-08-01,19496,2041485
KAZ,2020-08-02,12658,2054143
KAZ,2020-08-03,8515,2062658
KAZ,2020-08-04,12564,2075222
KAZ,2020-08-05,18400,2093622
KAZ,2020-08-06,18954,2112576
KAZ,2020-08-07,19595,2132171
KAZ,2020-08-08,19128,2151299
KAZ,2020-08-09,15207,2166506
KAZ,2020-08-10,9226,2175732
KAZ,2020-08-11,10055,2185787
KAZ,2020-08-12,15229,2201016
KAZ,2020-08-13,19601,2220617
KAZ,2020-08-14,19573,2240190
KAZ,2020-08-15,19179,2259369
KAZ,2020-08-16,13883,2273252
KAZ,2020-08-17,9718,2282970
KAZ,2020-08-18,7942,2290912
KAZ,2020-08-19,14953,2305865
KAZ,2020-08-20,17224,2323089
KAZ,2020-08-21,15331,2338420
KAZ,2020-08-22,16046,2354466
KAZ,2020-08-23,12152,2366618
KAZ,2020-08-24,9432,2376050
KAZ,2020-08-25,7257,2383307
KAZ,2020-08-26,15112,2398419
KAZ,2020-08-27,14729,2413148
KAZ,2020-08-28,17299,2430447
KAZ,2020-08-29,18237,2448684
KAZ,2020-08-30,14019,2462703
KAZ,2020-08-31,9320,2472023
KAZ,2020-09-01,4972,2476995
KAZ,2020-09-02,9040,2486035
KAZ,2020-09-03,16534,2502569
KAZ,2020-09-04,17856,2520425
KAZ,2020-09-05,17518,2537943
KAZ,2020-09-06,14020,2551963
KAZ,2020-09-07,9764,2561727
KAZ,2020-09-08,9440,2571167
KAZ,2020-09-09,18260,2589427
KAZ,2020-09-10,17779,2607206
KAZ,2020-09-11,18485,2625691
KAZ,2020-09-12,19590,2645281
KAZ,2020-09-13,15968,2661249
KAZ,2020-09-14,11595,2672844
KAZ,2020-09-15,9474,2682318
KAZ,2020-09-16,17142,2699460
KAZ,2020-09-17,17639,2717099
KAZ,2020-09-18,19738,2736837
KAZ,2020-09-19,18521,2755358
KAZ,2020-09-20,13559,2768917
KAZ,2020-09-21,11017,2779934
KAZ,2020-09-22,9381,2789315
KAZ,2020-09-23,17969,2807284
KAZ,2020-09-24,21162,2828446
KAZ,2020-09-25,16222,2844668
KAZ,2020-09-26,18859,2863527
KAZ,2020-09-27,16694,2880221
KAZ,2020-09-28,9208,2889429
KAZ,2020-09-29,5532,2894961
KAZ,2020-09-30,18183,2913144
KAZ,2020-10-01,9208,2922352
KAZ,2020-10-02,16928,2939280
KAZ,2020-10-03,17953,2957233
KAZ,2020-10-04,18980,2976213
KAZ,2020-10-05,10871,2987084
KAZ,2020-10-06,7218,2994302
KAZ,2020-10-07,17176,3011478
KAZ,2020-10-08,22627,3034105
KAZ,2020-10-09,21763,3055868
KAZ,2020-10-10,23470,3079338
KAZ,2020-10-11,19521,3098859
KAZ,2020-10-12,14773,3113632
KAZ,2020-10-13,10906,3124538
KAZ,2020-10-14,20235,3144773
KAZ,2020-10-15,24042,3168815
KAZ,2020-10-16,25332,3194147
KAZ,2020-10-17,23246,3217393
KAZ,2020-10-18,21273,3238666
KAZ,2020-10-19,19823,3258489
KAZ,2020-10-20,11987,3270476
KAZ,2020-10-21,21689,3292165
KAZ,2020-10-22,27344,3319509
KAZ,2020-10-23,26208,3345717
KAZ,2020-10-24,27602,3373319
KAZ,2020-10-25,25895,3399214
KAZ,2020-10-26,16265,3415479
KAZ,2020-10-27,13073,3428552
KAZ,2020-10-28,23983,3452535
KAZ,2020-10-29,28801,3481336
KAZ,2020-10-30,29588,3510924
KAZ,2020-10-31,32119,3543043
KAZ,2020-11-01,26932,3569975
KAZ,2020-11-02,24543,3594518
KAZ,2020-11-03,14883,3609401
KAZ,2020-11-04,27480,3636881
KAZ,2020-11-05,35064,3671945
KAZ,2020-11-06,31835,3703780
KAZ,2020-11-07,30850,3734630
KAZ,2020-11-08,32233,3766863
KAZ,2020-11-09,25654,3792517
KAZ,2020-11-10,18783,3811300
KAZ,2020-11-11,33229,3844529
KAZ,2020-11-12,34881,3879410
KAZ,2020-11-13,34495,3913905
KAZ,2020-11-14,39228,3953133
KAZ,2020-11-15,37790,3990923
KAZ,2020-11-16,29131,4020054
KAZ,2020-11-17,22503,4042557
KAZ,2020-11-18,33815,4076372
KAZ,2020-11-19,39218,4115590
KAZ,2020-11-20,40011,4155601
KAZ,2020-11-21,40248,4195849
KAZ,2020-11-22,37019,4232868
KAZ,2020-11-23,24186,4257054
KAZ,2020-11-24,20554,4277608
KAZ,2020-11-25,33929,4311537
KAZ,2020-11-26,37415,4348952
KAZ,2020-11-27,38876,4387828
KAZ,2020-11-28,38628,4426456
KAZ,2020-11-29,38403,4464859
KAZ,2020-11-30,31941,4496800
KAZ,2020-12-01,20523,4517323
KAZ,2020-12-02,33929,4551252
KAZ,2020-12-03,26709,4577961
KAZ,2020-12-04,35337,4613298
KAZ,2020-12-05,40183,4653481
KAZ,2020-12-06,42089,4695570
KAZ,2020-12-07,29162,4724732
KAZ,2020-12-08,19347,4744079
KAZ,2020-12-09,36061,4780140
KAZ,2020-12-10,40475,4820615
KAZ,2020-12-11,40842,4861457
KAZ,2020-12-12,39598,4901055
KAZ,2020-12-13,40025,4941080
KAZ,2020-12-14,32538,4973618
KAZ,2020-12-15,22917,4996535
KAZ,2020-12-16,38324,5034859
KAZ,2020-12-17,39530,5074389
KAZ,2020-12-18,25348,5099737
KAZ,2020-12-19,19872,5119609
KAZ,2020-12-20,21075,5140684
KAZ,2020-12-21,24656,5165340
KAZ,2020-12-22,33627,5198967
KAZ,2020-12-23,41167,5240134
KAZ,2020-12-24,40741,5280875
KAZ,2020-12-25,34607,5315482
KAZ,2020-12-26,35856,5351338
KAZ,2020-12-27,33458,5384796
KAZ,2020-12-28,24946,5409742
KAZ,2020-12-29,17774,5427516
KAZ,2020-12-30,28595,5456111
KAZ,2020-12-31,32264,5488375
KAZ,2021-01-01,30877,5519252
KAZ,2021-01-02,18048,5537300
KAZ,2021-01-03,12613,5549913
KAZ,2021-01-04,16543,5566456
KAZ,2021-01-05,18145,5584601
KAZ,2021-01-06,26912,5611513
KAZ,2021-01-07,45357,5656870
KAZ,2021-01-08,50710,5707580
KAZ,2021-01-09,48133,5755713
KAZ,2021-01-10,45479,5801192
KAZ,2021-01-11,31151,5832343
KAZ,2021-01-12,20684,5853027
KAZ,2021-01-13,38392,5891419
KAZ,2021-01-14,41680,5933099
KAZ,2021-01-15,44218,5977317
KAZ,2021-01-16,44809,6022126
KAZ,2021-01-17,41345,6063471
KAZ,2021-01-18,31887,6095358
KAZ,2021-01-19,22331,6117689
KAZ,2021-01-20,37419,6155108
KAZ,2021-01-21,43833,6198941
KAZ,2021-01-22,42434,6241375
KAZ,2021-01-23,39461,6280836
KAZ,2021-01-24,38708,6319544
KAZ,2021-01-25,28915,6348459
KAZ,2021-01-26,20972,6369431
KAZ,2021-01-27,36775,6406206
KAZ,2021-01-28,41461,6447667
KAZ,2021-01-29,40812,6488479
KAZ,2021-01-30,43061,6531540
KAZ,2021-01-31,36536,6568076
KAZ,2021-02-01,33363,6601439
KAZ,2021-02-02,18671,6620110
KAZ,2021-02-03,40347,6660457
KAZ,2021-02-04,41353,6701810
KAZ,2021-02-05,33367,6735177
KAZ,2021-02-06,38116,6773293
KAZ,2021-02-07,39018,6812311
KAZ,2021-02-08,27758,6840069
KAZ,2021-02-09,20424,6860493
KAZ,2021-02-10,39171,6899664
KAZ,2021-02-11,32875,6932539
KAZ,2021-02-12,33889,6966428
KAZ,2021-02-13,34381,7000809
KAZ,2021-02-14,32416,7033225
KAZ,2021-02-15,20767,7053992
KAZ,2021-02-16,20251,7074243
KAZ,2021-02-17,42241,7116484
KAZ,2021-02-18,44483,7160967
KAZ,2021-02-19,41985,7202952
KAZ,2021-02-20,38821,7241773
KAZ,2021-02-21,41363,7283136
KAZ,2021-02-22,27780,7310916
KAZ,2021-02-23,19258,7330174
KAZ,2021-02-24,38138,7368312
KAZ,2021-02-25,44500,7412812
KAZ,2021-02-26,38877,7451689
KAZ,2021-02-27,37377,7489066
KAZ,2021-02-28,41652,7530718
KAZ,2021-03-01,32113,7562831
KAZ,2021-03-02,17497,7580328
KAZ,2021-03-03,41778,7622106
KAZ,2021-03-04,40156,7662262
KAZ,2021-03-05,37662,7699924
KAZ,2021-03-06,36700,7736624
KAZ,2021-03-07,35098,7771722
KAZ,2021-03-08,29522,7801244
KAZ,2021-03-09,15038,7816282
KAZ,2021-03-10,20498,7836780
KAZ,2021-03-11,37086,7873866
KAZ,2021-03-12,44786,7918652
KAZ,2021-03-13,42392,7961044
KAZ,2021-03-14,47385,8008429
KAZ,2021-03-15,34362,8042791
KAZ,2021-03-16,25050,8067841
KAZ,2021-03-17,42515,8110356
KAZ,2021-03-18,49563,8159919
KAZ,2021-03-19,42924,8202843
KAZ,2021-03-20,44110,8246953
KAZ,2021-03-21,42734,8289687
KAZ,2021-03-22,28861,8318548
KAZ,2021-03-23,16032,8334580
KAZ,2021-03-24,19923,8354503
KAZ,2021-03-25,23135,8377638
KAZ,2021-03-26,28953,8406591
KAZ,2021-03-27,46410,8453001
KAZ,2021-03-28,52157,8505158
KAZ,2021-03-29,38744,8543902
KAZ,2021-03-30,27842,8571744
KAZ,2021-03-31,47046,8618790
KAZ,2021-04-01,57825,8676615
KAZ,2021-04-02,52167,8728782
KAZ,2021-04-03,52294,8781076
KAZ,2021-04-04,48658,8829734
KAZ,2021-04-05,39909,8869643
KAZ,2021-04-06,26992,8896635
KAZ,2021-04-07,46765,8943400
KAZ,2021-04-08,56639,9000039
KAZ,2021-04-09,52531,9052570
KAZ,2021-04-10,55558,9108128
KAZ,2021-04-11,57894,9166022
KAZ,2021-04-12,41690,9207712
KAZ,2021-04-13,24258,9231970
KAZ,2021-04-14,53903,9285873
KAZ,2021-04-15,64891,9350764
KAZ,2021-04-16,62176,9412940
KAZ,2021-04-17,59556,9472496
KAZ,2021-04-18,54315,9526811
KAZ,2021-04-19,46635,9573446
KAZ,2021-04-20,28936,9602382
KAZ,2021-04-21,56371,9658753
KAZ,2021-04-22,62294,9721047
KAZ,2021-04-23,56448,9777495
KAZ,2021-04-24,57840,9835335
KAZ,2021-04-25,57180,9892515
KAZ,2021-04-26,42749,9935264
KAZ,2021-04-27,25463,9960727
KAZ,2021-04-28,52702,10013429
KAZ,2021-04-29,63808,10077237
KAZ,2021-04-30,62019,10139256
KAZ,2021-05-01,61019,10200275
KAZ,2021-05-02,55929,10256204
KAZ,2021-05-03,35417,10291621
KAZ,2021-05-04,24904,10316525
KAZ,2021-05-05,37425,10353950
KAZ,2021-05-06,50371,10404321
KAZ,2021-05-07,0,10404321
KAZ,2021-05-08,0,10404321
KAZ,2021-05-09,37608,10441929
KAZ,2021-05-10,31984,10473913
KAZ,2021-05-11,23051,10496964
KAZ,2021-05-12,36799,10533763
KAZ,2021-05-13,58711,10592474
KAZ,2021-05-14,60786,10653260
KAZ,2021-05-15,62293,10715553
KAZ,2021-05-16,54475,10770028
KAZ,2021-05-17,62293,10832321
KAZ,2021-05-18,25281,10857602
KAZ,2021-05-19,50238,10907840
KAZ,2021-05-20,55827,10963667
KAZ,2021-05-21,49497,11013164
KAZ,2021-05-22,50055,11063219
KAZ,2021-05-23,50380,11113599
KAZ,2021-05-24,38336,11151935
KAZ,2021-05-25,23290,11175225
KAZ,2021-05-26,47610,11222835
KAZ,2021-05-27,148586,11371421
KAZ,2021-05-28,46241,11417662
KAZ,2021-05-29,0,11417662
KAZ,2021-05-30,0,11417662
KAZ,2021-05-31,48475,11466137
KAZ,2021-06-01,46601,11512738
KAZ,2021-06-02,42179,11554917
KAZ,2021-06-03,43106,11598023
KAZ,2021-06-04,45150,11643173
KAZ,2021-06-05,31783,11674956
KAZ,2021-06-06,19686,11694642
KAZ,2021-06-07,45055,11739697
KAZ,2021-06-08,52729,11792426
KEN,2020-03-06,0,0
KEN,2020-03-07,0,0
KEN,2020-03-08,0,0
KEN,2020-03-09,0,0
KEN,2020-03-10,0,0
KEN,2020-03-11,0,0
KEN,2020-03-12,0,0
KEN,2020-03-13,0,0
KEN,2020-03-14,0,0
KEN,2020-03-15,0,0
KEN,2020-03-16,0,0
KEN,2020-03-17,0,0
KEN,2020-03-18,21,21
KEN,2020-03-19,41,62
KEN,2020-03-20,0,62
KEN,2020-03-21,0,62
KEN,2020-03-22,0,62
KEN,2020-03-23,0,62
KEN,2020-03-24,0,62
KEN,2020-03-25,0,62
KEN,2020-03-26,0,62
KEN,2020-03-27,0,62
KEN,2020-03-28,0,62
KEN,2020-03-29,69,131
KEN,2020-03-30,172,303
KEN,2020-03-31,234,537
KEN,2020-04-01,380,917
KEN,2020-04-02,662,1579
KEN,2020-04-03,362,1941
KEN,2020-04-04,372,2313
KEN,2020-04-05,530,2843
KEN,2020-04-06,663,3506
KEN,2020-04-07,696,4202
KEN,2020-04-08,305,4507
KEN,2020-04-09,308,4815
KEN,2020-04-10,606,5421
KEN,2020-04-11,491,5912
KEN,2020-04-12,766,6678
KEN,2020-04-13,674,7352
KEN,2020-04-14,694,8046
KEN,2020-04-15,803,8849
KEN,2020-04-16,704,9553
KEN,2020-04-17,450,10003
KEN,2020-04-18,1115,11118
KEN,2020-04-19,1350,12468
KEN,2020-04-20,633,13101
KEN,2020-04-21,832,13933
KEN,2020-04-22,707,14640
KEN,2020-04-23,668,15308
KEN,2020-04-24,659,15967
KEN,2020-04-25,0,15967
KEN,2020-04-26,0,15967
KEN,2020-04-27,0,15967
KEN,2020-04-28,0,15967
KEN,2020-04-29,0,15967
KEN,2020-04-30,0,15967
KEN,2020-05-01,1434,17401
KEN,2020-05-02,1195,18596
KEN,2020-05-03,883,19479
KEN,2020-05-04,1012,20491
KEN,2020-05-05,1077,21568
KEN,2020-05-06,0,21568
KEN,2020-05-07,0,21568
KEN,2020-05-08,0,21568
KEN,2020-05-09,1611,23179
KEN,2020-05-10,1056,24235
KEN,2020-05-11,841,25076
KEN,2020-05-12,978,26054
KEN,2020-05-13,1516,27570
KEN,2020-05-14,1486,29056
KEN,2020-05-15,2100,31156
KEN,2020-05-16,0,31156
KEN,2020-05-17,0,31156
KEN,2020-05-18,1139,32295
KEN,2020-05-19,1933,34228
KEN,2020-05-20,2621,36849
KEN,2020-05-21,3102,39951
KEN,2020-05-22,2567,42518
KEN,2020-05-23,0,42518
KEN,2020-05-24,0,42518
KEN,2020-05-25,2711,45229
KEN,2020-05-26,2293,47522
KEN,2020-05-27,3077,50599
KEN,2020-05-28,2831,53430
KEN,2020-05-29,3831,57261
KEN,2020-05-30,0,57261
KEN,2020-05-31,0,57261
KEN,2020-06-01,1518,58779
KEN,2020-06-02,2892,61671
KEN,2020-06-03,2112,63783
KEN,2020-06-04,2640,66423
KEN,2020-06-05,3177,69600
KEN,2020-06-06,3632,73232
KEN,2020-06-07,2833,76065
KEN,2020-06-08,1099,77164
KEN,2020-06-09,2244,79408
KEN,2020-06-10,2273,81681
KEN,2020-06-11,3291,84972
KEN,2020-06-12,2419,87391
KEN,2020-06-13,3505,90896
KEN,2020-06-14,3165,94061
KEN,2020-06-15,3365,97426
KEN,2020-06-16,3255,100681
KEN,2020-06-17,0,100681
KEN,2020-06-18,0,100681
KEN,2020-06-19,3043,103724
KEN,2020-06-20,2820,106544
KEN,2020-06-21,3651,110195
KEN,2020-06-22,2354,112549
KEN,2020-06-23,4171,116720
KEN,2020-06-24,4859,121579
KEN,2020-06-25,3918,125497
KEN,2020-06-26,3090,128587
KEN,2020-06-27,4074,132661
KEN,2020-06-28,2718,135379
KEN,2020-06-29,2221,137600
KEN,2020-06-30,2419,140019
KEN,2020-07-01,3519,143538
KEN,2020-07-02,2704,146242
KEN,2020-07-03,4147,150389
KEN,2020-07-04,4829,155218
KEN,2020-07-05,4228,159446
KEN,2020-07-06,2131,161577
KEN,2020-07-07,2061,163638
KEN,2020-07-08,3053,166691
KEN,2020-07-09,3803,170494
KEN,2020-07-10,6273,176767
KEN,2020-07-11,1403,178170
KEN,2020-07-12,7050,185220
KEN,2020-07-13,1205,186425
KEN,2020-07-14,4992,191417
KEN,2020-07-15,4261,195678
KEN,2020-07-16,3895,199573
KEN,2020-07-17,3545,203118
KEN,2020-07-18,5228,208346
KEN,2020-07-19,5724,214070
KEN,2020-07-20,2474,216544
KEN,2020-07-21,3637,220181
KEN,2020-07-22,4275,224456
KEN,2020-07-23,6754,231210
KEN,2020-07-24,5075,236285
KEN,2020-07-25,0,236285
KEN,2020-07-26,0,236285
KEN,2020-07-27,0,236285
KEN,2020-07-28,4888,241173
KEN,2020-07-29,5259,246432
KEN,2020-07-30,5521,251953
KEN,2020-07-31,8679,260632
KEN,2020-08-01,6371,267003
KEN,2020-08-02,5393,272396
KEN,2020-08-03,2653,275049
KEN,2020-08-04,4547,279596
KEN,2020-08-05,6200,285796
KEN,2020-08-06,6195,291991
KEN,2020-08-07,6814,298805
KEN,2020-08-08,7175,305980
KEN,2020-08-09,4420,310400
KEN,2020-08-10,4603,315003
KEN,2020-08-11,4171,319174
KEN,2020-08-12,6590,325764
KEN,2020-08-13,6768,332532
KEN,2020-08-14,5458,337990
KEN,2020-08-15,0,337990
KEN,2020-08-16,0,337990
KEN,2020-08-17,3150,341140
KEN,2020-08-18,4019,345159
KEN,2020-08-19,0,345159
KEN,2020-08-20,0,345159
KEN,2020-08-21,0,345159
KEN,2020-08-22,5724,350883
KEN,2020-08-23,4179,355062
KEN,2020-08-24,3381,358443
KEN,2020-08-25,4149,362592
KEN,2020-08-26,0,362592
KEN,2020-08-27,0,362592
KEN,2020-08-28,4520,367112
KEN,2020-08-29,3009,370121
KEN,2020-08-30,4424,374545
KEN,2020-08-31,4260,378805
KEN,2020-09-01,1682,380487
KEN,2020-09-02,3474,383961
KEN,2020-09-03,3937,387898
KEN,2020-09-04,4178,392076
KEN,2020-09-05,3707,395783
KEN,2020-09-06,3093,398876
KEN,2020-09-07,2668,401544
KEN,2020-09-08,2552,404096
KEN,2020-09-09,2285,406381
KEN,2020-09-10,0,406381
KEN,2020-09-11,0,406381
KEN,2020-09-12,0,406381
KEN,2020-09-13,3092,409473
KEN,2020-09-14,0,409473
KEN,2020-09-15,0,409473
KEN,2020-09-16,0,409473
KEN,2020-09-17,0,409473
KEN,2020-09-18,0,409473
KEN,2020-09-19,0,409473
KEN,2020-09-20,0,409473
KEN,2020-09-21,0,409473
KEN,2020-09-22,1774,411247
KEN,2020-09-23,3874,415121
KEN,2020-09-24,3307,418428
KEN,2020-09-25,5424,423852
KEN,2020-09-26,2872,426724
KEN,2020-09-27,3707,430431
KEN,2020-09-28,2107,432538
KEN,2020-09-29,3604,436142
KEN,2020-09-30,2927,439069
KEN,2020-10-01,4700,443769
KEN,2020-10-02,3065,446834
KEN,2020-10-03,3387,450221
KEN,2020-10-04,4385,454606
KEN,2020-10-05,595,455201
KEN,2020-10-06,1258,456459
KEN,2020-10-07,4342,460801
KEN,2020-10-08,5034,465835
KEN,2020-10-09,5327,471162
KEN,2020-10-10,6872,478034
KEN,2020-10-11,4287,482321
KEN,2020-10-12,2001,484322
KEN,2020-10-13,2592,486914
KEN,2020-10-14,5832,492746
KEN,2020-10-15,5618,498364
KEN,2020-10-16,0,498364
KEN,2020-10-17,0,498364
KEN,2020-10-18,4912,503276
KEN,2020-10-19,1852,505128
KEN,2020-10-20,3953,509081
KEN,2020-10-21,4888,513969
KEN,2020-10-22,7556,521525
KEN,2020-10-23,6142,527667
KEN,2020-10-24,6862,534529
KEN,2020-10-25,0,534529
KEN,2020-10-26,0,534529
KEN,2020-10-27,0,534529
KEN,2020-10-28,0,534529
KEN,2020-10-29,0,534529
KEN,2020-10-30,0,534529
KEN,2020-10-31,0,534529
KEN,2020-11-01,0,534529
KEN,2020-11-02,0,534529
KEN,2020-11-03,3728,538257
KEN,2020-11-04,0,538257
KEN,2020-11-05,0,538257
KEN,2020-11-06,7153,545410
KEN,2020-11-07,0,545410
KEN,2020-11-08,0,545410
KEN,2020-11-09,0,545410
KEN,2020-11-10,0,545410
KEN,2020-11-11,0,545410
KEN,2020-11-12,0,545410
KEN,2020-11-13,0,545410
KEN,2020-11-14,0,545410
KEN,2020-11-15,0,545410
KEN,2020-11-16,0,545410
KEN,2020-11-17,0,545410
KEN,2020-11-18,0,545410
KEN,2020-11-19,0,545410
KEN,2020-11-20,0,545410
KEN,2020-11-21,0,545410
KEN,2020-11-22,0,545410
KEN,2020-11-23,19403,564813
KEN,2020-11-24,0,564813
KEN,2020-11-25,0,564813
KEN,2020-11-26,0,564813
KEN,2020-11-27,0,564813
KEN,2020-11-28,0,564813
KEN,2020-11-29,0,564813
KEN,2020-11-30,0,564813
KEN,2020-12-01,0,564813
KEN,2020-12-02,0,564813
KEN,2020-12-03,0,564813
KEN,2020-12-04,0,564813
KEN,2020-12-05,0,564813
KEN,2020-12-06,0,564813
KEN,2020-12-07,0,564813
KEN,2020-12-08,7137,571950
KEN,2020-12-09,0,571950
KEN,2020-12-10,0,571950
KEN,2020-12-11,0,571950
KEN,2020-12-12,0,571950
KEN,2020-12-13,0,571950
KEN,2020-12-14,0,571950
KEN,2020-12-15,0,571950
KEN,2020-12-16,0,571950
KEN,2020-12-17,0,571950
KEN,2020-12-18,0,571950
KEN,2020-12-19,0,571950
KEN,2020-12-20,0,571950
KEN,2020-12-21,0,571950
KEN,2020-12-22,0,571950
KEN,2020-12-23,0,571950
KEN,2020-12-24,0,571950
KEN,2020-12-25,0,571950
KEN,2020-12-26,0,571950
KEN,2020-12-27,0,571950
KEN,2020-12-28,0,571950
KEN,2020-12-29,0,571950
KEN,2020-12-30,0,571950
KEN,2020-12-31,0,571950
KEN,2021-01-01,0,571950
KEN,2021-01-02,0,571950
KEN,2021-01-03,0,571950
KEN,2021-01-04,0,571950
KEN,2021-01-05,0,571950
KEN,2021-01-06,0,571950
KEN,2021-01-07,0,571950
KEN,2021-01-08,0,571950
KEN,2021-01-09,0,571950
KEN,2021-01-10,0,571950
KEN,2021-01-11,0,571950
KEN,2021-01-12,0,571950
KEN,2021-01-13,0,571950
KEN,2021-01-14,0,571950
KEN,2021-01-15,0,571950
KEN,2021-01-16,0,571950
KEN,2021-01-17,0,571950
KEN,2021-01-18,0,571950
KEN,2021-01-19,0,571950
KEN,2021-01-20,0,571950
KEN,2021-01-21,0,571950
KEN,2021-01-22,0,571950
KEN,2021-01-23,0,571950
KEN,2021-01-24,0,571950
KEN,2021-01-25,0,571950
KEN,2021-01-26,0,571950
KEN,2021-01-27,0,571950
KEN,2021-01-28,0,571950
KEN,2021-01-29,0,571950
KEN,2021-01-30,0,571950
KEN,2021-01-31,0,571950
KEN,2021-02-01,0,571950
KEN,2021-02-02,0,571950
KEN,2021-02-03,0,571950
KEN,2021-02-04,0,571950
KEN,2021-02-05,0,571950
KEN,2021-02-06,0,571950
KEN,2021-02-07,0,571950
KEN,2021-02-08,0,571950
KEN,2021-02-09,0,571950
KEN,2021-02-10,0,571950
KEN,2021-02-11,0,571950
KEN,2021-02-12,0,571950
KEN,2021-02-13,0,571950
KEN,2021-02-14,0,571950
KEN,2021-02-15,0,571950
KEN,2021-02-16,0,571950
KEN,2021-02-17,0,571950
KEN,2021-02-18,0,571950
KEN,2021-02-19,0,571950
KEN,2021-02-20,0,571950
KEN,2021-02-21,0,571950
KEN,2021-02-22,0,571950
KEN,2021-02-23,0,571950
KEN,2021-02-24,0,571950
KEN,2021-02-25,0,571950
KEN,2021-02-26,0,571950
KEN,2021-04-06,0,571950
KEN,2021-04-07,0,571950
KEN,2021-04-08,0,571950
KEN,2021-04-09,0,571950
KEN,2021-04-10,0,571950
KEN,2021-04-11,0,571950
KEN,2021-04-12,0,571950
KEN,2021-04-13,0,571950
KEN,2021-04-14,0,571950
KEN,2021-04-15,0,571950
KEN,2021-04-16,0,571950
KEN,2021-04-17,0,571950
KEN,2021-04-18,0,571950
KEN,2021-04-19,0,571950
KEN,2021-04-20,0,571950
KEN,2021-04-21,0,571950
KEN,2021-04-22,0,571950
KEN,2021-04-23,0,571950
KEN,2021-04-24,0,571950
KEN,2021-04-25,0,571950
KEN,2021-04-26,0,571950
KEN,2021-04-27,1779,573729
KEN,2021-04-28,0,573729
KEN,2021-04-29,0,573729
KEN,2021-04-30,0,573729
KEN,2021-05-01,0,573729
KEN,2021-05-02,0,573729
KEN,2021-05-03,0,573729
KEN,2021-05-04,0,573729
OWID_KOS,2021-05-26,0,0
OWID_KOS,2021-05-27,2460,2460
OWID_KOS,2021-05-28,0,2460
OWID_KOS,2021-05-29,0,2460
OWID_KOS,2021-05-30,0,2460
OWID_KOS,2021-05-31,0,2460
OWID_KOS,2021-06-01,0,2460
OWID_KOS,2021-06-02,0,2460
OWID_KOS,2021-06-03,0,2460
OWID_KOS,2021-06-04,0,2460
OWID_KOS,2021-06-05,0,2460
OWID_KOS,2021-06-06,0,2460
OWID_KOS,2021-06-07,0,2460
OWID_KOS,2021-06-08,0,2460
OWID_KOS,2021-06-09,0,2460
OWID_KOS,2021-06-10,0,2460
OWID_KOS,2021-06-11,0,2460
OWID_KOS,2021-06-12,0,2460
OWID_KOS,2021-06-13,2117,4577
OWID_KOS,2021-06-14,0,4577
OWID_KOS,2021-06-15,0,4577
OWID_KOS,2021-06-16,0,4577
OWID_KOS,2021-06-17,1848,6425
OWID_KOS,2021-06-18,1938,8363
OWID_KOS,2021-06-19,2112,10475
OWID_KOS,2021-06-20,1328,11803
OWID_KOS,2021-06-21,1963,13766
OWID_KOS,2021-06-22,3585,17351
KWT,2020-05-13,0,0
KWT,2020-05-14,4930,4930
KWT,2020-05-15,4074,9004
KWT,2020-05-16,4712,13716
KWT,2020-05-17,3760,17476
KWT,2020-05-18,3838,21314
KWT,2020-05-19,4382,25696
KWT,2020-05-20,3618,29314
KWT,2020-05-21,4757,34071
KWT,2020-05-22,3888,37959
KWT,2020-05-23,3195,41154
KWT,2020-05-24,2935,44089
KWT,2020-05-25,2723,46812
KWT,2020-05-26,2395,49207
KWT,2020-05-27,2738,51945
KWT,2020-05-28,3396,55341
KWT,2020-05-29,4011,59352
KWT,2020-05-30,3661,63013
KWT,2020-05-31,3349,66362
KWT,2020-06-01,3664,70026
KWT,2020-06-02,3325,73351
KWT,2020-06-03,2934,76285
KWT,2020-06-04,2721,79006
KWT,2020-06-05,2894,81900
KWT,2020-06-06,2724,84624
KWT,2020-06-07,3661,88285
KWT,2020-06-08,2999,91284
KWT,2020-06-09,3218,94502
KWT,2020-06-10,2871,97373
KWT,2020-06-11,2771,100144
KWT,2020-06-12,2985,103129
KWT,2020-06-13,2159,105288
KWT,2020-06-14,2324,107612
KWT,2020-06-15,2775,110387
KWT,2020-06-16,2755,113142
KWT,2020-06-17,2885,116027
KWT,2020-06-18,3298,119325
KWT,2020-06-19,3087,122412
KWT,2020-06-20,2224,124636
KWT,2020-06-21,2742,127378
KWT,2020-06-22,3216,130594
KWT,2020-06-23,3645,134239
KWT,2020-06-24,3985,138224
KWT,2020-06-25,3286,141510
KWT,2020-06-26,3774,145284
KWT,2020-06-27,3240,148524
KWT,2020-06-28,3814,152338
KWT,2020-06-29,3504,155842
KWT,2020-06-30,4045,159887
KWT,2020-07-01,4150,164037
KWT,2020-07-02,4312,168349
KWT,2020-07-03,4149,172498
KWT,2020-07-04,3443,175941
KWT,2020-07-05,3043,178984
KWT,2020-07-06,3351,182335
KWT,2020-07-07,4195,186530
KWT,2020-07-08,4344,190874
KWT,2020-07-09,5011,195885
KWT,2020-07-10,4121,200006
KWT,2020-07-11,2495,202501
KWT,2020-07-12,3835,206336
KWT,2020-07-13,4086,210422
KWT,2020-07-14,3721,214143
KWT,2020-07-15,4041,218184
KWT,2020-07-16,4341,222525
KWT,2020-07-17,3445,225970
KWT,2020-07-18,4370,230340
KWT,2020-07-19,2009,232349
KWT,2020-07-20,3355,235704
KWT,2020-07-21,4157,239861
KWT,2020-07-22,4139,244000
KWT,2020-07-23,3808,247808
KWT,2020-07-24,4603,252411
KWT,2020-07-25,3909,256320
KWT,2020-07-26,2418,258738
KWT,2020-07-27,3828,262566
KWT,2020-07-28,4732,267298
KWT,2020-07-29,4059,271357
KWT,2020-07-30,3811,275168
KWT,2020-07-31,2920,278088
KWT,2020-08-01,2432,280520
KWT,2020-08-02,2041,282561
KWT,2020-08-03,2038,284599
KWT,2020-08-04,2452,287051
KWT,2020-08-05,4550,291601
KWT,2020-08-06,3599,295200
KWT,2020-08-07,4086,299286
KWT,2020-08-08,2844,302130
KWT,2020-08-09,3223,305353
KWT,2020-08-10,3450,308803
KWT,2020-08-11,3658,312461
KWT,2020-08-12,4397,316858
KWT,2020-08-13,4147,321005
KWT,2020-08-14,4576,325581
KWT,2020-08-15,3356,328937
KWT,2020-08-16,2863,331800
KWT,2020-08-17,4334,336134
KWT,2020-08-18,5306,341440
KWT,2020-08-19,4811,346251
KWT,2020-08-20,4337,350588
KWT,2020-08-21,3530,354118
KWT,2020-08-22,4006,358124
KWT,2020-08-23,2443,360567
KWT,2020-08-24,3056,363623
KWT,2020-08-25,4426,368049
KWT,2020-08-26,4364,372413
KWT,2020-08-27,4191,376604
KWT,2020-08-28,4317,380921
KWT,2020-08-29,3718,384639
KWT,2020-08-30,2490,387129
KWT,2020-08-31,3490,390619
KWT,2020-09-01,3997,394616
KWT,2020-09-02,4425,399041
KWT,2020-09-03,5441,404482
KWT,2020-09-04,4738,409220
KWT,2020-09-05,4414,413634
KWT,2020-09-06,3093,416727
KWT,2020-09-07,4324,421051
KWT,2020-09-08,5048,426099
KWT,2020-09-09,4652,430751
KWT,2020-09-10,5384,436135
KWT,2020-09-11,4870,441005
KWT,2020-09-12,4998,446003
KWT,2020-09-13,2739,448742
KWT,2020-09-14,3928,452670
KWT,2020-09-15,4534,457204
KWT,2020-09-16,5384,462588
KWT,2020-09-17,5968,468556
KWT,2020-09-18,5928,474484
KWT,2020-09-19,3545,478029
KWT,2020-09-20,2263,480292
KWT,2020-09-21,3944,484236
KWT,2020-09-22,4651,488887
KWT,2020-09-23,4622,493509
KWT,2020-09-24,4516,498025
KWT,2020-09-25,4730,502755
KWT,2020-09-26,4138,506893
KWT,2020-09-27,2025,508918
KWT,2020-09-28,2865,511783
KWT,2020-09-29,4014,515797
KWT,2020-09-30,4436,520233
KWT,2020-10-01,3930,524163
KWT,2020-10-02,2612,526775
KWT,2020-10-03,1990,528765
KWT,2020-10-04,2050,530815
KWT,2020-10-05,3210,534025
KWT,2020-10-06,3583,537608
KWT,2020-10-07,4083,541691
KWT,2020-10-08,4120,545811
KWT,2020-10-09,3922,549733
KWT,2020-10-10,2805,552538
KWT,2020-10-11,2717,555255
KWT,2020-10-12,6450,561705
KWT,2020-10-13,8055,569760
KWT,2020-10-14,4177,573937
KWT,2020-10-15,8554,582491
KWT,2020-10-16,8014,590505
KWT,2020-10-17,5701,596206
KWT,2020-10-18,4959,601165
KWT,2020-10-19,6002,607167
KWT,2020-10-20,7935,615102
KWT,2020-10-21,7560,622662
KWT,2020-10-22,8045,630707
KWT,2020-10-23,7853,638560
KWT,2020-10-24,5194,643754
KWT,2020-10-25,5496,649250
KWT,2020-10-26,5431,654681
KWT,2020-10-27,7874,662555
KWT,2020-10-28,7431,669986
KWT,2020-10-29,8147,678133
KWT,2020-10-30,6221,684354
KWT,2020-10-31,5171,689525
KWT,2020-11-01,4753,694278
KWT,2020-11-02,5611,699889
KWT,2020-11-03,6737,706626
KWT,2020-11-04,6892,713518
KWT,2020-11-05,7403,720921
KWT,2020-11-06,7526,728447
KWT,2020-11-07,5278,733725
KWT,2020-11-08,5105,738830
KWT,2020-11-09,5659,744489
KWT,2020-11-10,7847,752336
KWT,2020-11-11,6808,759144
KWT,2020-11-12,7272,766416
KWT,2020-11-13,7834,774250
KWT,2020-11-14,5462,779712
KWT,2020-11-15,4854,784566
KWT,2020-11-16,5072,789638
KWT,2020-11-17,6521,796159
KWT,2020-11-18,6068,802227
KWT,2020-11-19,6758,808985
KWT,2020-11-20,6250,815235
KWT,2020-11-21,5667,820902
KWT,2020-11-22,4099,825001
KWT,2020-11-23,4492,829493
KWT,2020-11-24,5583,835076
KWT,2020-11-25,6117,841193
KWT,2020-11-26,7458,848651
KWT,2020-11-27,6776,855427
KWT,2020-11-28,4242,859669
KWT,2020-11-29,4827,864496
KWT,2020-11-30,4078,868574
KWT,2020-12-01,5572,874146
KWT,2020-12-02,6435,880581
KWT,2020-12-03,11039,891620
KWT,2020-12-04,12124,903744
KWT,2020-12-05,6948,910692
KWT,2020-12-06,4102,914794
KWT,2020-12-07,4626,919420
KWT,2020-12-08,5783,925203
KWT,2020-12-09,6656,931859
KWT,2020-12-10,6575,938434
KWT,2020-12-11,6725,945159
KWT,2020-12-12,4824,949983
KWT,2020-12-13,3679,953662
KWT,2020-12-14,4963,958625
KWT,2020-12-15,4662,963287
KWT,2020-12-16,6633,969920
KWT,2020-12-17,5804,975724
KWT,2020-12-18,6667,982391
KWT,2020-12-19,4756,987147
KWT,2020-12-20,4242,991389
KWT,2020-12-21,4788,996177
KWT,2020-12-22,5641,1001818
KWT,2020-12-23,3459,1005277
KWT,2020-12-24,3565,1008842
KWT,2020-12-25,3290,1012132
KWT,2020-12-26,2132,1014264
KWT,2020-12-27,2158,1016422
KWT,2020-12-28,2106,1018528
KWT,2020-12-29,3586,1022114
KWT,2020-12-30,2429,1024543
KWT,2020-12-31,3289,1027832
KWT,2021-01-01,4161,1031993
KWT,2021-01-02,3245,1035238
KWT,2021-01-03,4712,1039950
KWT,2021-01-04,5067,1045017
KWT,2021-01-05,5180,1050197
KWT,2021-01-06,10558,1060755
KWT,2021-01-07,12279,1073034
KWT,2021-01-08,11597,1084631
KWT,2021-01-09,8015,1092646
KWT,2021-01-10,7781,1100427
KWT,2021-01-11,10087,1110514
KWT,2021-01-12,10340,1120854
KWT,2021-01-13,11567,1132421
KWT,2021-01-14,10360,1142781
KWT,2021-01-15,10862,1153643
KWT,2021-01-16,8651,1162294
KWT,2021-01-17,8251,1170545
KWT,2021-01-18,8807,1179352
KWT,2021-01-19,8845,1188197
KWT,2021-01-20,10283,1198480
KWT,2021-01-21,10712,1209192
KWT,2021-01-22,10311,1219503
KWT,2021-01-23,8978,1228481
KWT,2021-01-24,7695,1236176
KWT,2021-01-25,7928,1244104
KWT,2021-01-26,8426,1252530
KWT,2021-01-27,11419,1263949
KWT,2021-01-28,9964,1273913
KWT,2021-01-29,11338,1285251
KWT,2021-01-30,8336,1293587
KWT,2021-01-31,8994,1302581
KWT,2021-02-01,8681,1311262
KWT,2021-02-02,9140,1320402
KWT,2021-02-03,9621,1330023
KWT,2021-02-04,10861,1340884
KWT,2021-02-05,11497,1352381
KWT,2021-02-06,10651,1363032
KWT,2021-02-07,9409,1372441
KWT,2021-02-08,8864,1381305
KWT,2021-02-09,10271,1391576
KWT,2021-02-10,10812,1402388
KWT,2021-02-11,10659,1413047
KWT,2021-02-12,11240,1424287
KWT,2021-02-13,9119,1433406
KWT,2021-02-14,7514,1440920
KWT,2021-02-15,8935,1449855
KWT,2021-02-16,10328,1460183
KWT,2021-02-17,10276,1470459
KWT,2021-02-18,10622,1481081
KWT,2021-02-19,10016,1491097
KWT,2021-02-20,7601,1498698
KWT,2021-02-21,6006,1504704
KWT,2021-02-22,6851,1511555
KWT,2021-02-23,8221,1519776
KWT,2021-02-24,8724,1528500
KWT,2021-02-25,9036,1537536
KWT,2021-02-26,7836,1545372
KWT,2021-02-27,5704,1551076
KWT,2021-02-28,6423,1557499
KWT,2021-03-01,7542,1565041
KWT,2021-03-02,8586,1573627
KWT,2021-03-03,10554,1584181
KWT,2021-03-04,11208,1595389
KWT,2021-03-05,10927,1606316
KWT,2021-03-06,7966,1614282
KWT,2021-03-07,9081,1623363
KWT,2021-03-08,9215,1632578
KWT,2021-03-09,7760,1640338
KWT,2021-03-10,9797,1650135
KWT,2021-03-11,8780,1658915
KWT,2021-03-12,7807,1666722
KWT,2021-03-13,7319,1674041
KWT,2021-03-14,6173,1680214
KWT,2021-03-15,7365,1687579
KWT,2021-03-16,9317,1696896
KWT,2021-03-17,9277,1706173
KWT,2021-03-18,8776,1714949
KWT,2021-03-19,9742,1724691
KWT,2021-03-20,8447,1733138
KWT,2021-03-21,7072,1740210
KWT,2021-03-22,9079,1749289
KWT,2021-03-23,9367,1758656
KWT,2021-03-24,9000,1767656
KWT,2021-03-25,10802,1778458
KWT,2021-03-26,9656,1788114
KWT,2021-03-27,7729,1795843
KWT,2021-03-28,6852,1802695
KWT,2021-03-29,8104,1810799
KWT,2021-03-30,9494,1820293
KWT,2021-03-31,9175,1829468
KWT,2021-04-01,9580,1839048
KWT,2021-04-02,9450,1848498
KWT,2021-04-03,8710,1857208
KWT,2021-04-04,8369,1865577
KWT,2021-04-05,8371,1873948
KWT,2021-04-06,10095,1884043
KWT,2021-04-07,10432,1894475
KWT,2021-04-08,9680,1904155
KWT,2021-04-09,11171,1915326
KWT,2021-04-10,9169,1924495
KWT,2021-04-11,7927,1932422
KWT,2021-04-12,9625,1942047
KWT,2021-04-13,9232,1951279
KWT,2021-04-14,8880,1960159
KWT,2021-04-15,8628,1968787
KWT,2021-04-16,9260,1978047
KWT,2021-04-17,8577,1986624
KWT,2021-04-18,6269,1992893
KWT,2021-04-19,8273,2001166
KWT,2021-04-20,8405,2009571
KWT,2021-04-21,9563,2019134
KWT,2021-04-22,9995,2029129
KWT,2021-04-23,9171,2038300
KWT,2021-04-24,7518,2045818
KWT,2021-04-25,8047,2053865
KWT,2021-04-26,7781,2061646
KWT,2021-04-27,9099,2070745
KWT,2021-04-28,9670,2080415
KWT,2021-04-29,9423,2089838
KWT,2021-04-30,9865,2099703
KWT,2021-05-01,8194,2107897
KWT,2021-05-02,8172,2116069
KWT,2021-05-03,8869,2124938
KWT,2021-05-04,8899,2133837
KWT,2021-05-05,9428,2143265
KWT,2021-05-06,8916,2152181
KWT,2021-05-07,9604,2161785
KWT,2021-05-08,7747,2169532
KWT,2021-05-09,7204,2176736
KWT,2021-05-10,8212,2184948
KWT,2021-05-11,9274,2194222
KWT,2021-05-12,8667,2202889
KWT,2021-05-13,9040,2211929
KWT,2021-05-14,7187,2219116
KWT,2021-05-15,6991,2226107
KWT,2021-05-16,6996,2233103
KWT,2021-05-17,7570,2240673
KWT,2021-05-18,9635,2250308
KWT,2021-05-19,9716,2260024
KWT,2021-05-20,10660,2270684
KWT,2021-05-21,11314,2281998
KWT,2021-05-22,8249,2290247
KWT,2021-05-23,8396,2298643
KWT,2021-05-24,9386,2308029
KWT,2021-05-25,10812,2318841
KWT,2021-05-26,10309,2329150
KWT,2021-05-27,10774,2339924
KWT,2021-05-28,10927,2350851
KWT,2021-05-29,9729,2360580
KWT,2021-05-30,9227,2369807
KWT,2021-05-31,10962,2380769
KWT,2021-06-01,10932,2391701
KWT,2021-06-02,10844,2402545
KWT,2021-06-03,11043,2413588
KWT,2021-06-04,11064,2424652
KWT,2021-06-05,9350,2434002
KWT,2021-06-06,10011,2444013
KWT,2021-06-07,11911,2455924
KWT,2021-06-08,11610,2467534
KWT,2021-06-09,10396,2477930
KWT,2021-06-10,12669,2490599
KWT,2021-06-11,13757,2504356
KWT,2021-06-12,10067,2514423
KWT,2021-06-13,11121,2525544
KWT,2021-06-14,11316,2536860
KWT,2021-06-15,11645,2548505
KWT,2021-06-16,12908,2561413
KWT,2021-06-17,12448,2573861
KWT,2021-06-18,14256,2588117
KWT,2021-06-19,10365,2598482
KWT,2021-06-20,11984,2610466
KWT,2021-06-21,13536,2624002
KWT,2021-06-22,13869,2637871
KWT,2021-06-23,14678,2652549
LAO,2021-05-19,0,0
LAO,2021-05-20,0,0
LAO,2021-05-21,0,0
LAO,2021-05-22,0,0
LAO,2021-05-23,0,0
LAO,2021-05-24,0,0
LAO,2021-05-25,0,0
LAO,2021-05-26,1767,1767
LAO,2021-05-27,1990,3757
LAO,2021-05-28,2149,5906
LAO,2021-05-29,2216,8122
LAO,2021-05-30,1928,10050
LAO,2021-05-31,2002,12052
LAO,2021-06-01,2216,14268
LAO,2021-06-02,0,14268
LAO,2021-06-03,0,14268
LAO,2021-06-04,1920,16188
LAO,2021-06-05,2532,18720
LAO,2021-06-06,0,18720
LAO,2021-06-07,0,18720
LAO,2021-06-08,1485,20205
LAO,2021-06-09,1401,21606
LAO,2021-06-10,1410,23016
LAO,2021-06-11,1826,24842
LAO,2021-06-12,1842,26684
LAO,2021-06-13,1348,28032
LAO,2021-06-14,0,28032
LAO,2021-06-15,0,28032
LAO,2021-06-16,1824,29856
LAO,2021-06-17,1801,31657
LAO,2021-06-18,1479,33136
LAO,2021-06-19,1486,34622
LAO,2021-06-20,1783,36405
LAO,2021-06-21,911,37316
LAO,2021-06-22,0,37316
LAO,2021-06-23,0,37316
LAO,2021-06-24,1574,38890
LAO,2021-06-25,1159,40049
LAO,2021-06-26,1552,41601
LAO,2021-06-27,0,41601
LAO,2021-06-28,0,41601
LAO,2021-06-29,0,41601
LVA,2020-02-29,116,116
LVA,2020-03-01,10,126
LVA,2020-03-02,37,163
LVA,2020-03-03,41,204
LVA,2020-03-04,36,240
LVA,2020-03-05,35,275
LVA,2020-03-06,32,307
LVA,2020-03-07,14,321
LVA,2020-03-08,22,343
LVA,2020-03-09,48,391
LVA,2020-03-10,59,450
LVA,2020-03-11,47,497
LVA,2020-03-12,79,576
LVA,2020-03-13,127,703
LVA,2020-03-14,316,1019
LVA,2020-03-15,334,1353
LVA,2020-03-16,351,1704
LVA,2020-03-17,495,2199
LVA,2020-03-18,755,2954
LVA,2020-03-19,720,3674
LVA,2020-03-20,699,4373
LVA,2020-03-21,1389,5762
LVA,2020-03-22,811,6573
LVA,2020-03-23,1185,7758
LVA,2020-03-24,887,8645
LVA,2020-03-25,1151,9796
LVA,2020-03-26,817,10613
LVA,2020-03-27,1089,11702
LVA,2020-03-28,1046,12748
LVA,2020-03-29,1057,13805
LVA,2020-03-30,502,14307
LVA,2020-03-31,500,14807
LVA,2020-04-01,1003,15810
LVA,2020-04-02,1024,16834
LVA,2020-04-03,1364,18198
LVA,2020-04-04,1182,19380
LVA,2020-04-05,1300,20680
LVA,2020-04-06,773,21453
LVA,2020-04-07,1122,22575
LVA,2020-04-08,1461,24036
LVA,2020-04-09,1422,25458
LVA,2020-04-10,1198,26656
LVA,2020-04-11,1140,27796
LVA,2020-04-12,418,28214
LVA,2020-04-13,562,28776
LVA,2020-04-14,242,29018
LVA,2020-04-15,878,29896
LVA,2020-04-16,1406,31302
LVA,2020-04-17,1535,32837
LVA,2020-04-18,1860,34697
LVA,2020-04-19,1184,35881
LVA,2020-04-20,787,36668
LVA,2020-04-21,1304,37972
LVA,2020-04-22,1364,39336
LVA,2020-04-23,1705,41041
LVA,2020-04-24,2039,43080
LVA,2020-04-25,2663,45743
LVA,2020-04-26,1874,47617
LVA,2020-04-27,1564,49181
LVA,2020-04-28,2380,51561
LVA,2020-04-29,3250,54811
LVA,2020-04-30,3075,57886
LVA,2020-05-01,3234,61120
LVA,2020-05-02,1982,63102
LVA,2020-05-03,1143,64245
LVA,2020-05-04,1219,65464
LVA,2020-05-05,686,66150
LVA,2020-05-06,2477,68627
LVA,2020-05-07,2442,71069
LVA,2020-05-08,1947,73016
LVA,2020-05-09,2555,75571
LVA,2020-05-10,1021,76592
LVA,2020-05-11,555,77147
LVA,2020-05-12,1900,79047
LVA,2020-05-13,2199,81246
LVA,2020-05-14,2029,83275
LVA,2020-05-15,2156,85431
LVA,2020-05-16,1946,87377
LVA,2020-05-17,1028,88405
LVA,2020-05-18,718,89123
LVA,2020-05-19,1845,90968
LVA,2020-05-20,1783,92751
LVA,2020-05-21,1870,94621
LVA,2020-05-22,1745,96366
LVA,2020-05-23,1480,97846
LVA,2020-05-24,1203,99049
LVA,2020-05-25,721,99770
LVA,2020-05-26,1828,101598
LVA,2020-05-27,1955,103553
LVA,2020-05-28,1951,105504
LVA,2020-05-29,1427,106931
LVA,2020-05-30,1243,108174
LVA,2020-05-31,897,109071
LVA,2020-06-01,652,109723
LVA,2020-06-02,1681,111404
LVA,2020-06-03,1561,112965
LVA,2020-06-04,1486,114451
LVA,2020-06-05,1010,115461
LVA,2020-06-06,1074,116535
LVA,2020-06-07,1125,117660
LVA,2020-06-08,662,118322
LVA,2020-06-09,1730,120052
LVA,2020-06-10,1731,121783
LVA,2020-06-11,1581,123364
LVA,2020-06-12,1298,124662
LVA,2020-06-13,1392,126054
LVA,2020-06-14,1396,127450
LVA,2020-06-15,695,128145
LVA,2020-06-16,1691,129836
LVA,2020-06-17,1810,131646
LVA,2020-06-18,1911,133557
LVA,2020-06-19,1324,134881
LVA,2020-06-20,1686,136567
LVA,2020-06-21,1294,137861
LVA,2020-06-22,1163,139024
LVA,2020-06-23,1413,140437
LVA,2020-06-24,1276,141713
LVA,2020-06-25,1081,142794
LVA,2020-06-26,2292,145086
LVA,2020-06-27,1788,146874
LVA,2020-06-28,1042,147916
LVA,2020-06-29,861,148777
LVA,2020-06-30,2060,150837
LVA,2020-07-01,1941,152778
LVA,2020-07-02,1716,154494
LVA,2020-07-03,1105,155599
LVA,2020-07-04,1185,156784
LVA,2020-07-05,1042,157826
LVA,2020-07-06,692,158518
LVA,2020-07-07,1763,160281
LVA,2020-07-08,1773,162054
LVA,2020-07-09,1715,163769
LVA,2020-07-10,1841,165610
LVA,2020-07-11,1870,167480
LVA,2020-07-12,1467,168947
LVA,2020-07-13,996,169943
LVA,2020-07-14,2135,172078
LVA,2020-07-15,1979,174057
LVA,2020-07-16,1639,175696
LVA,2020-07-17,2189,177885
LVA,2020-07-18,1751,179636
LVA,2020-07-19,1292,180928
LVA,2020-07-20,1297,182225
LVA,2020-07-21,1385,183610
LVA,2020-07-22,1613,185223
LVA,2020-07-23,1752,186975
LVA,2020-07-24,1510,188485
LVA,2020-07-25,1240,189725
LVA,2020-07-26,1345,191070
LVA,2020-07-27,801,191871
LVA,2020-07-28,1574,193445
LVA,2020-07-29,1886,195331
LVA,2020-07-30,1704,197035
LVA,2020-07-31,1473,198508
LVA,2020-08-01,1448,199956
LVA,2020-08-02,1354,201310
LVA,2020-08-03,687,201997
LVA,2020-08-04,1871,203868
LVA,2020-08-05,2212,206080
LVA,2020-08-06,1829,207909
LVA,2020-08-07,2137,210046
LVA,2020-08-08,1891,211937
LVA,2020-08-09,1597,213534
LVA,2020-08-10,668,214202
LVA,2020-08-11,2328,216530
LVA,2020-08-12,2226,218756
LVA,2020-08-13,2071,220827
LVA,2020-08-14,1704,222531
LVA,2020-08-15,1881,224412
LVA,2020-08-16,1224,225636
LVA,2020-08-17,888,226524
LVA,2020-08-18,2234,228758
LVA,2020-08-19,2163,230921
LVA,2020-08-20,1997,232918
LVA,2020-08-21,1602,234520
LVA,2020-08-22,1777,236297
LVA,2020-08-23,1180,237477
LVA,2020-08-24,926,238403
LVA,2020-08-25,2130,240533
LVA,2020-08-26,2290,242823
LVA,2020-08-27,2004,244827
LVA,2020-08-28,2040,246867
LVA,2020-08-29,2065,248932
LVA,2020-08-30,1777,250709
LVA,2020-08-31,1008,251717
LVA,2020-09-01,2101,253818
LVA,2020-09-02,2532,256350
LVA,2020-09-03,2445,258795
LVA,2020-09-04,1903,260698
LVA,2020-09-05,1964,262662
LVA,2020-09-06,1596,264258
LVA,2020-09-07,1047,265305
LVA,2020-09-08,2395,267700
LVA,2020-09-09,2397,270097
LVA,2020-09-10,2284,272381
LVA,2020-09-11,2445,274826
LVA,2020-09-12,2258,277084
LVA,2020-09-13,1583,278667
LVA,2020-09-14,1451,280118
LVA,2020-09-15,2717,282835
LVA,2020-09-16,3041,285876
LVA,2020-09-17,2767,288643
LVA,2020-09-18,2264,290907
LVA,2020-09-19,2402,293309
LVA,2020-09-20,1933,295242
LVA,2020-09-21,1153,296395
LVA,2020-09-22,2690,299085
LVA,2020-09-23,2733,301818
LVA,2020-09-24,2403,304221
LVA,2020-09-25,2431,306652
LVA,2020-09-26,2520,309172
LVA,2020-09-27,1660,310832
LVA,2020-09-28,1398,312230
LVA,2020-09-29,3517,315747
LVA,2020-09-30,4271,320018
LVA,2020-10-01,4699,324717
LVA,2020-10-02,3914,328631
LVA,2020-10-03,3654,332285
LVA,2020-10-04,2544,334829
LVA,2020-10-05,1748,336577
LVA,2020-10-06,3818,340395
LVA,2020-10-07,4426,344821
LVA,2020-10-08,4416,349237
LVA,2020-10-09,4551,353788
LVA,2020-10-10,4710,358498
LVA,2020-10-11,3345,361843
LVA,2020-10-12,2169,364012
LVA,2020-10-13,4433,368445
LVA,2020-10-14,5078,373523
LVA,2020-10-15,4667,378190
LVA,2020-10-16,4759,382949
LVA,2020-10-17,5332,388281
LVA,2020-10-18,2690,390971
LVA,2020-10-19,2215,393186
LVA,2020-10-20,4171,397357
LVA,2020-10-21,5312,402669
LVA,2020-10-22,5510,408179
LVA,2020-10-23,5726,413905
LVA,2020-10-24,5632,419537
LVA,2020-10-25,4458,423995
LVA,2020-10-26,2237,426232
LVA,2020-10-27,5093,431325
LVA,2020-10-28,6015,437340
LVA,2020-10-29,5105,442445
LVA,2020-10-30,5964,448409
LVA,2020-10-31,5844,454253
LVA,2020-11-01,3898,458151
LVA,2020-11-02,2258,460409
LVA,2020-11-03,5235,465644
LVA,2020-11-04,7328,472972
LVA,2020-11-05,7564,480536
LVA,2020-11-06,7018,487554
LVA,2020-11-07,6651,494205
LVA,2020-11-08,3744,497949
LVA,2020-11-09,2398,500347
LVA,2020-11-10,6731,507078
LVA,2020-11-11,7621,514699
LVA,2020-11-12,6833,521532
LVA,2020-11-13,6734,528266
LVA,2020-11-14,6442,534708
LVA,2020-11-15,4058,538766
LVA,2020-11-16,2343,541109
LVA,2020-11-17,6059,547168
LVA,2020-11-18,7857,555025
LVA,2020-11-19,3323,558348
LVA,2020-11-20,7016,565364
LVA,2020-11-21,7204,572568
LVA,2020-11-22,4079,576647
LVA,2020-11-23,2256,578903
LVA,2020-11-24,7975,586878
LVA,2020-11-25,8627,595505
LVA,2020-11-26,8024,603529
LVA,2020-11-27,7193,610722
LVA,2020-11-28,7645,618367
LVA,2020-11-29,4037,622404
LVA,2020-11-30,2135,624539
LVA,2020-12-01,7810,632349
LVA,2020-12-02,9002,641351
LVA,2020-12-03,8670,650021
LVA,2020-12-04,8065,658086
LVA,2020-12-05,8695,666781
LVA,2020-12-06,5822,672603
LVA,2020-12-07,3296,675899
LVA,2020-12-08,9764,685663
LVA,2020-12-09,8748,694411
LVA,2020-12-10,9642,704053
LVA,2020-12-11,10356,714409
LVA,2020-12-12,8936,723345
LVA,2020-12-13,5391,728736
LVA,2020-12-14,2811,731547
LVA,2020-12-15,9400,740947
LVA,2020-12-16,9887,750834
LVA,2020-12-17,10344,761178
LVA,2020-12-18,9748,770926
LVA,2020-12-19,10057,780983
LVA,2020-12-20,5545,786528
LVA,2020-12-21,3730,790258
LVA,2020-12-22,10911,801169
LVA,2020-12-23,12155,813324
LVA,2020-12-24,11597,824921
LVA,2020-12-25,4029,828950
LVA,2020-12-26,3001,831951
LVA,2020-12-27,5054,837005
LVA,2020-12-28,4437,841442
LVA,2020-12-29,11207,852649
LVA,2020-12-30,11971,864620
LVA,2020-12-31,12395,877015
LVA,2021-01-01,3960,880975
LVA,2021-01-02,2498,883473
LVA,2021-01-03,5896,889369
LVA,2021-01-04,5550,894919
LVA,2021-01-05,12352,907271
LVA,2021-01-06,13946,921217
LVA,2021-01-07,13525,934742
LVA,2021-01-08,12799,947541
LVA,2021-01-09,11338,958879
LVA,2021-01-10,6336,965215
LVA,2021-01-11,4179,969394
LVA,2021-01-12,12516,981910
LVA,2021-01-13,12293,994203
LVA,2021-01-14,12224,1006427
LVA,2021-01-15,12453,1018880
LVA,2021-01-16,11804,1030684
LVA,2021-01-17,6576,1037260
LVA,2021-01-18,3423,1040683
LVA,2021-01-19,13629,1054312
LVA,2021-01-20,12732,1067044
LVA,2021-01-21,11816,1078860
LVA,2021-01-22,12397,1091257
LVA,2021-01-23,10598,1101855
LVA,2021-01-24,5506,1107361
LVA,2021-01-25,3901,1111262
LVA,2021-01-26,12552,1123814
LVA,2021-01-27,12197,1136011
LVA,2021-01-28,10982,1146993
LVA,2021-01-29,11507,1158500
LVA,2021-01-30,9960,1168460
LVA,2021-01-31,5361,1173821
LVA,2021-02-01,3944,1177765
LVA,2021-02-02,12949,1190714
LVA,2021-02-03,12317,1203031
LVA,2021-02-04,11818,1214849
LVA,2021-02-05,11495,1226344
LVA,2021-02-06,11439,1237783
LVA,2021-02-07,5152,1242935
LVA,2021-02-08,3327,1246262
LVA,2021-02-09,13108,1259370
LVA,2021-02-10,12334,1271704
LVA,2021-02-11,12340,1284044
LVA,2021-02-12,12104,1296148
LVA,2021-02-13,10157,1306305
LVA,2021-02-14,4955,1311260
LVA,2021-02-15,3186,1314446
LVA,2021-02-16,12908,1327354
LVA,2021-02-17,12251,1339605
LVA,2021-02-18,10929,1350534
LVA,2021-02-19,10915,1361449
LVA,2021-02-20,11165,1372614
LVA,2021-02-21,4819,1377433
LVA,2021-02-22,3334,1380767
LVA,2021-02-23,12678,1393445
LVA,2021-02-24,12591,1406036
LVA,2021-02-25,12232,1418268
LVA,2021-02-26,12715,1430983
LVA,2021-02-27,12088,1443071
LVA,2021-02-28,4839,1447910
LVA,2021-03-01,3451,1451361
LVA,2021-03-02,14225,1465586
LVA,2021-03-03,14339,1479925
LVA,2021-03-04,15156,1495081
LVA,2021-03-05,15923,1511004
LVA,2021-03-06,12859,1523863
LVA,2021-03-07,5226,1529089
LVA,2021-03-08,3214,1532303
LVA,2021-03-09,15633,1547936
LVA,2021-03-10,16705,1564641
LVA,2021-03-11,17483,1582124
LVA,2021-03-12,18026,1600150
LVA,2021-03-13,13870,1614020
LVA,2021-03-14,5990,1620010
LVA,2021-03-15,3635,1623645
LVA,2021-03-16,16419,1640064
LVA,2021-03-17,15915,1655979
LVA,2021-03-18,16008,1671987
LVA,2021-03-19,16904,1688891
LVA,2021-03-20,13840,1702731
LVA,2021-03-21,4931,1707662
LVA,2021-03-22,3266,1710928
LVA,2021-03-23,18614,1729542
LVA,2021-03-24,16899,1746441
LVA,2021-03-25,17518,1763959
LVA,2021-03-26,17881,1781840
LVA,2021-03-27,14627,1796467
LVA,2021-03-28,4591,1801058
LVA,2021-03-29,3517,1804575
LVA,2021-03-30,18937,1823512
LVA,2021-03-31,16080,1839592
LVA,2021-04-01,18174,1857766
LVA,2021-04-02,17046,1874812
LVA,2021-04-03,4324,1879136
LVA,2021-04-04,4196,1883332
LVA,2021-04-05,3139,1886471
LVA,2021-04-06,4987,1891458
LVA,2021-04-07,23143,1914601
LVA,2021-04-08,24155,1938756
LVA,2021-04-09,18589,1957345
LVA,2021-04-10,16852,1974197
LVA,2021-04-11,5386,1979583
LVA,2021-04-12,3209,1982792
LVA,2021-04-13,20618,2003410
LVA,2021-04-14,18932,2022342
LVA,2021-04-15,17233,2039575
LVA,2021-04-16,16373,2055948
LVA,2021-04-17,15192,2071140
LVA,2021-04-18,4801,2075941
LVA,2021-04-19,2683,2078624
LVA,2021-04-20,18656,2097280
LVA,2021-04-21,19150,2116430
LVA,2021-04-22,17164,2133594
LVA,2021-04-23,15300,2148894
LVA,2021-04-24,14961,2163855
LVA,2021-04-25,5439,2169294
LVA,2021-04-26,3461,2172755
LVA,2021-04-27,19951,2192706
LVA,2021-04-28,18698,2211404
LVA,2021-04-29,18021,2229425
LVA,2021-04-30,16474,2245899
LVA,2021-05-01,12637,2258536
LVA,2021-05-02,3578,2262114
LVA,2021-05-03,2571,2264685
LVA,2021-05-04,5517,2270202
LVA,2021-05-05,3883,2274085
LVA,2021-05-06,23852,2297937
LVA,2021-05-07,18511,2316448
LVA,2021-05-08,18694,2335142
LVA,2021-05-09,18767,2353909
LVA,2021-05-10,5769,2359678
LVA,2021-05-11,17957,2377635
LVA,2021-05-12,14603,2392238
LVA,2021-05-13,16417,2408655
LVA,2021-05-14,15153,2423808
LVA,2021-05-15,14560,2438368
LVA,2021-05-16,5590,2443958
LVA,2021-05-17,4112,2448070
LVA,2021-05-18,18493,2466563
LVA,2021-05-19,14728,2481291
LVA,2021-05-20,16546,2497837
LVA,2021-05-21,15458,2513295
LVA,2021-05-22,14100,2527395
LVA,2021-05-23,4742,2532137
LVA,2021-05-24,3898,2536035
LVA,2021-05-25,16463,2552498
LVA,2021-05-26,12790,2565288
LVA,2021-05-27,13512,2578800
LVA,2021-05-28,14870,2593670
LVA,2021-05-29,10929,2604599
LVA,2021-05-30,4377,2608976
LVA,2021-05-31,3297,2612273
LVA,2021-06-01,14546,2626819
LVA,2021-06-02,10427,2637246
LVA,2021-06-03,11679,2648925
LVA,2021-06-04,10774,2659699
LVA,2021-06-05,9367,2669066
LVA,2021-06-06,5696,2674762
LVA,2021-06-07,2894,2677656
LVA,2021-06-08,12773,2690429
LVA,2021-06-09,12810,2703239
LVA,2021-06-10,10080,2713319
LVA,2021-06-11,10362,2723681
LVA,2021-06-12,8682,2732363
LVA,2021-06-13,6466,2738829
LVA,2021-06-14,3409,2742238
LVA,2021-06-15,11452,2753690
LVA,2021-06-16,9053,2762743
LVA,2021-06-17,9644,2772387
LVA,2021-06-18,9922,2782309
LVA,2021-06-19,8381,2790690
LVA,2021-06-20,5023,2795713
LVA,2021-06-21,3159,2798872
LVA,2021-06-22,8333,2807205
LVA,2021-06-23,5829,2813034
LVA,2021-06-24,2246,2815280
LVA,2021-06-25,2361,2817641
LVA,2021-06-26,5332,2822973
LVA,2021-06-27,7924,2830897
LVA,2021-06-28,4023,2834920
LVA,2021-06-29,11409,2846329
LBN,2021-05-07,0,0
LBN,2021-05-08,28229,28229
LBN,2021-05-09,0,28229
LBN,2021-05-10,0,28229
LBN,2021-05-11,16889,45118
LBN,2021-05-12,15294,60412
LBN,2021-05-13,11872,72284
LBN,2021-05-14,0,72284
LBN,2021-05-15,0,72284
LBN,2021-05-16,0,72284
LBN,2021-05-17,22450,94734
LBN,2021-05-18,18066,112800
LBN,2021-05-19,17274,130074
LBN,2021-05-20,0,130074
LBN,2021-05-21,0,130074
LBN,2021-05-22,16138,146212
LBN,2021-05-23,0,146212
LBN,2021-05-24,0,146212
LBN,2021-05-25,16100,162312
LBN,2021-05-26,13531,175843
LBN,2021-05-27,13901,189744
LBN,2021-05-28,17483,207227
LBN,2021-05-29,0,207227
LBN,2021-05-30,0,207227
LBN,2021-05-31,0,207227
LBN,2021-06-01,0,207227
LBN,2021-06-02,0,207227
LBN,2021-06-03,0,207227
LBN,2021-06-04,0,207227
LBN,2021-06-05,0,207227
LBN,2021-06-06,0,207227
LBN,2021-06-07,0,207227
LBN,2021-06-08,16227,223454
LBN,2021-06-09,14038,237492
LBN,2021-06-10,0,237492
LBN,2021-06-11,0,237492
LBN,2021-06-12,0,237492
LBN,2021-06-13,0,237492
LBN,2021-06-14,0,237492
LBN,2021-06-15,0,237492
LBN,2021-06-16,0,237492
LBN,2021-06-17,0,237492
LBN,2021-06-18,0,237492
LBN,2021-06-19,0,237492
LBN,2021-06-20,0,237492
LBN,2021-06-21,0,237492
LBN,2021-06-22,0,237492
LBN,2021-06-23,0,237492
LBY,2020-03-04,3,3
LBY,2020-03-05,0,3
LBY,2020-03-06,0,3
LBY,2020-03-07,0,3
LBY,2020-03-08,0,3
LBY,2020-03-09,0,3
LBY,2020-03-10,0,3
LBY,2020-03-11,0,3
LBY,2020-03-12,0,3
LBY,2020-03-13,0,3
LBY,2020-03-14,1,4
LBY,2020-03-15,0,4
LBY,2020-03-16,7,11
LBY,2020-03-17,5,16
LBY,2020-03-18,7,23
LBY,2020-03-19,0,23
LBY,2020-03-20,3,26
LBY,2020-03-21,2,28
LBY,2020-03-22,2,30
LBY,2020-03-23,1,31
LBY,2020-03-24,26,57
LBY,2020-03-25,29,86
LBY,2020-03-26,0,86
LBY,2020-03-27,5,91
LBY,2020-03-28,16,107
LBY,2020-03-29,0,107
LBY,2020-03-30,9,116
LBY,2020-03-31,0,116
LBY,2020-04-01,14,130
LBY,2020-04-02,0,130
LBY,2020-04-03,14,144
LBY,2020-04-04,30,174
LBY,2020-04-05,18,192
LBY,2020-04-06,13,205
LBY,2020-04-07,27,232
LBY,2020-04-08,19,251
LBY,2020-04-09,116,367
LBY,2020-04-10,15,382
LBY,2020-04-11,16,398
LBY,2020-04-12,11,409
LBY,2020-04-13,9,418
LBY,2020-04-14,16,434
LBY,2020-04-15,49,483
LBY,2020-04-16,64,547
LBY,2020-04-17,64,611
LBY,2020-04-18,8,619
LBY,2020-04-19,25,644
LBY,2020-04-20,58,702
LBY,2020-04-21,83,785
LBY,2020-04-22,97,882
LBY,2020-04-23,156,1038
LBY,2020-04-24,82,1120
LBY,2020-04-25,42,1162
LBY,2020-04-26,162,1324
LBY,2020-04-27,82,1406
LBY,2020-04-28,97,1503
LBY,2020-04-29,55,1558
LBY,2020-04-30,92,1650
LBY,2020-05-01,148,1798
LBY,2020-05-02,58,1856
LBY,2020-05-03,47,1903
LBY,2020-05-04,136,2039
LBY,2020-05-05,168,2207
LBY,2020-05-06,254,2461
LBY,2020-05-07,68,2529
LBY,2020-05-08,144,2673
LBY,2020-05-09,121,2794
LBY,2020-05-10,77,2871
LBY,2020-05-11,83,2954
LBY,2020-05-12,100,3054
LBY,2020-05-13,120,3174
LBY,2020-05-14,56,3230
LBY,2020-05-15,95,3325
LBY,2020-05-16,56,3381
LBY,2020-05-17,43,3424
LBY,2020-05-18,178,3602
LBY,2020-05-19,200,3802
LBY,2020-05-20,241,4043
LBY,2020-05-21,326,4369
LBY,2020-05-22,238,4607
LBY,2020-05-23,152,4759
LBY,2020-05-24,413,5172
LBY,2020-05-25,123,5295
LBY,2020-05-26,66,5361
LBY,2020-05-27,333,5694
LBY,2020-05-28,269,5963
LBY,2020-05-29,423,6386
LBY,2020-05-30,322,6708
LBY,2020-05-31,475,7183
LBY,2020-06-01,658,7841
LBY,2020-06-02,504,8345
LBY,2020-06-03,612,8957
LBY,2020-06-04,648,9605
LBY,2020-06-05,635,10240
LBY,2020-06-06,396,10636
LBY,2020-06-07,370,11006
LBY,2020-06-08,887,11893
LBY,2020-06-09,540,12433
LBY,2020-06-10,683,13116
LBY,2020-06-11,1140,14256
LBY,2020-06-12,687,14943
LBY,2020-06-13,830,15773
LBY,2020-06-14,1107,16880
LBY,2020-06-15,671,17551
LBY,2020-06-16,1038,18589
LBY,2020-06-17,571,19160
LBY,2020-06-18,1358,20518
LBY,2020-06-19,825,21343
LBY,2020-06-20,974,22317
LBY,2020-06-21,704,23021
LBY,2020-06-22,1055,24076
LBY,2020-06-23,775,24851
LBY,2020-06-24,1005,25856
LBY,2020-06-25,786,26642
LBY,2020-06-26,476,27118
LBY,2020-06-27,1062,28180
LBY,2020-06-28,922,29102
LBY,2020-06-29,704,29806
LBY,2020-06-30,480,30286
LBY,2020-07-01,788,31074
LBY,2020-07-02,787,31861
LBY,2020-07-03,452,32313
LBY,2020-07-04,497,32810
LBY,2020-07-05,632,33442
LBY,2020-07-06,672,34114
LBY,2020-07-07,625,34739
LBY,2020-07-08,1205,35944
LBY,2020-07-09,764,36708
LBY,2020-07-10,629,37337
LBY,2020-07-11,1244,38581
LBY,2020-07-12,1232,39813
LBY,2020-07-13,829,40642
LBY,2020-07-14,0,40642
LBY,2020-07-15,952,41594
LBY,2020-07-16,0,41594
LBY,2020-07-17,1184,42778
LBY,2020-07-18,936,43714
LBY,2020-07-19,914,44628
LBY,2020-07-20,1179,45807
LBY,2020-07-21,1117,46924
LBY,2020-07-22,1732,48656
LBY,2020-07-23,1304,49960
LBY,2020-07-24,1473,51433
LBY,2020-07-25,1074,52507
LBY,2020-07-26,1908,54415
LBY,2020-07-27,1931,56346
LBY,2020-07-28,1859,58205
LBY,2020-07-29,1253,59458
LBY,2020-07-30,933,60391
LBY,2020-07-31,1152,61543
LBY,2020-08-01,929,62472
LBY,2020-08-02,907,63379
LBY,2020-08-03,1157,64536
LBY,2020-08-04,1090,65626
LBY,2020-08-05,1618,67244
LBY,2020-08-06,2144,69388
LBY,2020-08-07,1373,70761
LBY,2020-08-08,1003,71764
LBY,2020-08-09,1155,72919
LBY,2020-08-10,2345,75264
LBY,2020-08-11,2626,77890
LBY,2020-08-12,2672,80562
LBY,2020-08-13,2338,82900
LBY,2020-08-14,2601,85501
LBY,2020-08-15,3210,88711
LBY,2020-08-16,2923,91634
LBY,2020-08-17,2995,94629
LBY,2020-08-18,3432,98061
LBY,2020-08-19,3002,101063
LBY,2020-08-20,2797,103860
LBY,2020-08-21,2562,106422
LBY,2020-08-22,2340,108762
LBY,2020-08-23,2673,111435
LBY,2020-08-24,2388,113823
LBY,2020-08-25,2647,116470
LBY,2020-08-26,2451,118921
LBY,2020-08-27,3114,122035
LBY,2020-08-28,1481,123516
LBY,2020-08-29,2241,125757
LBY,2020-08-30,2991,128748
LBY,2020-08-31,2878,131626
LBY,2020-09-01,3255,134881
LBY,2020-09-02,3606,138487
LBY,2020-09-03,3812,142299
LBY,2020-09-04,3382,145681
LBY,2020-09-05,2756,148437
LBY,2020-09-06,4291,152728
LBY,2020-09-07,3816,156544
LBY,2020-09-08,3918,160462
LBY,2020-09-09,2695,163157
LBY,2020-09-10,4009,167166
LBY,2020-09-11,1999,169165
LBY,2020-09-12,2725,171890
LBY,2020-09-13,3494,175384
LBY,2020-09-14,3137,178521
LBY,2020-09-15,5087,183608
LBY,2020-09-16,3971,187579
LBY,2020-09-17,3217,190796
LBY,2020-09-18,3318,194114
LBY,2020-09-19,3461,197575
LBY,2020-10-24,6002,203577
LBY,2020-10-25,3815,207392
LBY,2020-10-26,3405,210797
LBY,2020-10-27,0,210797
LBY,2020-10-28,3140,213937
LBY,2020-10-29,0,213937
LBY,2020-10-30,1655,215592
LBY,2020-10-31,3320,218912
LBY,2020-11-01,4044,222956
LBY,2020-11-02,3227,226183
LBY,2020-11-03,3726,229909
LBY,2020-11-04,3384,233293
LBY,2020-11-05,4368,237661
LBY,2020-11-06,2159,239820
LBY,2020-11-07,3788,243608
LBY,2020-11-08,3969,247577
LBY,2020-11-09,4221,251798
LBY,2020-11-10,4082,255880
LBY,2020-11-11,3598,259478
LBY,2020-11-12,3864,263342
LBY,2020-11-13,0,263342
LBY,2020-11-14,5841,269183
LBY,2020-11-15,4029,273212
LBY,2020-11-16,4347,277559
LBY,2020-11-17,2815,280374
LBY,2020-11-18,4136,284510
LBY,2020-11-19,5389,289899
LBY,2020-11-20,0,289899
LBY,2020-11-21,7698,297597
LBY,2020-11-22,4678,302275
LBY,2020-11-23,3708,305983
LBY,2020-11-24,4156,310139
LBY,2020-11-25,4474,314613
LBY,2020-11-26,4861,319474
LBY,2020-11-27,0,319474
LBY,2020-11-28,6533,326007
LBY,2020-11-29,3565,329572
LBY,2020-11-30,4490,334062
LBY,2020-12-01,4848,338910
LBY,2020-12-02,5120,344030
LBY,2020-12-03,4506,348536
LBY,2020-12-04,0,348536
LBY,2020-12-05,7554,356090
LBY,2020-12-06,2835,358925
LBY,2020-12-07,5521,364446
LBY,2020-12-08,0,364446
LBY,2020-12-09,4218,368664
LBY,2020-12-10,3975,372639
LBY,2020-12-11,0,372639
LBY,2020-12-12,5454,378093
LBY,2020-12-13,0,378093
LBY,2020-12-14,5035,383128
LBY,2020-12-15,3300,386428
LBY,2020-12-16,4943,391371
LBY,2020-12-17,3770,395141
LBY,2020-12-18,0,395141
LBY,2020-12-19,4815,399956
LBY,2020-12-20,3910,403866
LBY,2020-12-21,3534,407400
LBY,2020-12-22,3499,410899
LBY,2020-12-23,5009,415908
LBY,2020-12-24,2882,418790
LBY,2020-12-25,0,418790
LBY,2020-12-26,4688,423478
LBY,2020-12-27,3757,427235
LBY,2020-12-28,3803,431038
LBY,2020-12-29,3657,434695
LBY,2020-12-30,2868,437563
LBY,2020-12-31,2624,440187
LBY,2021-01-01,0,440187
LBY,2021-01-02,0,440187
LBY,2021-01-03,0,440187
LBY,2021-01-04,3554,443741
LBY,2021-01-05,3069,446810
LBY,2021-01-06,3470,450280
LBY,2021-01-07,3474,453754
LBY,2021-01-08,0,453754
LBY,2021-01-09,4410,458164
LBY,2021-01-10,3795,461959
LBY,2021-01-11,3527,465486
LBY,2021-01-12,3662,469148
LBY,2021-01-13,3820,472968
LBY,2021-01-14,3167,476135
LBY,2021-01-15,0,476135
LBY,2021-01-16,5033,481168
LBY,2021-01-17,3648,484816
LBY,2021-01-18,4160,488976
LBY,2021-01-19,3733,492709
LBY,2021-01-20,3137,495846
LBY,2021-01-21,3916,499762
LBY,2021-01-22,0,499762
LBY,2021-01-23,5588,505350
LBY,2021-01-24,4184,509534
LBY,2021-01-25,4931,514465
LBY,2021-01-26,3507,517972
LBY,2021-01-27,4350,522322
LBY,2021-01-28,3607,525929
LBY,2021-01-29,0,525929
LBY,2021-01-30,6007,531936
LBY,2021-01-31,4191,536127
LBY,2021-02-01,5283,541410
LBY,2021-02-02,4286,545696
LBY,2021-02-03,0,545696
LBY,2021-02-04,4419,550115
LBY,2021-02-05,0,550115
LBY,2021-02-06,6180,556295
LBY,2021-02-07,0,556295
LBY,2021-02-08,0,556295
LBY,2021-02-09,0,556295
LBY,2021-02-10,1701,557996
LBY,2021-02-11,2840,560836
LBY,2021-02-12,0,560836
LBY,2021-02-13,2164,563000
LBY,2021-02-14,1949,564949
LBY,2021-02-15,1820,566769
LBY,2021-02-16,2075,568844
LBY,2021-02-17,1881,570725
LBY,2021-02-18,2208,572933
LBY,2021-02-19,0,572933
LBY,2021-02-20,2485,575418
LBY,2021-02-21,2108,577526
LBY,2021-02-22,2826,580352
LBY,2021-02-23,3490,583842
LBY,2021-02-24,2946,586788
LBY,2021-02-25,3481,590269
LBY,2021-02-26,0,590269
LBY,2021-02-27,4435,594704
LBY,2021-02-28,3652,598356
LBY,2021-03-01,4241,602597
LBY,2021-03-02,3764,606361
LBY,2021-03-03,4238,610599
LBY,2021-03-04,4486,615085
LBY,2021-03-05,0,615085
LBY,2021-03-06,5700,620785
LBY,2021-03-07,5092,625877
LBY,2021-03-08,0,625877
LBY,2021-03-09,0,625877
LBY,2021-03-10,0,625877
LBY,2021-03-11,4934,630811
LBY,2021-03-12,0,630811
LBY,2021-03-13,0,630811
LBY,2021-03-14,6067,636878
LBY,2021-03-15,0,636878
LBY,2021-03-16,0,636878
LBY,2021-03-17,0,636878
LBY,2021-03-18,6366,643244
LBY,2021-03-19,0,643244
LBY,2021-03-20,0,643244
LBY,2021-03-21,5411,648655
LBY,2021-03-22,0,648655
LBY,2021-03-23,5832,654487
LBY,2021-03-24,4731,659218
LBY,2021-03-25,3768,662986
LBY,2021-03-26,0,662986
LBY,2021-03-27,4340,667326
LBY,2021-03-28,3911,671237
LBY,2021-03-29,4433,675670
LBY,2021-03-30,3500,679170
LBY,2021-03-31,6480,685650
LBY,2021-04-01,6322,691972
LBY,2021-04-02,0,691972
LBY,2021-04-03,6331,698303
LBY,2021-04-04,6547,704850
LBY,2021-04-05,6179,711029
LBY,2021-04-06,5547,716576
LBY,2021-04-07,5686,722262
LBY,2021-04-08,4145,726407
LBY,2021-04-09,0,726407
LBY,2021-04-10,4864,731271
LBY,2021-04-11,4427,735698
LBY,2021-04-12,3939,739637
LBY,2021-04-13,2356,741993
LBY,2021-04-14,2749,744742
LBY,2021-04-15,0,744742
LBY,2021-04-16,0,744742
LBY,2021-04-17,0,744742
LBY,2021-04-18,2608,747350
LBY,2021-04-19,2672,750022
LBY,2021-04-20,2449,752471
LBY,2021-04-21,2786,755257
LBY,2021-04-22,2665,757922
LBY,2021-04-23,0,757922
LBY,2021-04-24,2762,760684
LBY,2021-04-25,2849,763533
LBY,2021-04-26,3007,766540
LBY,2021-04-27,2412,768952
LBY,2021-04-28,2081,771033
LBY,2021-04-29,2687,773720
LBY,2021-04-30,0,773720
LBY,2021-05-01,2320,776040
LBY,2021-05-02,3187,779227
LBY,2021-05-03,1929,781156
LBY,2021-05-04,1710,782866
LBY,2021-05-05,1881,784747
LBY,2021-05-06,2952,787699
LBY,2021-05-07,0,787699
LBY,2021-05-08,1773,789472
LBY,2021-05-09,1996,791468
LBY,2021-05-10,2383,793851
LBY,2021-05-11,1445,795296
LBY,2021-05-12,1188,796484
LBY,2021-05-13,0,796484
LBY,2021-05-14,0,796484
LBY,2021-05-15,1863,798347
LBY,2021-05-16,3201,801548
LBY,2021-05-17,3310,804858
LBY,2021-05-18,3032,807890
LBY,2021-05-19,3252,811142
LBY,2021-05-20,2670,813812
LBY,2021-05-21,0,813812
LBY,2021-05-22,3841,817653
LBY,2021-05-23,3460,821113
LBY,2021-05-24,3665,824778
LBY,2021-05-25,2561,827339
LBY,2021-05-26,2864,830203
LBY,2021-05-27,3243,833446
LBY,2021-05-28,0,833446
LBY,2021-05-29,4597,838043
LBY,2021-05-30,3935,841978
LBY,2021-05-31,3504,845482
LBY,2021-06-01,3260,848742
LBY,2021-06-02,3718,852460
LBY,2021-06-03,3335,855795
LBY,2021-06-04,0,855795
LBY,2021-06-05,4700,860495
LBY,2021-06-06,3956,864451
LBY,2021-06-07,3318,867769
LBY,2021-06-08,3310,871079
LBY,2021-06-09,3457,874536
LBY,2021-06-10,3494,878030
LBY,2021-06-11,0,878030
LBY,2021-06-12,4369,882399
LBY,2021-06-13,3588,885987
LBY,2021-06-14,3215,889202
LBY,2021-06-15,3729,892931
LBY,2021-06-16,3368,896299
LBY,2021-06-17,3563,899862
LBY,2021-06-18,0,899862
LBY,2021-06-19,4052,903914
LBY,2021-06-20,3378,907292
LBY,2021-06-21,3342,910634
LBY,2021-06-22,3052,913686
LBY,2021-06-23,2960,916646
LBY,2021-06-24,4506,921152
LBY,2021-06-25,0,921152
LBY,2021-06-26,4048,925200
LBY,2021-06-27,3181,928381
LIE,2020-05-23,15,15
LIE,2020-05-24,5,20
LIE,2020-05-25,126,146
LIE,2020-05-26,115,261
LIE,2020-05-27,94,355
LIE,2020-05-28,40,395
LIE,2020-05-29,29,424
LIE,2020-05-30,3,427
LIE,2020-05-31,14,441
LIE,2020-06-01,10,451
LIE,2020-06-02,147,598
LIE,2020-06-03,108,706
LIE,2020-06-04,76,782
LIE,2020-06-05,22,804
LIE,2020-06-06,4,808
LIE,2020-06-07,12,820
LIE,2020-06-08,111,931
LIE,2020-06-09,82,1013
LIE,2020-06-10,78,1091
LIE,2020-06-11,5,1096
LIE,2020-06-12,19,1115
LIE,2020-06-13,2,1117
LIE,2020-06-14,7,1124
LIE,2020-06-15,129,1253
LIE,2020-06-16,116,1369
LIE,2020-06-17,92,1461
LIE,2020-06-18,30,1491
LIE,2020-06-19,29,1520
LIE,2020-06-20,1,1521
LIE,2020-06-21,6,1527
LIE,2020-06-22,37,1564
LIE,2020-06-23,32,1596
LIE,2020-06-24,34,1630
LIE,2020-06-25,23,1653
LIE,2020-06-26,25,1678
LIE,2020-06-27,2,1680
LIE,2020-06-28,1,1681
LIE,2020-06-29,150,1831
LIE,2020-06-30,103,1934
LIE,2020-07-01,97,2031
LIE,2020-07-02,60,2091
LIE,2020-07-03,38,2129
LIE,2020-07-04,8,2137
LIE,2020-07-05,19,2156
LIE,2020-07-06,42,2198
LIE,2020-07-07,35,2233
LIE,2020-07-08,32,2265
LIE,2020-07-09,24,2289
LIE,2020-07-10,26,2315
LIE,2020-07-11,4,2319
LIE,2020-07-12,15,2334
LIE,2020-07-13,145,2479
LIE,2020-07-14,87,2566
LIE,2020-07-15,73,2639
LIE,2020-07-16,36,2675
LIE,2020-07-17,38,2713
LIE,2020-07-18,7,2720
LIE,2020-07-19,12,2732
LIE,2020-07-20,43,2775
LIE,2020-07-21,31,2806
LIE,2020-07-22,33,2839
LIE,2020-07-23,27,2866
LIE,2020-07-24,22,2888
LIE,2020-07-25,2,2890
LIE,2020-07-26,10,2900
LIE,2020-07-27,112,3012
LIE,2020-07-28,78,3090
LIE,2020-07-29,83,3173
LIE,2020-07-30,39,3212
LIE,2020-07-31,25,3237
LIE,2020-08-01,3,3240
LIE,2020-08-02,8,3248
LIE,2020-08-03,49,3297
LIE,2020-08-04,24,3321
LIE,2020-08-05,28,3349
LIE,2020-08-06,44,3393
LIE,2020-08-07,33,3426
LIE,2020-08-08,2,3428
LIE,2020-08-09,10,3438
LIE,2020-08-10,131,3569
LIE,2020-08-11,97,3666
LIE,2020-08-12,93,3759
LIE,2020-08-13,36,3795
LIE,2020-08-14,39,3834
LIE,2020-08-15,7,3841
LIE,2020-08-16,27,3868
LIE,2020-08-17,58,3926
LIE,2020-08-18,53,3979
LIE,2020-08-19,45,4024
LIE,2020-08-20,101,4125
LIE,2020-08-21,48,4173
LIE,2020-08-22,5,4178
LIE,2020-08-23,14,4192
LIE,2020-08-24,167,4359
LIE,2020-08-25,107,4466
LIE,2020-08-26,102,4568
LIE,2020-08-27,78,4646
LIE,2020-08-28,111,4757
LIE,2020-08-29,5,4762
LIE,2020-08-30,27,4789
LIE,2020-08-31,150,4939
LIE,2020-09-01,131,5070
LIE,2020-09-02,161,5231
LIE,2020-09-03,138,5369
LIE,2020-09-04,95,5464
LIE,2020-09-05,11,5475
LIE,2020-09-06,10,5485
LIE,2020-09-07,203,5688
LIE,2020-09-08,40,5728
LIE,2020-09-09,196,5924
LIE,2020-09-10,153,6077
LIE,2020-09-11,182,6259
LIE,2020-09-12,4,6263
LIE,2020-09-13,20,6283
LIE,2020-09-14,142,6425
LIE,2020-09-15,108,6533
LIE,2020-09-16,125,6658
LIE,2020-09-17,126,6784
LIE,2020-09-18,74,6858
LIE,2020-09-19,3,6861
LIE,2020-09-20,24,6885
LIE,2020-09-21,179,7064
LIE,2020-09-22,157,7221
LIE,2020-09-23,163,7384
LIE,2020-09-24,99,7483
LIE,2020-09-25,123,7606
LIE,2020-09-26,6,7612
LIE,2020-09-27,19,7631
LIE,2020-09-28,120,7751
LIE,2020-09-29,53,7804
LIE,2020-09-30,102,7906
LIE,2020-10-01,96,8002
LIE,2020-10-02,66,8068
LIE,2020-10-03,11,8079
LIE,2020-10-04,26,8105
LIE,2020-10-05,181,8286
LIE,2020-10-06,105,8391
LIE,2020-10-07,122,8513
LIE,2020-10-08,105,8618
LIE,2020-10-09,48,8666
LIE,2020-10-10,4,8670
LIE,2020-10-11,36,8706
LIE,2020-10-12,102,8808
LIE,2020-10-13,97,8905
LIE,2020-10-14,108,9013
LIE,2020-10-15,106,9119
LIE,2020-10-16,100,9219
LIE,2020-10-17,67,9286
LIE,2020-10-18,8,9294
LIE,2020-10-19,301,9595
LIE,2020-10-20,217,9812
LIE,2020-10-21,225,10037
LIE,2020-10-22,148,10185
LIE,2020-10-23,189,10374
LIE,2020-10-24,121,10495
LIE,2020-10-25,109,10604
LIE,2020-10-26,196,10800
LIE,2020-10-27,203,11003
LIE,2020-10-28,153,11156
LIE,2020-10-29,140,11296
LIE,2020-10-30,138,11434
LIE,2020-10-31,79,11513
LIE,2020-11-01,75,11588
LIE,2020-11-02,305,11893
LIE,2020-11-03,229,12122
LIE,2020-11-04,221,12343
LIE,2020-11-05,161,12504
LIE,2020-11-06,128,12632
LIE,2020-11-07,64,12696
LIE,2020-11-08,62,12758
LIE,2020-11-09,257,13015
LIE,2020-11-10,164,13179
LIE,2020-11-11,148,13327
LIE,2020-11-12,114,13441
LIE,2020-11-13,81,13522
LIE,2020-11-14,84,13606
LIE,2020-11-15,42,13648
LIE,2020-11-16,223,13871
LIE,2020-11-17,215,14086
LIE,2020-11-18,163,14249
LIE,2020-11-19,120,14369
LIE,2020-11-20,100,14469
LIE,2020-11-21,61,14530
LIE,2020-11-22,73,14603
LIE,2020-11-23,247,14850
LIE,2020-11-24,180,15030
LIE,2020-11-25,158,15188
LIE,2020-11-26,103,15291
LIE,2020-11-27,88,15379
LIE,2020-11-28,55,15434
LIE,2020-11-29,44,15478
LIE,2020-11-30,245,15723
LIE,2020-12-01,165,15888
LIE,2020-12-02,155,16043
LIE,2020-12-03,89,16132
LIE,2020-12-04,100,16232
LIE,2020-12-05,84,16316
LIE,2020-12-06,37,16353
LIE,2020-12-07,183,16536
LIE,2020-12-08,78,16614
LIE,2020-12-09,202,16816
LIE,2020-12-10,170,16986
LIE,2020-12-11,157,17143
LIE,2020-12-12,94,17237
LIE,2020-12-13,85,17322
LIE,2020-12-14,248,17570
LIE,2020-12-15,236,17806
LIE,2020-12-16,251,18057
LIE,2020-12-17,237,18294
LIE,2020-12-18,184,18478
LIE,2020-12-19,137,18615
LIE,2020-12-20,110,18725
LIE,2020-12-21,294,19019
LIE,2020-12-22,288,19307
LIE,2020-12-23,306,19613
LIE,2020-12-24,194,19807
LIE,2020-12-25,104,19911
LIE,2020-12-26,92,20003
LIE,2020-12-27,126,20129
LIE,2020-12-28,283,20412
LIE,2020-12-29,200,20612
LIE,2020-12-30,191,20803
LIE,2020-12-31,136,20939
LIE,2021-01-01,67,21006
LIE,2021-01-02,70,21076
LIE,2021-01-03,60,21136
LIE,2021-01-04,276,21412
LIE,2021-01-05,173,21585
LIE,2021-01-06,76,21661
LIE,2021-01-07,171,21832
LIE,2021-01-08,118,21950
LIE,2021-01-09,39,21989
LIE,2021-01-10,51,22040
LIE,2021-01-11,226,22266
LIE,2021-01-12,189,22455
LIE,2021-01-13,143,22598
LIE,2021-01-14,83,22681
LIE,2021-01-15,82,22763
LIE,2021-01-16,71,22834
LIE,2021-01-17,33,22867
LIE,2021-01-18,190,23057
LIE,2021-01-19,152,23209
LIE,2021-01-20,188,23397
LIE,2021-01-21,116,23513
LIE,2021-01-22,114,23627
LIE,2021-01-23,60,23687
LIE,2021-01-24,40,23727
LIE,2021-01-25,198,23925
LIE,2021-01-26,224,24149
LIE,2021-01-27,207,24356
LIE,2021-01-28,130,24486
LIE,2021-01-29,105,24591
LIE,2021-01-30,47,24638
LIE,2021-01-31,51,24689
LIE,2021-02-01,215,24904
LIE,2021-02-02,62,24966
LIE,2021-02-03,211,25177
LIE,2021-02-04,142,25319
LIE,2021-02-05,140,25459
LIE,2021-02-06,46,25505
LIE,2021-02-07,42,25547
LIE,2021-02-08,230,25777
LIE,2021-02-09,217,25994
LIE,2021-02-10,182,26176
LIE,2021-02-11,151,26327
LIE,2021-02-12,120,26447
LIE,2021-02-13,70,26517
LIE,2021-02-14,41,26558
LIE,2021-02-15,211,26769
LIE,2021-02-16,132,26901
LIE,2021-02-17,162,27063
LIE,2021-02-18,123,27186
LIE,2021-02-19,115,27301
LIE,2021-02-20,44,27345
LIE,2021-02-21,48,27393
LIE,2021-02-22,213,27606
LIE,2021-02-23,165,27771
LIE,2021-02-24,192,27963
LIE,2021-02-25,133,28096
LIE,2021-02-26,104,28200
LIE,2021-02-27,81,28281
LIE,2021-02-28,45,28326
LIE,2021-03-01,215,28541
LIE,2021-03-02,172,28713
LIE,2021-03-03,165,28878
LIE,2021-03-04,164,29042
LIE,2021-03-05,122,29164
LIE,2021-03-06,40,29204
LIE,2021-03-07,57,29261
LIE,2021-03-08,227,29488
LIE,2021-03-09,191,29679
LIE,2021-03-10,152,29831
LIE,2021-03-11,167,29998
LIE,2021-03-12,132,30130
LIE,2021-03-13,87,30217
LIE,2021-03-14,77,30294
LIE,2021-03-15,218,30512
LIE,2021-03-16,257,30769
LIE,2021-03-17,254,31023
LIE,2021-03-18,210,31233
LIE,2021-03-19,111,31344
LIE,2021-03-20,65,31409
LIE,2021-03-21,69,31478
LIE,2021-03-22,248,31726
LIE,2021-03-23,236,31962
LIE,2021-03-24,229,32191
LIE,2021-03-25,215,32406
LIE,2021-03-26,132,32538
LIE,2021-03-27,79,32617
LIE,2021-03-28,96,32713
LIE,2021-03-29,310,33023
LIE,2021-03-30,361,33384
LIE,2021-03-31,382,33766
LIE,2021-04-01,272,34038
LIE,2021-04-02,200,34238
LIE,2021-04-03,212,34450
LIE,2021-04-04,128,34578
LIE,2021-04-05,114,34692
LIE,2021-04-06,336,35028
LIE,2021-04-07,310,35338
LIE,2021-04-08,306,35644
LIE,2021-04-09,301,35945
LIE,2021-04-10,149,36094
LIE,2021-04-11,95,36189
LIE,2021-04-12,304,36493
LIE,2021-04-13,245,36738
LIE,2021-04-14,277,37015
LIE,2021-04-15,250,37265
LIE,2021-04-16,211,37476
LIE,2021-04-17,119,37595
LIE,2021-04-18,134,37729
LIE,2021-04-19,363,38092
LIE,2021-04-20,210,38302
LIE,2021-04-21,287,38589
LIE,2021-04-22,253,38842
LIE,2021-04-23,211,39053
LIE,2021-04-24,108,39161
LIE,2021-04-25,118,39279
LIE,2021-04-26,308,39587
LIE,2021-04-27,260,39847
LIE,2021-04-28,295,40142
LIE,2021-04-29,304,40446
LIE,2021-04-30,249,40695
LIE,2021-05-01,109,40804
LIE,2021-05-02,98,40902
LIE,2021-05-03,271,41173
LIE,2021-05-04,194,41367
LIE,2021-05-05,232,41599
LIE,2021-05-06,270,41869
LIE,2021-05-07,255,42124
LIE,2021-05-08,102,42226
LIE,2021-05-09,84,42310
LIE,2021-05-10,266,42576
LIE,2021-05-11,308,42884
LIE,2021-05-12,290,43174
LIE,2021-05-13,120,43294
LIE,2021-05-14,189,43483
LIE,2021-05-15,108,43591
LIE,2021-05-16,99,43690
LIE,2021-05-17,231,43921
LIE,2021-05-18,240,44161
LIE,2021-05-19,273,44434
LIE,2021-05-20,330,44764
LIE,2021-05-21,304,45068
LIE,2021-05-22,117,45185
LIE,2021-05-23,105,45290
LIE,2021-05-24,88,45378
LIE,2021-05-25,191,45569
LIE,2021-05-26,258,45827
LIE,2021-05-27,273,46100
LIE,2021-05-28,259,46359
LIE,2021-05-29,75,46434
LIE,2021-05-30,98,46532
LIE,2021-05-31,219,46751
LIE,2021-06-01,359,47110
LIE,2021-06-02,283,47393
LIE,2021-06-03,264,47657
LIE,2021-06-04,188,47845
LIE,2021-06-05,109,47954
LIE,2021-06-06,110,48064
LIE,2021-06-07,124,48188
LIE,2021-06-08,103,48291
LIE,2021-06-09,189,48480
LIE,2021-06-10,238,48718
LIE,2021-06-11,237,48955
LIE,2021-06-12,69,49024
LIE,2021-06-13,64,49088
LIE,2021-06-14,115,49203
LIE,2021-06-15,128,49331
LIE,2021-06-16,152,49483
LIE,2021-06-17,187,49670
LIE,2021-06-18,172,49842
LIE,2021-06-19,85,49927
LIE,2021-06-20,67,49994
LIE,2021-06-21,165,50159
LIE,2021-06-22,105,50264
LIE,2021-06-23,206,50470
LIE,2021-06-24,215,50685
LIE,2021-06-25,238,50923
LIE,2021-06-26,75,50998
LTU,2020-03-20,114,114
LTU,2020-03-21,332,446
LTU,2020-03-22,307,753
LTU,2020-03-23,222,975
LTU,2020-03-24,385,1360
LTU,2020-03-25,765,2125
LTU,2020-03-26,425,2550
LTU,2020-03-27,1160,3710
LTU,2020-03-28,996,4706
LTU,2020-03-29,1007,5713
LTU,2020-03-30,1675,7388
LTU,2020-03-31,1475,8863
LTU,2020-04-01,2293,11156
LTU,2020-04-02,2503,13659
LTU,2020-04-03,2306,15965
LTU,2020-04-04,2325,18290
LTU,2020-04-05,2169,20459
LTU,2020-04-06,1798,22257
LTU,2020-04-07,1944,24201
LTU,2020-04-08,2153,26354
LTU,2020-04-09,3234,29588
LTU,2020-04-10,2769,32357
LTU,2020-04-11,2751,35108
LTU,2020-04-12,845,35953
LTU,2020-04-13,754,36707
LTU,2020-04-14,1621,38328
LTU,2020-04-15,3013,41341
LTU,2020-04-16,4258,45599
LTU,2020-04-17,5264,50863
LTU,2020-04-18,5807,56670
LTU,2020-04-19,2768,59438
LTU,2020-04-20,3151,62589
LTU,2020-04-21,5544,68133
LTU,2020-04-22,6681,74814
LTU,2020-04-23,7354,82168
LTU,2020-04-24,7429,89597
LTU,2020-04-25,6786,96383
LTU,2020-04-26,3213,99596
LTU,2020-04-27,2773,102369
LTU,2020-04-28,5862,108231
LTU,2020-04-29,6921,115152
LTU,2020-04-30,7638,122790
LTU,2020-05-01,7080,129870
LTU,2020-05-02,2712,132582
LTU,2020-05-03,2378,134960
LTU,2020-05-04,4027,138987
LTU,2020-05-05,6384,145371
LTU,2020-05-06,7241,152612
LTU,2020-05-07,8161,160773
LTU,2020-05-08,7826,168599
LTU,2020-05-09,5671,174270
LTU,2020-05-10,2337,176607
LTU,2020-05-11,4259,180866
LTU,2020-05-12,7003,187869
LTU,2020-05-13,7943,195812
LTU,2020-05-14,7430,203242
LTU,2020-05-15,8272,211514
LTU,2020-05-16,5712,217226
LTU,2020-05-17,2502,219728
LTU,2020-05-18,4695,224423
LTU,2020-05-19,7737,232160
LTU,2020-05-20,7153,239313
LTU,2020-05-21,6498,245811
LTU,2020-05-22,5123,250934
LTU,2020-05-23,3900,254834
LTU,2020-05-24,1940,256774
LTU,2020-05-25,3916,260690
LTU,2020-05-26,5527,266217
LTU,2020-05-27,6268,272485
LTU,2020-05-28,6619,279104
LTU,2020-05-29,5400,284504
LTU,2020-05-30,4609,289113
LTU,2020-05-31,2142,291255
LTU,2020-06-01,3704,294959
LTU,2020-06-02,6086,301045
LTU,2020-06-03,5589,306634
LTU,2020-06-04,4961,311595
LTU,2020-06-05,4790,316385
LTU,2020-06-06,2939,319324
LTU,2020-06-07,1932,321256
LTU,2020-06-08,3473,324729
LTU,2020-06-09,5177,329906
LTU,2020-06-10,5183,335089
LTU,2020-06-11,5065,340154
LTU,2020-06-12,4276,344430
LTU,2020-06-13,3142,347572
LTU,2020-06-14,1717,349289
LTU,2020-06-15,3423,352712
LTU,2020-06-16,5800,358512
LTU,2020-06-17,5138,363650
LTU,2020-06-18,5136,368786
LTU,2020-06-19,4413,373199
LTU,2020-06-20,2569,375768
LTU,2020-06-21,1684,377452
LTU,2020-06-22,3142,380594
LTU,2020-06-23,4557,385151
LTU,2020-06-24,4001,389152
LTU,2020-06-25,2928,392080
LTU,2020-06-26,4462,396542
LTU,2020-06-27,2493,399035
LTU,2020-06-28,1650,400685
LTU,2020-06-29,3741,404426
LTU,2020-06-30,5100,409526
LTU,2020-07-01,4443,413969
LTU,2020-07-02,4031,418000
LTU,2020-07-03,3796,421796
LTU,2020-07-04,1884,423680
LTU,2020-07-05,931,424611
LTU,2020-07-06,1093,425704
LTU,2020-07-07,2199,427903
LTU,2020-07-08,3955,431858
LTU,2020-07-09,3444,435302
LTU,2020-07-10,3668,438970
LTU,2020-07-11,1667,440637
LTU,2020-07-12,907,441544
LTU,2020-07-13,2284,443828
LTU,2020-07-14,3098,446926
LTU,2020-07-15,3190,450116
LTU,2020-07-16,3244,453360
LTU,2020-07-17,3084,456444
LTU,2020-07-18,1535,457979
LTU,2020-07-19,1000,458979
LTU,2020-07-20,1625,460604
LTU,2020-07-21,775,461379
LTU,2020-07-22,674,462053
LTU,2020-07-23,604,462657
LTU,2020-07-24,543,463200
LTU,2020-07-25,227,463427
LTU,2020-07-26,252,463679
LTU,2020-07-27,530,464209
LTU,2020-07-28,1949,466158
LTU,2020-07-29,5690,471848
LTU,2020-07-30,5055,476903
LTU,2020-07-31,4930,481833
LTU,2020-08-01,2299,484132
LTU,2020-08-02,1362,485494
LTU,2020-08-03,2777,488271
LTU,2020-08-04,3520,491791
LTU,2020-08-05,4305,496096
LTU,2020-08-06,4187,500283
LTU,2020-08-07,4219,504502
LTU,2020-08-08,1987,506489
LTU,2020-08-09,1427,507916
LTU,2020-08-10,3536,511452
LTU,2020-08-11,3756,515208
LTU,2020-08-12,3481,518689
LTU,2020-08-13,4234,522923
LTU,2020-08-14,5115,528038
LTU,2020-08-15,3436,531474
LTU,2020-08-16,1091,532565
LTU,2020-08-17,3061,535626
LTU,2020-08-18,4268,539894
LTU,2020-08-19,3858,543752
LTU,2020-08-20,4102,547854
LTU,2020-08-21,4609,552463
LTU,2020-08-22,3061,555524
LTU,2020-08-23,1833,557357
LTU,2020-08-24,3238,560595
LTU,2020-08-25,4363,564958
LTU,2020-08-26,5453,570411
LTU,2020-08-27,4884,575295
LTU,2020-08-28,5436,580731
LTU,2020-08-29,2791,583522
LTU,2020-08-30,1660,585182
LTU,2020-08-31,3964,589146
LTU,2020-09-01,4449,593595
LTU,2020-09-02,4530,598125
LTU,2020-09-03,4256,602381
LTU,2020-09-04,5179,607560
LTU,2020-09-05,2390,609950
LTU,2020-09-06,1214,611164
LTU,2020-09-07,3528,614692
LTU,2020-09-08,4401,619093
LTU,2020-09-09,5841,624934
LTU,2020-09-10,4829,629763
LTU,2020-09-11,5396,635159
LTU,2020-09-12,2487,637646
LTU,2020-09-13,1568,639214
LTU,2020-09-14,3329,642543
LTU,2020-09-15,5563,648106
LTU,2020-09-16,5162,653268
LTU,2020-09-17,5437,658705
LTU,2020-09-18,5441,664146
LTU,2020-09-19,3139,667285
LTU,2020-09-20,1619,668904
LTU,2020-09-21,3900,672804
LTU,2020-09-22,5181,677985
LTU,2020-09-23,6612,684597
LTU,2020-09-24,5667,690264
LTU,2020-09-25,6599,696863
LTU,2020-09-26,3864,700727
LTU,2020-09-27,1880,702607
LTU,2020-09-28,4293,706900
LTU,2020-09-29,6320,713220
LTU,2020-09-30,6406,719626
LTU,2020-10-01,6247,725873
LTU,2020-10-02,7257,733130
LTU,2020-10-03,4175,737305
LTU,2020-10-04,3052,740357
LTU,2020-10-05,4913,745270
LTU,2020-10-06,6046,751316
LTU,2020-10-07,7103,758419
LTU,2020-10-08,8155,766574
LTU,2020-10-09,7444,774018
LTU,2020-10-10,5231,779249
LTU,2020-10-11,2836,782085
LTU,2020-10-12,6044,788129
LTU,2020-10-13,7900,796029
LTU,2020-10-14,8715,804744
LTU,2020-10-15,8162,812906
LTU,2020-10-16,8879,821785
LTU,2020-10-17,5268,827053
LTU,2020-10-18,3907,830960
LTU,2020-10-19,5446,836406
LTU,2020-10-20,9049,845455
LTU,2020-10-21,10045,855500
LTU,2020-10-22,9178,864678
LTU,2020-10-23,10185,874863
LTU,2020-10-24,7045,881908
LTU,2020-10-25,4165,886073
LTU,2020-10-26,6421,892494
LTU,2020-10-27,10847,903341
LTU,2020-10-28,11077,914418
LTU,2020-10-29,12054,926472
LTU,2020-10-30,10535,937007
LTU,2020-10-31,8965,945972
LTU,2020-11-01,3934,949906
LTU,2020-11-02,5747,955653
LTU,2020-11-03,8592,964245
LTU,2020-11-04,12020,976265
LTU,2020-11-05,12314,988579
LTU,2020-11-06,14451,1003030
LTU,2020-11-07,10579,1013609
LTU,2020-11-08,6570,1020179
LTU,2020-11-09,8996,1029175
LTU,2020-11-10,12288,1041463
LTU,2020-11-11,12376,1053839
LTU,2020-11-12,14143,1067982
LTU,2020-11-13,14349,1082331
LTU,2020-11-14,9043,1091374
LTU,2020-11-15,6272,1097646
LTU,2020-11-16,9124,1106770
LTU,2020-11-17,12454,1119224
LTU,2020-11-18,12352,1131576
LTU,2020-11-19,14136,1145712
LTU,2020-11-20,14383,1160095
LTU,2020-11-21,11626,1171721
LTU,2020-11-22,5044,1176765
LTU,2020-11-23,9082,1185847
LTU,2020-11-24,14949,1200796
LTU,2020-11-25,13401,1214197
LTU,2020-11-26,14602,1228799
LTU,2020-11-27,14691,1243490
LTU,2020-11-28,9958,1253448
LTU,2020-11-29,4892,1258340
LTU,2020-11-30,9118,1267458
LTU,2020-12-01,12338,1279796
LTU,2020-12-02,14723,1294519
LTU,2020-12-03,13944,1308463
LTU,2020-12-04,14969,1323432
LTU,2020-12-05,9078,1332510
LTU,2020-12-06,5628,1338138
LTU,2020-12-07,9046,1347184
LTU,2020-12-08,14402,1361586
LTU,2020-12-09,15496,1377082
LTU,2020-12-10,15199,1392281
LTU,2020-12-11,16781,1409062
LTU,2020-12-12,10577,1419639
LTU,2020-12-13,4733,1424372
LTU,2020-12-14,10583,1434955
LTU,2020-12-15,15957,1450912
LTU,2020-12-16,14923,1465835
LTU,2020-12-17,16450,1482285
LTU,2020-12-18,17596,1499881
LTU,2020-12-19,9809,1509690
LTU,2020-12-20,6836,1516526
LTU,2020-12-21,11545,1528071
LTU,2020-12-22,17655,1545726
LTU,2020-12-23,15769,1561495
LTU,2020-12-24,10767,1572262
LTU,2020-12-25,5369,1577631
LTU,2020-12-26,5825,1583456
LTU,2020-12-27,5564,1589020
LTU,2020-12-28,11671,1600691
LTU,2020-12-29,14627,1615318
LTU,2020-12-30,14052,1629370
LTU,2020-12-31,12537,1641907
LTU,2021-01-01,4674,1646581
LTU,2021-01-02,7117,1653698
LTU,2021-01-03,5401,1659099
LTU,2021-01-04,12463,1671562
LTU,2021-01-05,16636,1688198
LTU,2021-01-06,15323,1703521
LTU,2021-01-07,13695,1717216
LTU,2021-01-08,13831,1731047
LTU,2021-01-09,8598,1739645
LTU,2021-01-10,4451,1744096
LTU,2021-01-11,10061,1754157
LTU,2021-01-12,13366,1767523
LTU,2021-01-13,11558,1779081
LTU,2021-01-14,11121,1790202
LTU,2021-01-15,10856,1801058
LTU,2021-01-16,6016,1807074
LTU,2021-01-17,3959,1811033
LTU,2021-01-18,8367,1819400
LTU,2021-01-19,10792,1830192
LTU,2021-01-20,10568,1840760
LTU,2021-01-21,10660,1851420
LTU,2021-01-22,10699,1862119
LTU,2021-01-23,5983,1868102
LTU,2021-01-24,3941,1872043
LTU,2021-01-25,8279,1880322
LTU,2021-01-26,11963,1892285
LTU,2021-01-27,10811,1903096
LTU,2021-01-28,9938,1913034
LTU,2021-01-29,8933,1921967
LTU,2021-01-30,6235,1928202
LTU,2021-01-31,2812,1931014
LTU,2021-02-01,8667,1939681
LTU,2021-02-02,8670,1948351
LTU,2021-02-03,9646,1957997
LTU,2021-02-04,8152,1966149
LTU,2021-02-05,8783,1974932
LTU,2021-02-06,4078,1979010
LTU,2021-02-07,2784,1981794
LTU,2021-02-08,7456,1989250
LTU,2021-02-09,7766,1997016
LTU,2021-02-10,8382,2005398
LTU,2021-02-11,8170,2013568
LTU,2021-02-12,8983,2022551
LTU,2021-02-13,5363,2027914
LTU,2021-02-14,3109,2031023
LTU,2021-02-15,7396,2038419
LTU,2021-02-16,4492,2042911
LTU,2021-02-17,7485,2050396
LTU,2021-02-18,8396,2058792
LTU,2021-02-19,8142,2066934
LTU,2021-02-20,6296,2073230
LTU,2021-02-21,3409,2076639
LTU,2021-02-22,7624,2084263
LTU,2021-02-23,8850,2093113
LTU,2021-02-24,8132,2101245
LTU,2021-02-25,8867,2110112
LTU,2021-02-26,9713,2119825
LTU,2021-02-27,5372,2125197
LTU,2021-02-28,3302,2128499
LTU,2021-03-01,8137,2136636
LTU,2021-03-02,9302,2145938
LTU,2021-03-03,8437,2154375
LTU,2021-03-04,8076,2162451
LTU,2021-03-05,8769,2171220
LTU,2021-03-06,6296,2177516
LTU,2021-03-07,3007,2180523
LTU,2021-03-08,8539,2189062
LTU,2021-03-09,8066,2197128
LTU,2021-03-10,9543,2206671
LTU,2021-03-11,5348,2212019
LTU,2021-03-12,9588,2221607
LTU,2021-03-13,6259,2227866
LTU,2021-03-14,3451,2231317
LTU,2021-03-15,8406,2239723
LTU,2021-03-16,8584,2248307
LTU,2021-03-17,8386,2256693
LTU,2021-03-18,8632,2265325
LTU,2021-03-19,11797,2277122
LTU,2021-03-20,6450,2283572
LTU,2021-03-21,3308,2286880
LTU,2021-03-22,8899,2295779
LTU,2021-03-23,8864,2304643
LTU,2021-03-24,9238,2313881
LTU,2021-03-25,10474,2324355
LTU,2021-03-26,13488,2337843
LTU,2021-03-27,7554,2345397
LTU,2021-03-28,5590,2350987
LTU,2021-03-29,11863,2362850
LTU,2021-03-30,13923,2376773
LTU,2021-03-31,14382,2391155
LTU,2021-04-01,14875,2406030
LTU,2021-04-02,15415,2421445
LTU,2021-04-03,8247,2429692
LTU,2021-04-04,4733,2434425
LTU,2021-04-05,5802,2440227
LTU,2021-04-06,16034,2456261
LTU,2021-04-07,18090,2474351
LTU,2021-04-08,16965,2491316
LTU,2021-04-09,19123,2510439
LTU,2021-04-10,11203,2521642
LTU,2021-04-11,8782,2530424
LTU,2021-04-12,19030,2549454
LTU,2021-04-13,20698,2570152
LTU,2021-04-14,18747,2588899
LTU,2021-04-15,19680,2608579
LTU,2021-04-16,21001,2629580
LTU,2021-04-17,14241,2643821
LTU,2021-04-18,8413,2652234
LTU,2021-04-19,20529,2672763
LTU,2021-04-20,21449,2694212
LTU,2021-04-21,21133,2715345
LTU,2021-04-22,20532,2735877
LTU,2021-04-23,21347,2757224
LTU,2021-04-24,13603,2770827
LTU,2021-04-25,8466,2779293
LTU,2021-04-26,20708,2800001
LTU,2021-04-27,21572,2821573
LTU,2021-04-28,21447,2843020
LTU,2021-04-29,25515,2868535
LTU,2021-04-30,23955,2892490
LTU,2021-05-01,17219,2909709
LTU,2021-05-02,9937,2919646
LTU,2021-05-03,21066,2940712
LTU,2021-05-04,27398,2968110
LTU,2021-05-05,26131,2994241
LTU,2021-05-06,27865,3022106
LTU,2021-05-07,26258,3048364
LTU,2021-05-08,13451,3061815
LTU,2021-05-09,7110,3068925
LTU,2021-05-10,23563,3092488
LTU,2021-05-11,26073,3118561
LTU,2021-05-12,23378,3141939
LTU,2021-05-13,26898,3168837
LTU,2021-05-14,21108,3189945
LTU,2021-05-15,12377,3202322
LTU,2021-05-16,5998,3208320
LTU,2021-05-17,19772,3228092
LTU,2021-05-18,27051,3255143
LTU,2021-05-19,25879,3281022
LTU,2021-05-20,24495,3305517
LTU,2021-05-21,22782,3328299
LTU,2021-05-22,10356,3338655
LTU,2021-05-23,5190,3343845
LTU,2021-05-24,21254,3365099
LTU,2021-05-25,25723,3390822
LTU,2021-05-26,26815,3417637
LTU,2021-05-27,23058,3440695
LTU,2021-05-28,25564,3466259
LTU,2021-05-29,9522,3475781
LTU,2021-05-30,5915,3481696
LTU,2021-05-31,23098,3504794
LTU,2021-06-01,26012,3530806
LTU,2021-06-02,25496,3556302
LTU,2021-06-03,22342,3578644
LTU,2021-06-04,22136,3600780
LTU,2021-06-05,10640,3611420
LTU,2021-06-06,5234,3616654
LTU,2021-06-07,18466,3635120
LTU,2021-06-08,24750,3659870
LTU,2021-06-09,21198,3681068
LTU,2021-06-10,21905,3702973
LTU,2021-06-11,19949,3722922
LTU,2021-06-12,8267,3731189
LTU,2021-06-13,4481,3735670
LTU,2021-06-14,15694,3751364
LTU,2021-06-15,14110,3765474
LTU,2021-06-16,11982,3777456
LTU,2021-06-17,11803,3789259
LTU,2021-06-18,14580,3803839
LTU,2021-06-19,7639,3811478
LTU,2021-06-20,3506,3814984
LTU,2021-06-21,11280,3826264
LTU,2021-06-22,9938,3836202
LTU,2021-06-23,10836,3847038
LUX,2020-02-24,0,0
LUX,2020-02-25,7,7
LUX,2020-02-26,2,9
LUX,2020-02-27,1,10
LUX,2020-02-28,4,14
LUX,2020-02-29,1,15
LUX,2020-03-01,0,15
LUX,2020-03-02,0,15
LUX,2020-03-03,2,17
LUX,2020-03-04,1,18
LUX,2020-03-05,5,23
LUX,2020-03-06,6,29
LUX,2020-03-07,6,35
LUX,2020-03-08,0,35
LUX,2020-03-09,0,35
LUX,2020-03-10,21,56
LUX,2020-03-11,34,90
LUX,2020-03-12,171,261
LUX,2020-03-13,183,444
LUX,2020-03-14,92,536
LUX,2020-03-15,18,554
LUX,2020-03-16,358,912
LUX,2020-03-17,578,1490
LUX,2020-03-18,880,2370
LUX,2020-03-19,901,3271
LUX,2020-03-20,995,4266
LUX,2020-03-21,438,4704
LUX,2020-03-22,21,4725
LUX,2020-03-23,1104,5829
LUX,2020-03-24,885,6714
LUX,2020-03-25,900,7614
LUX,2020-03-26,4597,12211
LUX,2020-03-27,1081,13292
LUX,2020-03-28,824,14116
LUX,2020-03-29,273,14389
LUX,2020-03-30,1075,15464
LUX,2020-03-31,936,16400
LUX,2020-04-01,1180,17580
LUX,2020-04-02,1341,18921
LUX,2020-04-03,1212,20133
LUX,2020-04-04,824,20957
LUX,2020-04-05,551,21508
LUX,2020-04-06,1050,22558
LUX,2020-04-07,1020,23578
LUX,2020-04-08,932,24510
LUX,2020-04-09,863,25373
LUX,2020-04-10,691,26064
LUX,2020-04-11,308,26372
LUX,2020-04-12,208,26580
LUX,2020-04-13,82,26662
LUX,2020-04-14,1372,28034
LUX,2020-04-15,843,28877
LUX,2020-04-16,958,29835
LUX,2020-04-17,1032,30867
LUX,2020-04-18,528,31395
LUX,2020-04-19,191,31586
LUX,2020-04-20,931,32517
LUX,2020-04-21,752,33269
LUX,2020-04-22,1140,34409
LUX,2020-04-23,789,35198
LUX,2020-04-24,1309,36507
LUX,2020-04-25,607,37114
LUX,2020-04-26,132,37246
LUX,2020-04-27,758,38004
LUX,2020-04-28,1724,39728
LUX,2020-04-29,1885,41613
LUX,2020-04-30,1962,43575
LUX,2020-05-01,1392,44967
LUX,2020-05-02,694,45661
LUX,2020-05-03,237,45898
LUX,2020-05-04,1036,46934
LUX,2020-05-05,1276,48210
LUX,2020-05-06,1433,49643
LUX,2020-05-07,1317,50960
LUX,2020-05-08,1312,52272
LUX,2020-05-09,730,53002
LUX,2020-05-10,212,53214
LUX,2020-05-11,1047,54261
LUX,2020-05-12,1391,55652
LUX,2020-05-13,1206,56858
LUX,2020-05-14,1293,58151
LUX,2020-05-15,1274,59425
LUX,2020-05-16,1011,60436
LUX,2020-05-17,150,60586
LUX,2020-05-18,990,61576
LUX,2020-05-19,1067,62643
LUX,2020-05-20,1513,64156
LUX,2020-05-21,787,64943
LUX,2020-05-22,1197,66140
LUX,2020-05-23,1211,67351
LUX,2020-05-24,94,67445
LUX,2020-05-25,944,68389
LUX,2020-05-26,1329,69718
LUX,2020-05-27,1205,70923
LUX,2020-05-28,2000,72923
LUX,2020-05-29,2205,75128
LUX,2020-05-30,2016,77144
LUX,2020-05-31,192,77336
LUX,2020-06-01,421,77757
LUX,2020-06-02,1590,79347
LUX,2020-06-03,1744,81091
LUX,2020-06-04,1674,82765
LUX,2020-06-05,2866,85631
LUX,2020-06-06,1820,87451
LUX,2020-06-07,506,87957
LUX,2020-06-08,2240,90197
LUX,2020-06-09,2602,92799
LUX,2020-06-10,4490,97289
LUX,2020-06-11,4025,101314
LUX,2020-06-12,5950,107264
LUX,2020-06-13,3370,110634
LUX,2020-06-14,666,111300
LUX,2020-06-15,4784,116084
LUX,2020-06-16,4837,120921
LUX,2020-06-17,6241,127162
LUX,2020-06-18,6159,133321
LUX,2020-06-19,6796,140117
LUX,2020-06-20,5397,145514
LUX,2020-06-21,504,146018
LUX,2020-06-22,6053,152071
LUX,2020-06-23,139,152210
LUX,2020-06-24,4677,156887
LUX,2020-06-25,5277,162164
LUX,2020-06-26,6134,168298
LUX,2020-06-27,5527,173825
LUX,2020-06-28,929,174754
LUX,2020-06-29,8630,183384
LUX,2020-06-30,7712,191096
LUX,2020-07-01,10153,201249
LUX,2020-07-02,11068,212317
LUX,2020-07-03,10512,222829
LUX,2020-07-04,7762,230591
LUX,2020-07-05,1004,231595
LUX,2020-07-06,9946,241541
LUX,2020-07-07,9479,251020
LUX,2020-07-08,11292,262312
LUX,2020-07-09,11000,273312
LUX,2020-07-10,5314,278626
LUX,2020-07-11,7687,286313
LUX,2020-07-12,4504,290817
LUX,2020-07-13,10372,301189
LUX,2020-07-14,11496,312685
LUX,2020-07-15,14223,326908
LUX,2020-07-16,13278,340186
LUX,2020-07-17,14297,354483
LUX,2020-07-18,12590,367073
LUX,2020-07-19,3039,370112
LUX,2020-07-20,9621,379733
LUX,2020-07-21,16175,395908
LUX,2020-07-22,7037,402945
LUX,2020-07-23,15085,418030
LUX,2020-07-24,10459,428489
LUX,2020-07-25,6020,434509
LUX,2020-07-26,1041,435550
LUX,2020-07-27,14254,449804
LUX,2020-07-28,8328,458132
LUX,2020-07-29,6620,464752
LUX,2020-07-30,9658,474410
LUX,2020-07-31,8597,483007
LUX,2020-08-01,6119,489126
LUX,2020-08-02,858,489984
LUX,2020-08-03,6162,496146
LUX,2020-08-04,7723,503869
LUX,2020-08-05,9971,513840
LUX,2020-08-06,6151,519991
LUX,2020-08-07,6859,526850
LUX,2020-08-08,5835,532685
LUX,2020-08-09,342,533027
LUX,2020-08-10,5500,538527
LUX,2020-08-11,6546,545073
LUX,2020-08-12,4728,549801
LUX,2020-08-13,4613,554414
LUX,2020-08-14,8378,562792
LUX,2020-08-15,2521,565313
LUX,2020-08-16,480,565793
LUX,2020-08-17,3400,569193
LUX,2020-08-18,5559,574752
LUX,2020-08-19,8553,583305
LUX,2020-08-20,4940,588245
LUX,2020-08-21,7805,596050
LUX,2020-08-22,5551,601601
LUX,2020-08-23,988,602589
LUX,2020-08-24,2768,605357
LUX,2020-08-25,6669,612026
LUX,2020-08-26,5922,617948
LUX,2020-08-27,8081,626029
LUX,2020-08-28,6845,632874
LUX,2020-08-29,6613,639487
LUX,2020-08-30,939,640426
LUX,2020-08-31,5233,645659
LUX,2020-09-01,9996,655655
LUX,2020-09-02,7553,663208
LUX,2020-09-03,7368,670576
LUX,2020-09-04,9198,679774
LUX,2020-09-05,7352,687126
LUX,2020-09-06,1140,688266
LUX,2020-09-07,5132,693398
LUX,2020-09-08,9994,703392
LUX,2020-09-09,7731,711123
LUX,2020-09-10,8836,719959
LUX,2020-09-11,9972,729931
LUX,2020-09-12,7815,737746
LUX,2020-09-13,1393,739139
LUX,2020-09-14,7716,746855
LUX,2020-09-15,10513,757368
LUX,2020-09-16,8950,766318
LUX,2020-09-17,4179,770497
LUX,2020-09-18,4670,775167
LUX,2020-09-19,3654,778821
LUX,2020-09-20,829,779650
LUX,2020-09-21,6412,786062
LUX,2020-09-22,6119,792181
LUX,2020-09-23,6101,798282
LUX,2020-09-24,6052,804334
LUX,2020-09-25,6077,810411
LUX,2020-09-26,5293,815704
LUX,2020-09-27,706,816410
LUX,2020-09-28,5408,821818
LUX,2020-09-29,7072,828890
LUX,2020-09-30,6038,834928
LUX,2020-10-01,7075,842003
LUX,2020-10-02,6417,848420
LUX,2020-10-03,5508,853928
LUX,2020-10-04,1006,854934
LUX,2020-10-05,5263,860197
LUX,2020-10-06,6613,866810
LUX,2020-10-07,6845,873655
LUX,2020-10-08,7720,881375
LUX,2020-10-09,6953,888328
LUX,2020-10-10,5274,893602
LUX,2020-10-11,794,894396
LUX,2020-10-12,6614,901010
LUX,2020-10-13,7406,908416
LUX,2020-10-14,6763,915179
LUX,2020-10-15,8641,923820
LUX,2020-10-16,8242,932062
LUX,2020-10-17,8621,940683
LUX,2020-10-18,1049,941732
LUX,2020-10-19,5875,947607
LUX,2020-10-20,7743,955350
LUX,2020-10-21,13703,969053
LUX,2020-10-22,8933,977986
LUX,2020-10-23,11949,989935
LUX,2020-10-24,10364,1000299
LUX,2020-10-25,1902,1002201
LUX,2020-10-26,8862,1011063
LUX,2020-10-27,12342,1023405
LUX,2020-10-28,8646,1032051
LUX,2020-10-29,12745,1044796
LUX,2020-10-30,14097,1058893
LUX,2020-10-31,13516,1072409
LUX,2020-11-01,6439,1078848
LUX,2020-11-02,8252,1087100
LUX,2020-11-03,10941,1098041
LUX,2020-11-04,12176,1110217
LUX,2020-11-05,12513,1122730
LUX,2020-11-06,13012,1135742
LUX,2020-11-07,10519,1146261
LUX,2020-11-08,1079,1147340
LUX,2020-11-09,10807,1158147
LUX,2020-11-10,11738,1169885
LUX,2020-11-11,11429,1181314
LUX,2020-11-12,12427,1193741
LUX,2020-11-13,10852,1204593
LUX,2020-11-14,9655,1214248
LUX,2020-11-15,797,1215045
LUX,2020-11-16,8802,1223847
LUX,2020-11-17,14245,1238092
LUX,2020-11-18,11016,1249108
LUX,2020-11-19,11777,1260885
LUX,2020-11-20,10237,1271122
LUX,2020-11-21,11715,1282837
LUX,2020-11-22,1870,1284707
LUX,2020-11-23,9487,1294194
LUX,2020-11-24,12876,1307070
LUX,2020-11-25,12841,1319911
LUX,2020-11-26,11427,1331338
LUX,2020-11-27,11593,1342931
LUX,2020-11-28,10452,1353383
LUX,2020-11-29,856,1354239
LUX,2020-11-30,9240,1363479
LUX,2020-12-01,11536,1375015
LUX,2020-12-02,11236,1386251
LUX,2020-12-03,13105,1399356
LUX,2020-12-04,12186,1411542
LUX,2020-12-05,11862,1423404
LUX,2020-12-06,776,1424180
LUX,2020-12-07,9047,1433227
LUX,2020-12-08,13119,1446346
LUX,2020-12-09,12057,1458403
LUX,2020-12-10,12693,1471096
LUX,2020-12-11,12682,1483778
LUX,2020-12-12,9365,1493143
LUX,2020-12-13,1313,1494456
LUX,2020-12-14,11199,1505655
LUX,2020-12-15,13898,1519553
LUX,2020-12-16,12783,1532336
LUX,2020-12-17,13012,1545348
LUX,2020-12-18,13847,1559195
LUX,2020-12-19,12498,1571693
LUX,2020-12-20,1018,1572711
LUX,2020-12-21,10501,1583212
LUX,2020-12-22,15481,1598693
LUX,2020-12-23,12353,1611046
LUX,2020-12-24,9081,1620127
LUX,2020-12-25,1056,1621183
LUX,2020-12-26,1101,1622284
LUX,2020-12-27,300,1622584
LUX,2020-12-28,7136,1629720
LUX,2020-12-29,8849,1638569
LUX,2020-12-30,8607,1647176
LUX,2020-12-31,4470,1651646
LUX,2021-01-01,337,1651983
LUX,2021-01-02,3928,1655911
LUX,2021-01-03,618,1656529
LUX,2021-01-04,9314,1665843
LUX,2021-01-05,12244,1678087
LUX,2021-01-06,10117,1688204
LUX,2021-01-07,10777,1698981
LUX,2021-01-08,12485,1711466
LUX,2021-01-09,7613,1719079
LUX,2021-01-10,637,1719716
LUX,2021-01-11,10406,1730122
LUX,2021-01-12,9765,1739887
LUX,2021-01-13,8875,1748762
LUX,2021-01-14,7381,1756143
LUX,2021-01-15,8077,1764220
LUX,2021-01-16,6122,1770342
LUX,2021-01-17,653,1770995
LUX,2021-01-18,7113,1778108
LUX,2021-01-19,8486,1786594
LUX,2021-01-20,6980,1793574
LUX,2021-01-21,6406,1799980
LUX,2021-01-22,7387,1807367
LUX,2021-01-23,7768,1815135
LUX,2021-01-24,272,1815407
LUX,2021-01-25,9209,1824616
LUX,2021-01-26,9797,1834413
LUX,2021-01-27,7679,1842092
LUX,2021-01-28,8878,1850970
LUX,2021-01-29,9074,1860044
LUX,2021-01-30,6139,1866183
LUX,2021-01-31,545,1866728
LUX,2021-02-01,10978,1877706
LUX,2021-02-02,10577,1888283
LUX,2021-02-03,9300,1897583
LUX,2021-02-04,10449,1908032
LUX,2021-02-05,12248,1920280
LUX,2021-02-06,7218,1927498
LUX,2021-02-07,616,1928114
LUX,2021-02-08,10523,1938637
LUX,2021-02-09,11696,1950333
LUX,2021-02-10,11413,1961746
LUX,2021-02-11,12208,1973954
LUX,2021-02-12,14447,1988401
LUX,2021-02-13,9014,1997415
LUX,2021-02-14,967,1998382
LUX,2021-02-15,9391,2007773
LUX,2021-02-16,12064,2019837
LUX,2021-02-17,10201,2030038
LUX,2021-02-18,10439,2040477
LUX,2021-02-19,10021,2050498
LUX,2021-02-20,7728,2058226
LUX,2021-02-21,407,2058633
LUX,2021-02-22,9530,2068163
LUX,2021-02-23,12435,2080598
LUX,2021-02-24,9703,2090301
LUX,2021-02-25,11535,2101836
LUX,2021-02-26,11500,2113336
LUX,2021-02-27,8150,2121486
LUX,2021-02-28,592,2122078
LUX,2021-03-01,9443,2131521
LUX,2021-03-02,11879,2143400
LUX,2021-03-03,10061,2153461
LUX,2021-03-04,9463,2162924
LUX,2021-03-05,11454,2174378
LUX,2021-03-06,7678,2182056
LUX,2021-03-07,596,2182652
LUX,2021-03-08,8792,2191444
LUX,2021-03-09,12399,2203843
LUX,2021-03-10,11042,2214885
LUX,2021-03-11,10012,2224897
LUX,2021-03-12,11770,2236667
LUX,2021-03-13,7945,2244612
LUX,2021-03-14,557,2245169
LUX,2021-03-15,10262,2255431
LUX,2021-03-16,11328,2266759
LUX,2021-03-17,9674,2276433
LUX,2021-03-18,11691,2288124
LUX,2021-03-19,11193,2299317
LUX,2021-03-20,8521,2307838
LUX,2021-03-21,832,2308670
LUX,2021-03-22,9977,2318647
LUX,2021-03-23,11861,2330508
LUX,2021-03-24,11753,2342261
LUX,2021-03-25,11584,2353845
LUX,2021-03-26,12055,2365900
LUX,2021-03-27,9334,2375234
LUX,2021-03-28,488,2375722
LUX,2021-03-29,10249,2385971
LUX,2021-03-30,13365,2399336
LUX,2021-03-31,12837,2412173
LUX,2021-04-01,13989,2426162
LUX,2021-04-02,15279,2441441
LUX,2021-04-03,13147,2454588
LUX,2021-04-04,1017,2455605
LUX,2021-04-05,483,2456088
LUX,2021-04-06,8794,2464882
LUX,2021-04-07,13841,2478723
LUX,2021-04-08,11833,2490556
LUX,2021-04-09,11497,2502053
LUX,2021-04-10,7710,2509763
LUX,2021-04-11,457,2510220
LUX,2021-04-12,10754,2520974
LUX,2021-04-13,9508,2530482
LUX,2021-04-14,9003,2539485
LUX,2021-04-15,9170,2548655
LUX,2021-04-16,12337,2560992
LUX,2021-04-17,7971,2568963
LUX,2021-04-18,1610,2570573
LUX,2021-04-19,9600,2580173
LUX,2021-04-20,9731,2589904
LUX,2021-04-21,8915,2598819
LUX,2021-04-22,7527,2606346
LUX,2021-04-23,11690,2618036
LUX,2021-04-24,6045,2624081
LUX,2021-04-25,478,2624559
LUX,2021-04-26,9778,2634337
LUX,2021-04-27,8829,2643166
LUX,2021-04-28,9409,2652575
LUX,2021-04-29,8709,2661284
LUX,2021-04-30,11688,2672972
LUX,2021-05-01,2161,2675133
LUX,2021-05-02,325,2675458
LUX,2021-05-03,8989,2684447
LUX,2021-05-04,9435,2693882
LUX,2021-05-05,8651,2702533
LUX,2021-05-06,8800,2711333
LUX,2021-05-07,10761,2722094
LUX,2021-05-08,6350,2728444
LUX,2021-05-09,432,2728876
LUX,2021-05-10,10012,2738888
LUX,2021-05-11,9036,2747924
LUX,2021-05-12,11353,2759277
LUX,2021-05-13,1053,2760330
LUX,2021-05-14,10334,2770664
LUX,2021-05-15,7339,2778003
LUX,2021-05-16,588,2778591
LUX,2021-05-17,8725,2787316
LUX,2021-05-18,9931,2797247
LUX,2021-05-19,10398,2807645
LUX,2021-05-20,14462,2822107
LUX,2021-05-21,16526,2838633
LUX,2021-05-22,11099,2849732
LUX,2021-05-23,978,2850710
LUX,2021-05-24,420,2851130
LUX,2021-05-25,8842,2859972
LUX,2021-05-26,9699,2869671
LUX,2021-05-27,9425,2879096
LUX,2021-05-28,9837,2888933
LUX,2021-05-29,5930,2894863
LUX,2021-05-30,337,2895200
LUX,2021-05-31,9565,2904765
LUX,2021-06-01,6665,2911430
LUX,2021-06-02,6882,2918312
LUX,2021-06-03,8410,2926722
LUX,2021-06-04,9696,2936418
LUX,2021-06-05,5760,2942178
LUX,2021-06-06,295,2942473
LUX,2021-06-07,8326,2950799
LUX,2021-06-08,6288,2957087
LUX,2021-06-09,7094,2964181
LUX,2021-06-10,8056,2972237
LUX,2021-06-11,9901,2982138
LUX,2021-06-12,5713,2987851
LUX,2021-06-13,367,2988218
LUX,2021-06-14,7430,2995648
LUX,2021-06-15,7143,3002791
LUX,2021-06-16,7044,3009835
LUX,2021-06-17,6996,3016831
LUX,2021-06-18,11731,3028562
LUX,2021-06-19,5674,3034236
LUX,2021-06-20,347,3034583
LUX,2021-06-21,7453,3042036
LUX,2021-06-22,8855,3050891
LUX,2021-06-23,489,3051380
LUX,2021-06-24,8089,3059469
LUX,2021-06-25,9054,3068523
LUX,2021-06-26,4965,3073488
MDG,2020-04-28,0,0
MDG,2020-04-29,42,42
MDG,2020-04-30,121,163
MDG,2020-05-01,72,235
MDG,2020-05-02,0,235
MDG,2020-05-03,0,235
MDG,2020-05-04,0,235
MDG,2020-05-05,0,235
MDG,2020-05-06,0,235
MDG,2020-05-07,0,235
MDG,2020-05-08,0,235
MDG,2020-05-09,0,235
MDG,2020-05-10,0,235
MDG,2020-05-11,984,1219
MDG,2020-05-12,0,1219
MDG,2020-05-13,0,1219
MDG,2020-05-14,0,1219
MDG,2020-05-15,0,1219
MDG,2020-05-16,0,1219
MDG,2020-05-17,0,1219
MDG,2020-05-18,0,1219
MDG,2020-05-19,0,1219
MDG,2020-05-20,0,1219
MDG,2020-05-21,0,1219
MDG,2020-05-22,0,1219
MDG,2020-05-23,0,1219
MDG,2020-05-24,0,1219
MDG,2020-05-25,0,1219
MDG,2020-05-26,0,1219
MDG,2020-05-27,0,1219
MDG,2020-05-28,167,1386
MDG,2020-05-29,401,1787
MDG,2020-05-30,0,1787
MDG,2020-05-31,0,1787
MDG,2020-06-01,0,1787
MDG,2020-06-02,0,1787
MDG,2020-06-03,0,1787
MDG,2020-06-04,0,1787
MDG,2020-06-05,0,1787
MDG,2020-06-06,0,1787
MDG,2020-06-07,0,1787
MDG,2020-06-08,0,1787
MDG,2020-06-09,0,1787
MDG,2020-06-10,0,1787
MDG,2020-06-11,0,1787
MDG,2020-06-12,0,1787
MDG,2020-06-13,0,1787
MDG,2020-06-14,0,1787
MDG,2020-06-15,0,1787
MDG,2020-06-16,0,1787
MDG,2020-06-17,0,1787
MDG,2020-06-18,0,1787
MDG,2020-06-19,0,1787
MDG,2020-06-20,0,1787
MDG,2020-06-21,0,1787
MDG,2020-06-22,622,2409
MDG,2020-06-23,0,2409
MDG,2020-06-24,0,2409
MDG,2020-06-25,0,2409
MDG,2020-06-26,0,2409
MDG,2020-06-27,0,2409
MDG,2020-06-28,0,2409
MDG,2020-06-29,480,2889
MDG,2020-06-30,0,2889
MDG,2020-07-01,0,2889
MDG,2020-07-02,0,2889
MDG,2020-07-03,0,2889
MDG,2020-07-04,0,2889
MDG,2020-07-05,0,2889
MDG,2020-07-06,0,2889
MDG,2020-07-07,0,2889
MDG,2020-07-08,0,2889
MDG,2020-07-09,0,2889
MDG,2020-07-10,0,2889
MDG,2020-07-11,0,2889
MDG,2020-07-12,0,2889
MDG,2020-07-13,0,2889
MDG,2020-07-14,0,2889
MDG,2020-07-15,0,2889
MDG,2020-07-16,766,3655
MDG,2020-07-17,0,3655
MDG,2020-07-18,0,3655
MDG,2020-07-19,0,3655
MDG,2020-07-20,0,3655
MDG,2020-07-21,0,3655
MDG,2020-07-22,0,3655
MDG,2020-07-23,0,3655
MDG,2020-07-24,0,3655
MDG,2020-07-25,372,4027
MDG,2020-07-26,776,4803
MDG,2020-07-27,0,4803
MDG,2020-07-28,0,4803
MDG,2020-07-29,0,4803
MDG,2020-07-30,905,5708
MDG,2020-07-31,0,5708
MDG,2020-08-01,0,5708
MDG,2020-08-02,0,5708
MDG,2020-08-03,0,5708
MDG,2020-08-04,0,5708
MDG,2020-08-05,829,6537
MDG,2020-08-06,667,7204
MDG,2020-08-07,721,7925
MDG,2020-08-08,737,8662
MDG,2020-08-09,739,9401
MDG,2020-08-10,730,10131
MDG,2020-08-11,514,10645
MDG,2020-08-12,215,10860
MDG,2020-08-13,536,11396
MDG,2020-08-14,476,11872
MDG,2020-08-15,590,12462
MDG,2020-08-16,762,13224
MDG,2020-08-17,336,13560
MDG,2020-08-18,621,14181
MDG,2020-08-19,264,14445
MDG,2020-08-20,412,14857
MDG,2020-08-21,478,15335
MDG,2020-08-22,259,15594
MDG,2020-08-23,327,15921
MDG,2020-08-24,357,16278
MDG,2020-08-25,351,16629
MDG,2020-08-26,339,16968
MDG,2020-08-27,138,17106
MDG,2020-08-28,414,17520
MDG,2020-08-29,637,18157
MDG,2020-08-30,482,18639
MDG,2020-08-31,191,18830
MDG,2020-09-01,532,19362
MDG,2020-09-02,0,19362
MDG,2020-09-03,0,19362
MDG,2020-09-04,0,19362
MDG,2020-09-05,0,19362
MDG,2020-09-06,413,19775
MDG,2020-09-07,0,19775
MDG,2020-09-08,0,19775
MDG,2020-09-09,0,19775
MDG,2020-09-10,0,19775
MDG,2020-09-11,0,19775
MDG,2020-09-12,516,20291
MDG,2020-09-13,436,20727
MDG,2020-09-14,502,21229
MDG,2020-09-15,469,21698
MDG,2020-09-16,369,22067
MDG,2020-09-17,0,22067
MDG,2020-09-18,0,22067
MDG,2020-09-19,571,22638
MDG,2020-09-20,365,23003
MDG,2020-09-21,439,23442
MDG,2020-09-22,540,23982
MDG,2020-09-23,189,24171
MDG,2020-09-24,223,24394
MDG,2020-09-25,238,24632
MDG,2020-09-26,0,24632
MDG,2020-09-27,0,24632
MDG,2020-09-28,293,24925
MDG,2020-09-29,297,25222
MDG,2020-09-30,372,25594
MDG,2020-10-01,139,25733
MDG,2020-10-02,745,26478
MDG,2020-10-03,394,26872
MDG,2020-10-04,344,27216
MDG,2020-10-05,481,27697
MDG,2020-10-06,384,28081
MDG,2020-10-07,0,28081
MDG,2020-10-08,0,28081
MDG,2020-10-09,204,28285
MDG,2020-10-10,222,28507
MDG,2020-10-11,0,28507
MDG,2020-10-12,0,28507
MDG,2020-10-13,427,28934
MDG,2020-10-14,0,28934
MDG,2020-10-15,0,28934
MDG,2020-10-16,0,28934
MDG,2020-10-17,0,28934
MDG,2020-10-18,0,28934
MDG,2020-10-19,0,28934
MDG,2020-10-20,0,28934
MDG,2020-10-21,0,28934
MDG,2020-10-22,0,28934
MDG,2020-10-23,0,28934
MDG,2020-10-24,0,28934
MDG,2020-10-25,0,28934
MDG,2020-10-26,0,28934
MDG,2020-10-27,0,28934
MDG,2020-10-28,0,28934
MDG,2020-10-29,0,28934
MDG,2020-10-30,0,28934
MDG,2020-10-31,0,28934
MDG,2020-11-01,0,28934
MDG,2020-11-02,0,28934
MDG,2020-11-03,0,28934
MDG,2020-11-04,0,28934
MDG,2020-11-05,0,28934
MDG,2020-11-06,0,28934
MDG,2020-11-07,0,28934
MDG,2020-11-08,0,28934
MDG,2020-11-09,0,28934
MDG,2020-11-10,0,28934
MDG,2020-11-11,0,28934
MDG,2020-11-12,0,28934
MDG,2020-11-13,0,28934
MDG,2020-11-14,0,28934
MDG,2020-11-15,0,28934
MDG,2020-11-16,0,28934
MDG,2020-11-17,0,28934
MDG,2020-11-18,0,28934
MDG,2020-11-19,0,28934
MDG,2020-11-20,0,28934
MDG,2020-11-21,0,28934
MDG,2020-11-22,0,28934
MDG,2020-11-23,0,28934
MDG,2020-11-24,0,28934
MDG,2020-11-25,0,28934
MDG,2020-11-26,0,28934
MDG,2020-11-27,0,28934
MDG,2020-11-28,0,28934
MDG,2020-11-29,0,28934
MDG,2020-11-30,0,28934
MDG,2020-12-01,0,28934
MDG,2020-12-02,0,28934
MDG,2020-12-03,0,28934
MDG,2020-12-04,0,28934
MDG,2020-12-05,0,28934
MDG,2020-12-06,0,28934
MDG,2020-12-07,0,28934
MDG,2020-12-08,0,28934
MDG,2020-12-09,0,28934
MDG,2020-12-10,0,28934
MDG,2020-12-11,0,28934
MDG,2020-12-12,0,28934
MDG,2020-12-13,0,28934
MDG,2020-12-14,0,28934
MDG,2020-12-15,0,28934
MDG,2020-12-16,0,28934
MDG,2020-12-17,0,28934
MDG,2020-12-18,0,28934
MDG,2020-12-19,0,28934
MDG,2020-12-20,0,28934
MDG,2020-12-21,0,28934
MDG,2020-12-22,0,28934
MDG,2020-12-23,0,28934
MDG,2020-12-24,0,28934
MDG,2020-12-25,0,28934
MDG,2020-12-26,0,28934
MDG,2020-12-27,0,28934
MDG,2020-12-28,0,28934
MDG,2020-12-29,0,28934
MDG,2020-12-30,0,28934
MDG,2020-12-31,0,28934
MDG,2021-01-01,0,28934
MDG,2021-01-02,0,28934
MDG,2021-01-03,0,28934
MDG,2021-01-04,0,28934
MDG,2021-01-05,0,28934
MDG,2021-01-06,0,28934
MDG,2021-01-07,0,28934
MDG,2021-01-08,0,28934
MDG,2021-01-09,0,28934
MDG,2021-01-10,0,28934
MDG,2021-01-11,0,28934
MDG,2021-01-12,0,28934
MDG,2021-01-13,0,28934
MDG,2021-01-14,0,28934
MDG,2021-01-15,0,28934
MDG,2021-01-16,0,28934
MDG,2021-01-17,0,28934
MDG,2021-01-18,0,28934
MDG,2021-01-19,0,28934
MDG,2021-01-20,0,28934
MDG,2021-01-21,0,28934
MDG,2021-01-22,0,28934
MDG,2021-01-23,0,28934
MDG,2021-01-24,0,28934
MDG,2021-01-25,0,28934
MDG,2021-01-26,0,28934
MDG,2021-01-27,0,28934
MDG,2021-01-28,0,28934
MDG,2021-01-29,0,28934
MDG,2021-01-30,0,28934
MDG,2021-01-31,0,28934
MDG,2021-02-01,0,28934
MDG,2021-02-02,0,28934
MDG,2021-02-03,0,28934
MDG,2021-02-04,0,28934
MDG,2021-02-05,0,28934
MDG,2021-02-06,0,28934
MDG,2021-02-07,0,28934
MDG,2021-02-08,0,28934
MDG,2021-02-09,0,28934
MDG,2021-02-10,0,28934
MDG,2021-02-11,0,28934
MDG,2021-02-12,0,28934
MDG,2021-02-13,0,28934
MDG,2021-02-14,0,28934
MDG,2021-02-15,0,28934
MDG,2021-02-16,0,28934
MDG,2021-02-17,0,28934
MDG,2021-02-18,0,28934
MDG,2021-02-19,0,28934
MDG,2021-02-20,0,28934
MDG,2021-02-21,0,28934
MDG,2021-02-22,0,28934
MDG,2021-02-23,0,28934
MDG,2021-02-24,0,28934
MDG,2021-02-25,0,28934
MDG,2021-02-26,0,28934
MDG,2021-02-27,0,28934
MDG,2021-02-28,0,28934
MDG,2021-03-01,0,28934
MDG,2021-03-02,0,28934
MDG,2021-03-03,0,28934
MDG,2021-03-04,0,28934
MDG,2021-03-05,0,28934
MDG,2021-03-06,0,28934
MDG,2021-03-07,0,28934
MDG,2021-03-08,0,28934
MDG,2021-03-09,0,28934
MDG,2021-03-10,0,28934
MDG,2021-03-11,0,28934
MDG,2021-03-12,0,28934
MDG,2021-03-13,0,28934
MDG,2021-03-14,0,28934
MDG,2021-03-15,0,28934
MDG,2021-03-16,0,28934
MDG,2021-03-17,0,28934
MDG,2021-03-18,0,28934
MDG,2021-03-19,0,28934
MDG,2021-03-20,0,28934
MDG,2021-03-21,853,29787
MDG,2021-03-22,597,30384
MDG,2021-03-23,1000,31384
MDG,2021-03-24,814,32198
MDG,2021-03-25,687,32885
MDG,2021-03-26,634,33519
MDG,2021-03-27,510,34029
MDG,2021-03-28,1281,35310
MDG,2021-03-29,1158,36468
MDG,2021-03-30,755,37223
MDG,2021-03-31,972,38195
MDG,2021-04-01,869,39064
MDG,2021-04-02,1204,40268
MDG,2021-04-03,974,41242
MDG,2021-04-04,382,41624
MDG,2021-04-05,528,42152
MDG,2021-04-06,680,42832
MDG,2021-04-07,1366,44198
MDG,2021-04-08,1730,45928
MDG,2021-04-09,1286,47214
MDG,2021-04-10,1389,48603
MDG,2021-04-11,1229,49832
MDG,2021-04-12,800,50632
MDG,2021-04-13,1722,52354
MDG,2021-04-14,3284,55638
MDG,2021-04-15,1907,57545
MDG,2021-04-16,1722,59267
MDG,2021-04-17,1696,60963
MDG,2021-04-18,1738,62701
MDG,2021-04-19,1603,64304
MDG,2021-04-20,1113,65417
MDG,2021-04-21,1264,66681
MDG,2021-04-22,1897,68578
MDG,2021-04-23,1281,69859
MDG,2021-04-24,1207,71066
MDG,2021-04-25,1165,72231
MDG,2021-04-26,562,72793
MDG,2021-04-27,1252,74045
MDG,2021-04-28,1862,75907
MDG,2021-04-29,1334,77241
MDG,2021-04-30,1364,78605
MDG,2021-05-01,1470,80075
MDG,2021-05-02,552,80627
MDG,2021-05-03,973,81600
MDG,2021-05-04,418,82018
MDG,2021-05-05,761,82779
MDG,2021-05-06,1486,84265
MDG,2021-05-07,1000,85265
MDG,2021-05-08,574,85839
MDG,2021-05-09,724,86563
MDG,2021-05-10,600,87163
MDG,2021-05-11,537,87700
MDG,2021-05-12,803,88503
MDG,2021-05-13,435,88938
MDG,2021-05-14,802,89740
MDG,2021-05-15,907,90647
MDG,2021-05-16,302,90949
MDG,2021-05-17,573,91522
MDG,2021-05-18,274,91796
MDG,2021-05-19,471,92267
MDG,2021-05-20,821,93088
MDG,2021-05-21,619,93707
MDG,2021-05-22,868,94575
MDG,2021-05-23,460,95035
MDG,2021-05-24,241,95276
MDG,2021-05-25,384,95660
MDG,2021-05-26,120,95780
MDG,2021-05-27,675,96455
MDG,2021-05-28,434,96889
MDG,2021-05-29,262,97151
MDG,2021-05-30,573,97724
MDG,2021-05-31,202,97926
MDG,2021-06-01,453,98379
MDG,2021-06-02,459,98838
MDG,2021-06-03,413,99251
MDG,2021-06-04,503,99754
MDG,2021-06-05,400,100154
MDG,2021-06-06,327,100481
MDG,2021-06-07,587,101068
MDG,2021-06-08,366,101434
MDG,2021-06-09,517,101951
MDG,2021-06-10,614,102565
MDG,2021-06-11,275,102840
MDG,2021-06-12,481,103321
MDG,2021-06-13,470,103791
MDG,2021-06-14,517,104308
MDG,2021-06-15,598,104906
MDG,2021-06-16,0,104906
MDG,2021-06-17,0,104906
MDG,2021-06-18,0,104906
MDG,2021-06-19,0,104906
MDG,2021-06-20,0,104906
MDG,2021-06-21,0,104906
MDG,2021-06-22,405,105311
MDG,2021-06-23,576,105887
MWI,2020-03-29,0,0
MWI,2020-03-30,17,17
MWI,2020-03-31,0,17
MWI,2020-04-01,0,17
MWI,2020-04-02,2,19
MWI,2020-04-03,5,24
MWI,2020-04-04,29,53
MWI,2020-04-05,1,54
MWI,2020-04-06,20,74
MWI,2020-04-07,2,76
MWI,2020-04-08,79,155
MWI,2020-04-09,7,162
MWI,2020-04-10,56,218
MWI,2020-04-11,27,245
MWI,2020-04-12,0,245
MWI,2020-04-13,0,245
MWI,2020-04-14,0,245
MWI,2020-04-15,0,245
MWI,2020-04-16,64,309
MWI,2020-04-17,7,316
MWI,2020-04-18,5,321
MWI,2020-04-19,0,321
MWI,2020-04-20,0,321
MWI,2020-04-21,59,380
MWI,2020-04-22,34,414
MWI,2020-04-23,13,427
MWI,2020-04-24,51,478
MWI,2020-04-25,47,525
MWI,2020-04-26,26,551
MWI,2020-04-27,13,564
MWI,2020-04-28,41,605
MWI,2020-04-29,30,635
MWI,2020-04-30,57,692
MWI,2020-05-01,67,759
MWI,2020-05-02,9,768
MWI,2020-05-03,8,776
MWI,2020-05-04,46,822
MWI,2020-05-05,71,893
MWI,2020-05-06,41,934
MWI,2020-05-07,79,1013
MWI,2020-05-08,79,1092
MWI,2020-05-09,56,1148
MWI,2020-05-10,50,1198
MWI,2020-05-11,26,1224
MWI,2020-05-12,0,1224
MWI,2020-05-13,0,1224
MWI,2020-05-14,75,1299
MWI,2020-05-15,66,1365
MWI,2020-05-16,41,1406
MWI,2020-05-17,119,1525
MWI,2020-05-18,51,1576
MWI,2020-05-19,122,1698
MWI,2020-05-20,181,1879
MWI,2020-05-21,135,2014
MWI,2020-05-22,193,2207
MWI,2020-05-23,370,2577
MWI,2020-05-24,0,2577
MWI,2020-05-25,0,2577
MWI,2020-05-26,0,2577
MWI,2020-05-27,0,2577
MWI,2020-05-28,336,2913
MWI,2020-05-29,179,3092
MWI,2020-05-30,100,3192
MWI,2020-05-31,557,3749
MWI,2020-06-01,358,4107
MWI,2020-06-02,241,4348
MWI,2020-06-03,154,4502
MWI,2020-06-04,272,4774
MWI,2020-06-05,116,4890
MWI,2020-06-06,135,5025
MWI,2020-06-07,123,5148
MWI,2020-06-08,144,5292
MWI,2020-06-09,95,5387
MWI,2020-06-10,224,5611
MWI,2020-06-11,72,5683
MWI,2020-06-12,922,6605
MWI,2020-06-13,348,6953
MWI,2020-06-14,87,7040
MWI,2020-06-15,204,7244
MWI,2020-06-16,262,7506
MWI,2020-06-17,125,7631
MWI,2020-06-18,446,8077
MWI,2020-06-19,0,8077
MWI,2020-06-20,0,8077
MWI,2020-06-21,0,8077
MWI,2020-06-22,0,8077
MWI,2020-06-23,769,8846
MWI,2020-06-24,235,9081
MWI,2020-06-25,460,9541
MWI,2020-06-26,372,9913
MWI,2020-06-27,419,10332
MWI,2020-06-28,549,10881
MWI,2020-06-29,255,11136
MWI,2020-06-30,510,11646
MWI,2020-07-01,494,12140
MWI,2020-07-02,547,12687
MWI,2020-07-03,557,13244
MWI,2020-07-04,0,13244
MWI,2020-07-05,0,13244
MWI,2020-07-06,287,13531
MWI,2020-07-07,0,13531
MWI,2020-07-08,0,13531
MWI,2020-07-09,482,14013
MWI,2020-07-10,802,14815
MWI,2020-07-11,559,15374
MWI,2020-07-12,317,15691
MWI,2020-07-13,558,16249
MWI,2020-07-14,421,16670
MWI,2020-07-15,343,17013
MWI,2020-07-16,934,17947
MWI,2020-07-17,0,17947
MWI,2020-07-18,0,17947
MWI,2020-07-19,459,18406
MWI,2020-07-20,283,18689
MWI,2020-07-21,347,19036
MWI,2020-07-22,459,19495
MWI,2020-07-23,475,19970
MWI,2020-07-24,457,20427
MWI,2020-07-25,389,20816
MWI,2020-07-26,545,21361
MWI,2020-07-27,243,21604
MWI,2020-07-28,124,21728
MWI,2020-07-29,1174,22902
MWI,2020-07-30,911,23813
MWI,2020-07-31,668,24481
MWI,2020-08-01,663,25144
MWI,2020-08-02,372,25516
MWI,2020-08-03,343,25859
MWI,2020-08-04,499,26358
MWI,2020-08-05,536,26894
MWI,2020-08-06,786,27680
MWI,2020-08-07,585,28265
MWI,2020-08-08,392,28657
MWI,2020-08-09,320,28977
MWI,2020-08-10,114,29091
MWI,2020-08-11,460,29551
MWI,2020-08-12,414,29965
MWI,2020-08-13,1995,31960
MWI,2020-08-14,705,32665
MWI,2020-08-15,347,33012
MWI,2020-08-16,416,33428
MWI,2020-08-17,550,33978
MWI,2020-08-18,342,34320
MWI,2020-08-19,534,34854
MWI,2020-08-20,386,35240
MWI,2020-08-21,448,35688
MWI,2020-08-22,541,36229
MWI,2020-08-23,592,36821
MWI,2020-08-24,220,37041
MWI,2020-08-25,75,37116
MWI,2020-08-26,601,37717
MWI,2020-08-27,295,38012
MWI,2020-08-28,421,38433
MWI,2020-08-29,77,38510
MWI,2020-08-30,215,38725
MWI,2020-08-31,994,39719
MWI,2020-09-01,117,39836
MWI,2020-09-02,167,40003
MWI,2020-09-03,247,40250
MWI,2020-09-04,375,40625
MWI,2020-09-05,73,40698
MWI,2020-09-06,152,40850
MWI,2020-09-07,114,40964
MWI,2020-09-08,107,41071
MWI,2020-09-09,494,41565
MWI,2020-09-10,0,41565
MWI,2020-09-11,0,41565
MWI,2020-09-12,293,41858
MWI,2020-09-13,443,42301
MWI,2020-09-14,0,42301
MWI,2020-09-15,0,42301
MWI,2020-09-16,147,42448
MWI,2020-09-17,378,42826
MWI,2020-09-18,0,42826
MWI,2020-09-19,0,42826
MWI,2020-09-20,532,43358
MWI,2020-09-21,37,43395
MWI,2020-09-22,369,43764
MWI,2020-09-23,0,43764
MWI,2020-09-24,0,43764
MWI,2020-09-25,0,43764
MWI,2020-09-26,0,43764
MWI,2020-09-27,0,43764
MWI,2020-09-28,0,43764
MWI,2020-09-29,0,43764
MWI,2020-09-30,205,43969
MWI,2020-10-01,0,43969
MWI,2020-10-02,0,43969
MWI,2020-10-03,231,44200
MWI,2020-10-04,105,44305
MWI,2020-10-05,121,44426
MWI,2020-10-06,94,44520
MWI,2020-10-07,161,44681
MWI,2020-10-08,761,45442
MWI,2020-10-09,0,45442
MWI,2020-10-10,0,45442
MWI,2020-10-11,101,45543
MWI,2020-10-12,161,45704
MWI,2020-10-13,224,45928
MWI,2020-10-14,189,46117
MWI,2020-10-15,248,46365
MWI,2020-10-16,308,46673
MWI,2020-10-17,406,47079
MWI,2020-10-18,234,47313
MWI,2020-10-19,97,47410
MWI,2020-10-20,223,47633
MWI,2020-10-21,273,47906
MWI,2020-10-22,0,47906
MWI,2020-10-23,0,47906
MWI,2020-10-24,199,48105
MWI,2020-10-25,514,48619
MWI,2020-10-26,193,48812
MWI,2020-10-27,305,49117
MWI,2020-10-28,294,49411
MWI,2020-10-29,585,49996
MWI,2020-10-30,679,50675
MWI,2020-10-31,0,50675
MWI,2020-11-01,0,50675
MWI,2020-11-02,354,51029
MWI,2020-11-03,462,51491
MWI,2020-11-04,159,51650
MWI,2020-11-05,1043,52693
MWI,2020-11-06,648,53341
MWI,2020-11-07,546,53887
MWI,2020-11-08,0,53887
MWI,2020-11-09,0,53887
MWI,2020-11-10,303,54190
MWI,2020-11-11,462,54652
MWI,2020-11-12,0,54652
MWI,2020-11-13,0,54652
MWI,2020-11-14,0,54652
MWI,2020-11-15,294,54946
MWI,2020-11-16,330,55276
MWI,2020-11-17,513,55789
MWI,2020-11-18,223,56012
MWI,2020-11-19,447,56459
MWI,2020-11-20,288,56747
MWI,2020-11-21,257,57004
MWI,2020-11-22,0,57004
MWI,2020-11-23,0,57004
MWI,2020-11-24,0,57004
MWI,2020-11-25,0,57004
MWI,2020-11-26,0,57004
MWI,2020-11-27,0,57004
MWI,2020-11-28,0,57004
MWI,2020-11-29,0,57004
MWI,2020-11-30,0,57004
MWI,2020-12-01,0,57004
MWI,2020-12-02,0,57004
MWI,2020-12-03,0,57004
MWI,2020-12-04,0,57004
MWI,2020-12-05,0,57004
MWI,2020-12-06,0,57004
MWI,2020-12-07,0,57004
MWI,2020-12-08,0,57004
MWI,2020-12-09,0,57004
MWI,2020-12-10,0,57004
MWI,2020-12-11,0,57004
MWI,2020-12-12,0,57004
MWI,2020-12-13,0,57004
MWI,2020-12-14,0,57004
MWI,2020-12-15,0,57004
MWI,2020-12-16,0,57004
MWI,2020-12-17,0,57004
MWI,2020-12-18,0,57004
MWI,2020-12-19,0,57004
MWI,2020-12-20,0,57004
MWI,2020-12-21,0,57004
MWI,2020-12-22,0,57004
MWI,2020-12-23,0,57004
MWI,2020-12-24,0,57004
MWI,2020-12-25,0,57004
MWI,2020-12-26,0,57004
MWI,2020-12-27,0,57004
MWI,2020-12-28,0,57004
MWI,2020-12-29,0,57004
MWI,2020-12-30,0,57004
MWI,2020-12-31,0,57004
MWI,2021-01-01,0,57004
MWI,2021-01-02,0,57004
MWI,2021-01-03,0,57004
MWI,2021-01-04,0,57004
MWI,2021-01-05,0,57004
MWI,2021-01-06,0,57004
MWI,2021-01-07,0,57004
MWI,2021-01-08,0,57004
MWI,2021-01-09,0,57004
MWI,2021-01-10,0,57004
MWI,2021-01-11,0,57004
MWI,2021-01-12,0,57004
MWI,2021-01-13,0,57004
MWI,2021-01-14,0,57004
MWI,2021-01-15,0,57004
MWI,2021-01-16,0,57004
MWI,2021-01-17,0,57004
MWI,2021-01-18,0,57004
MWI,2021-01-19,0,57004
MWI,2021-01-20,0,57004
MWI,2021-01-21,0,57004
MWI,2021-01-22,0,57004
MWI,2021-01-23,0,57004
MWI,2021-01-24,0,57004
MWI,2021-01-25,0,57004
MWI,2021-01-26,0,57004
MWI,2021-01-27,0,57004
MWI,2021-01-28,0,57004
MWI,2021-01-29,0,57004
MWI,2021-01-30,0,57004
MWI,2021-01-31,0,57004
MWI,2021-02-01,0,57004
MWI,2021-02-02,0,57004
MWI,2021-02-03,0,57004
MWI,2021-02-04,0,57004
MWI,2021-02-05,0,57004
MWI,2021-02-06,0,57004
MWI,2021-02-07,0,57004
MWI,2021-02-08,0,57004
MWI,2021-02-09,0,57004
MWI,2021-02-10,0,57004
MWI,2021-02-11,0,57004
MWI,2021-02-12,0,57004
MWI,2021-02-13,0,57004
MWI,2021-02-14,0,57004
MWI,2021-02-15,0,57004
MWI,2021-02-16,0,57004
MWI,2021-02-17,0,57004
MWI,2021-02-18,0,57004
MWI,2021-02-19,0,57004
MWI,2021-02-20,0,57004
MWI,2021-02-21,0,57004
MWI,2021-02-22,0,57004
MWI,2021-02-23,0,57004
MWI,2021-02-24,0,57004
MWI,2021-02-25,0,57004
MWI,2021-02-26,0,57004
MWI,2021-02-27,0,57004
MWI,2021-02-28,0,57004
MWI,2021-03-01,0,57004
MWI,2021-03-02,0,57004
MWI,2021-03-03,0,57004
MWI,2021-03-04,0,57004
MWI,2021-03-05,0,57004
MWI,2021-03-06,0,57004
MWI,2021-03-07,0,57004
MWI,2021-03-08,0,57004
MWI,2021-03-09,0,57004
MWI,2021-03-10,0,57004
MWI,2021-03-11,0,57004
MWI,2021-03-12,0,57004
MWI,2021-03-13,0,57004
MWI,2021-03-14,0,57004
MWI,2021-03-15,0,57004
MWI,2021-03-16,0,57004
MWI,2021-03-17,0,57004
MWI,2021-03-18,0,57004
MWI,2021-03-19,0,57004
MWI,2021-03-20,0,57004
MWI,2021-03-21,0,57004
MWI,2021-03-22,0,57004
MWI,2021-03-23,0,57004
MWI,2021-03-24,0,57004
MWI,2021-03-25,0,57004
MWI,2021-03-26,0,57004
MWI,2021-03-27,0,57004
MWI,2021-03-28,0,57004
MWI,2021-03-29,0,57004
MWI,2021-03-30,0,57004
MWI,2021-03-31,0,57004
MWI,2021-04-01,0,57004
MWI,2021-04-02,0,57004
MWI,2021-04-03,0,57004
MWI,2021-04-04,0,57004
MWI,2021-04-05,0,57004
MWI,2021-04-06,0,57004
MWI,2021-04-07,0,57004
MWI,2021-04-08,0,57004
MWI,2021-04-09,0,57004
MWI,2021-04-10,0,57004
MWI,2021-04-11,0,57004
MWI,2021-04-12,0,57004
MWI,2021-04-13,0,57004
MWI,2021-04-14,0,57004
MWI,2021-04-15,0,57004
MWI,2021-04-16,0,57004
MWI,2021-06-25,0,57004
MWI,2021-06-26,2826,59830
MWI,2021-06-27,0,59830
MWI,2021-06-28,0,59830
MYS,2020-02-14,0,0
MYS,2020-02-15,0,0
MYS,2020-02-16,0,0
MYS,2020-02-17,101,101
MYS,2020-02-18,40,141
MYS,2020-02-19,0,141
MYS,2020-02-20,0,141
MYS,2020-02-21,88,229
MYS,2020-02-22,0,229
MYS,2020-02-23,0,229
MYS,2020-02-24,26,255
MYS,2020-02-25,13,268
MYS,2020-02-26,24,292
MYS,2020-02-27,454,746
MYS,2020-02-28,3,749
MYS,2020-02-29,0,749
MYS,2020-03-01,0,749
MYS,2020-03-02,0,749
MYS,2020-03-03,0,749
MYS,2020-03-04,0,749
MYS,2020-03-05,0,749
MYS,2020-03-06,0,749
MYS,2020-03-07,0,749
MYS,2020-03-08,0,749
MYS,2020-03-09,0,749
MYS,2020-03-10,0,749
MYS,2020-03-11,0,749
MYS,2020-03-12,118,867
MYS,2020-03-13,0,867
MYS,2020-03-14,0,867
MYS,2020-03-15,0,867
MYS,2020-03-16,0,867
MYS,2020-03-17,0,867
MYS,2020-03-18,0,867
MYS,2020-03-19,0,867
MYS,2020-03-20,1270,2137
MYS,2020-03-21,0,2137
MYS,2020-03-22,0,2137
MYS,2020-03-23,1835,3972
MYS,2020-03-24,484,4456
MYS,2020-03-25,2226,6682
MYS,2020-03-26,1163,7845
MYS,2020-03-27,7185,15030
MYS,2020-03-28,5293,20323
MYS,2020-03-29,0,20323
MYS,2020-03-30,0,20323
MYS,2020-03-31,1058,21381
MYS,2020-04-01,3538,24919
MYS,2020-04-02,1797,26716
MYS,2020-04-03,1859,28575
MYS,2020-04-04,1465,30040
MYS,2020-04-05,2616,32656
MYS,2020-04-06,3918,36574
MYS,2020-04-07,5028,41602
MYS,2020-04-08,5755,47357
MYS,2020-04-09,5127,52484
MYS,2020-04-10,4584,57068
MYS,2020-04-11,3946,61014
MYS,2020-04-12,5594,66608
MYS,2020-04-13,4239,70847
MYS,2020-04-14,3061,73908
MYS,2020-04-15,2392,76300
MYS,2020-04-16,0,76300
MYS,2020-04-17,0,76300
MYS,2020-04-18,4099,80399
MYS,2020-04-19,3098,83497
MYS,2020-04-20,4324,87821
MYS,2020-04-21,0,87821
MYS,2020-04-22,0,87821
MYS,2020-04-23,3651,91472
MYS,2020-04-24,4316,95788
MYS,2020-04-25,5248,101036
MYS,2020-04-26,4521,105557
MYS,2020-04-27,7407,112964
MYS,2020-04-28,7901,120865
MYS,2020-04-29,7404,128269
MYS,2020-04-30,0,128269
MYS,2020-05-01,0,128269
MYS,2020-05-02,15429,143698
MYS,2020-05-03,11620,155318
MYS,2020-05-04,9765,165083
MYS,2020-05-05,7622,172705
MYS,2020-05-06,8930,181635
MYS,2020-05-07,8869,190504
MYS,2020-05-08,8609,199113
MYS,2020-05-09,0,199113
MYS,2020-05-10,0,199113
MYS,2020-05-11,9111,208224
MYS,2020-05-12,0,208224
MYS,2020-05-13,0,208224
MYS,2020-05-14,0,208224
MYS,2020-05-15,126964,335188
MYS,2020-05-16,9830,345018
MYS,2020-05-17,9127,354145
MYS,2020-05-18,0,354145
MYS,2020-05-19,0,354145
MYS,2020-05-20,9061,363206
MYS,2020-05-21,10093,373299
MYS,2020-05-22,10318,383617
MYS,2020-05-23,8740,392357
MYS,2020-05-24,7213,399570
MYS,2020-05-25,5688,405258
MYS,2020-05-26,6574,411832
MYS,2020-05-27,0,411832
MYS,2020-05-28,0,411832
MYS,2020-05-29,7393,419225
MYS,2020-05-30,8474,427699
MYS,2020-05-31,6815,434514
MYS,2020-06-01,7555,442069
MYS,2020-06-02,6549,448618
MYS,2020-06-03,8218,456836
MYS,2020-06-04,6981,463817
MYS,2020-06-05,8127,471944
MYS,2020-06-06,8841,480785
MYS,2020-06-07,0,480785
MYS,2020-06-08,0,480785
MYS,2020-06-09,6081,486866
MYS,2020-06-10,5455,492321
MYS,2020-06-11,5833,498154
MYS,2020-06-12,9072,507226
MYS,2020-06-13,5375,512601
MYS,2020-06-14,5289,517890
MYS,2020-06-15,4866,522756
MYS,2020-06-16,3422,526178
MYS,2020-06-17,4702,530880
MYS,2020-06-18,5255,536135
MYS,2020-06-19,4962,541097
MYS,2020-06-20,5275,546372
MYS,2020-06-21,4142,550514
MYS,2020-06-22,2937,553451
MYS,2020-06-23,6698,560149
MYS,2020-06-24,10733,570882
MYS,2020-06-25,11842,582724
MYS,2020-06-26,12938,595662
MYS,2020-06-27,10342,606004
MYS,2020-06-28,10492,616496
MYS,2020-06-29,6221,622717
MYS,2020-06-30,8828,631545
MYS,2020-07-01,8912,640457
MYS,2020-07-02,8727,649184
MYS,2020-07-03,8221,657405
MYS,2020-07-04,6937,664342
MYS,2020-07-05,6722,671064
MYS,2020-07-06,5539,676603
MYS,2020-07-07,6061,682664
MYS,2020-07-08,6528,689192
MYS,2020-07-09,7342,696534
MYS,2020-07-10,6267,702801
MYS,2020-07-11,6221,709022
MYS,2020-07-12,5034,714056
MYS,2020-07-13,2913,716969
MYS,2020-07-14,4696,721665
MYS,2020-07-15,6777,728442
MYS,2020-07-16,6498,734940
MYS,2020-07-17,7828,742768
MYS,2020-07-18,7948,750716
MYS,2020-07-19,5574,756290
MYS,2020-07-20,6014,762304
MYS,2020-07-21,6681,768985
MYS,2020-07-22,7188,776173
MYS,2020-07-23,6713,782886
MYS,2020-07-24,8848,791734
MYS,2020-07-25,7209,798943
MYS,2020-07-26,5248,804191
MYS,2020-07-27,5599,809790
MYS,2020-07-28,5897,815687
MYS,2020-07-29,5992,821679
MYS,2020-07-30,7946,829625
MYS,2020-07-31,7565,837190
MYS,2020-08-01,4030,841220
MYS,2020-08-02,4504,845724
MYS,2020-08-03,4119,849843
MYS,2020-08-04,8036,857879
MYS,2020-08-05,9757,867636
MYS,2020-08-06,11570,879206
MYS,2020-08-07,12059,891265
MYS,2020-08-08,11620,902885
MYS,2020-08-09,9637,912522
MYS,2020-08-10,7555,920077
MYS,2020-08-11,9773,929850
MYS,2020-08-12,10716,940566
MYS,2020-08-13,11020,951586
MYS,2020-08-14,10728,962314
MYS,2020-08-15,10449,972763
MYS,2020-08-16,8029,980792
MYS,2020-08-17,6420,987212
MYS,2020-08-18,8425,995637
MYS,2020-08-19,12588,1008225
MYS,2020-08-20,10461,1018686
MYS,2020-08-21,8250,1026936
MYS,2020-08-22,7559,1034495
MYS,2020-08-23,8467,1042962
MYS,2020-08-24,6429,1049391
MYS,2020-08-25,8655,1058046
MYS,2020-08-26,11264,1069310
MYS,2020-08-27,10026,1079336
MYS,2020-08-28,10064,1089400
MYS,2020-08-29,10073,1099473
MYS,2020-08-30,10613,1110086
MYS,2020-08-31,10315,1120401
MYS,2020-09-01,8993,1129394
MYS,2020-09-02,7381,1136775
MYS,2020-09-03,10649,1147424
MYS,2020-09-04,9724,1157148
MYS,2020-09-05,9122,1166270
MYS,2020-09-06,7730,1174000
MYS,2020-09-07,6320,1180320
MYS,2020-09-08,8671,1188991
MYS,2020-09-09,10472,1199463
MYS,2020-09-10,9555,1209018
MYS,2020-09-11,11354,1220372
MYS,2020-09-12,8805,1229177
MYS,2020-09-13,9523,1238700
MYS,2020-09-14,11615,1250315
MYS,2020-09-15,11809,1262124
MYS,2020-09-16,11681,1273805
MYS,2020-09-17,9895,1283700
MYS,2020-09-18,9979,1293679
MYS,2020-09-19,10221,1303900
MYS,2020-09-20,7332,1311232
MYS,2020-09-21,7011,1318243
MYS,2020-09-22,11860,1330103
MYS,2020-09-23,0,1330103
MYS,2020-09-24,0,1330103
MYS,2020-09-25,8833,1338936
MYS,2020-09-26,8465,1347401
MYS,2020-09-27,8280,1355681
MYS,2020-09-28,8830,1364511
MYS,2020-09-29,13841,1378352
MYS,2020-09-30,16689,1395041
MYS,2020-10-01,17098,1412139
MYS,2020-10-02,14360,1426499
MYS,2020-10-03,16794,1443293
MYS,2020-10-04,17039,1460332
MYS,2020-10-05,12571,1472903
MYS,2020-10-06,16039,1488942
MYS,2020-10-07,20145,1509087
MYS,2020-10-08,18013,1527100
MYS,2020-10-09,22133,1549233
MYS,2020-10-10,18895,1568128
MYS,2020-10-11,16031,1584159
MYS,2020-10-12,15123,1599282
MYS,2020-10-13,14219,1613501
MYS,2020-10-14,18619,1632120
MYS,2020-10-15,23948,1656068
MYS,2020-10-16,28923,1684991
MYS,2020-10-17,23337,1708328
MYS,2020-10-18,22810,1731138
MYS,2020-10-19,17668,1748806
MYS,2020-10-20,17920,1766726
MYS,2020-10-21,18826,1785552
MYS,2020-10-22,15749,1801301
MYS,2020-10-23,17770,1819071
MYS,2020-10-24,15451,1834522
MYS,2020-10-25,17485,1852007
MYS,2020-10-26,19011,1871018
MYS,2020-10-27,18671,1889689
MYS,2020-10-28,19618,1909307
MYS,2020-10-29,19684,1928991
MYS,2020-10-30,18190,1947181
MYS,2020-10-31,17076,1964257
MYS,2020-11-01,18691,1982948
MYS,2020-11-02,19301,2002249
MYS,2020-11-03,19767,2022016
MYS,2020-11-04,21447,2043463
MYS,2020-11-05,17529,2060992
MYS,2020-11-06,22858,2083850
MYS,2020-11-07,19569,2103419
MYS,2020-11-08,17106,2120525
MYS,2020-11-09,16110,2136635
MYS,2020-11-10,18492,2155127
MYS,2020-11-11,19197,2174324
MYS,2020-11-12,20178,2194502
MYS,2020-11-13,17774,2212276
MYS,2020-11-14,18519,2230795
MYS,2020-11-15,15539,2246334
MYS,2020-11-16,15667,2262001
MYS,2020-11-17,16369,2278370
MYS,2020-11-18,18466,2296836
MYS,2020-11-19,21142,2317978
MYS,2020-11-20,20120,2338098
MYS,2020-11-21,17525,2355623
MYS,2020-11-22,17826,2373449
MYS,2020-11-23,15497,2388946
MYS,2020-11-24,15762,2404708
MYS,2020-11-25,17970,2422678
MYS,2020-11-26,18617,2441295
MYS,2020-11-27,19083,2460378
MYS,2020-11-28,19911,2480289
MYS,2020-11-29,15370,2495659
MYS,2020-11-30,17388,2513047
MYS,2020-12-01,18696,2531743
MYS,2020-12-02,20755,2552498
MYS,2020-12-03,21729,2574227
MYS,2020-12-04,19945,2594172
MYS,2020-12-05,20839,2615011
MYS,2020-12-06,17382,2632393
MYS,2020-12-07,19665,2652058
MYS,2020-12-08,20316,2672374
MYS,2020-12-09,24137,2696511
MYS,2020-12-10,20041,2716552
MYS,2020-12-11,25677,2742229
MYS,2020-12-12,22039,2764268
MYS,2020-12-13,21805,2786073
MYS,2020-12-14,19871,2805944
MYS,2020-12-15,24462,2830406
MYS,2020-12-16,24306,2854712
MYS,2020-12-17,25043,2879755
MYS,2020-12-18,23435,2903190
MYS,2020-12-19,24830,2928020
MYS,2020-12-20,19149,2947169
MYS,2020-12-21,20399,2967568
MYS,2020-12-22,22381,2989949
MYS,2020-12-23,25482,3015431
MYS,2020-12-24,25879,3041310
MYS,2020-12-25,27197,3068507
MYS,2020-12-26,16490,3084997
MYS,2020-12-27,17797,3102794
MYS,2020-12-28,14377,3117171
MYS,2020-12-29,19954,3137125
MYS,2020-12-30,25812,3162937
MYS,2020-12-31,26681,3189618
MYS,2021-01-01,27182,3216800
MYS,2021-01-02,19295,3236095
MYS,2021-01-03,23576,3259671
MYS,2021-01-04,21314,3280985
MYS,2021-01-05,26934,3307919
MYS,2021-01-06,30274,3338193
MYS,2021-01-07,32094,3370287
MYS,2021-01-08,35096,3405383
MYS,2021-01-09,32260,3437643
MYS,2021-01-10,34433,3472076
MYS,2021-01-11,30696,3502772
MYS,2021-01-12,32909,3535681
MYS,2021-01-13,44713,3580394
MYS,2021-01-14,62849,3643243
MYS,2021-01-15,67411,3710654
MYS,2021-01-16,63411,3774065
MYS,2021-01-17,62179,3836244
MYS,2021-01-18,59731,3895975
MYS,2021-01-19,56788,3952763
MYS,2021-01-20,57645,4010408
MYS,2021-01-21,71805,4082213
MYS,2021-01-22,70807,4153020
MYS,2021-01-23,61533,4214553
MYS,2021-01-24,62054,4276607
MYS,2021-01-25,49349,4325956
MYS,2021-01-26,53783,4379739
MYS,2021-01-27,72777,4452516
MYS,2021-01-28,58913,4511429
MYS,2021-01-29,57197,4568626
MYS,2021-01-30,54197,4622823
MYS,2021-01-31,52896,4675719
MYS,2021-02-01,40161,4715880
MYS,2021-02-02,39697,4755577
MYS,2021-02-03,67264,4822841
MYS,2021-02-04,60752,4883593
MYS,2021-02-05,62481,4946074
MYS,2021-02-06,59199,5005273
MYS,2021-02-07,55880,5061153
MYS,2021-02-08,32536,5093689
MYS,2021-02-09,49163,5142852
MYS,2021-02-10,61483,5204335
MYS,2021-02-11,61212,5265547
MYS,2021-02-12,54435,5319982
MYS,2021-02-13,29301,5349283
MYS,2021-02-14,24275,5373558
MYS,2021-02-15,23791,5397349
MYS,2021-02-16,42741,5440090
MYS,2021-02-17,52593,5492683
MYS,2021-02-18,56694,5549377
MYS,2021-02-19,61620,5610997
MYS,2021-02-20,56003,5667000
MYS,2021-02-21,49498,5716498
MYS,2021-02-22,38572,5755070
MYS,2021-02-23,50440,5805510
MYS,2021-02-24,64995,5870505
MYS,2021-02-25,61096,5931601
MYS,2021-02-26,51898,5983499
MYS,2021-02-27,55480,6038979
MYS,2021-02-28,40831,6079810
MYS,2021-03-01,40268,6120078
MYS,2021-03-02,46347,6166425
MYS,2021-03-03,45927,6212352
MYS,2021-03-04,40564,6252916
MYS,2021-03-05,47569,6300485
MYS,2021-03-06,39397,6339882
MYS,2021-03-07,38022,6377904
MYS,2021-03-08,27227,6405131
MYS,2021-03-09,37523,6442654
MYS,2021-03-10,44810,6487464
MYS,2021-03-11,54074,6541538
MYS,2021-03-12,51266,6592804
MYS,2021-03-13,50393,6643197
MYS,2021-03-14,40370,6683567
MYS,2021-03-15,32311,6715878
MYS,2021-03-16,46960,6762838
MYS,2021-03-17,53824,6816662
MYS,2021-03-18,58599,6875261
MYS,2021-03-19,55421,6930682
MYS,2021-03-20,51668,6982350
MYS,2021-03-21,47450,7029800
MYS,2021-03-22,34654,7064454
MYS,2021-03-23,45575,7110029
MYS,2021-03-24,51321,7161350
MYS,2021-03-25,56533,7217883
MYS,2021-03-26,55284,7273167
MYS,2021-03-27,50560,7323727
MYS,2021-03-28,42947,7366674
MYS,2021-03-29,34339,7401013
MYS,2021-03-30,47399,7448412
MYS,2021-03-31,52792,7501204
MYS,2021-04-01,55437,7556641
MYS,2021-04-02,53187,7609828
MYS,2021-04-03,50237,7660065
MYS,2021-04-04,45236,7705301
MYS,2021-04-05,34512,7739813
MYS,2021-04-06,46839,7786652
MYS,2021-04-07,51214,7837866
MYS,2021-04-08,58012,7895878
MYS,2021-04-09,53834,7949712
MYS,2021-04-10,53512,8003224
MYS,2021-04-11,47063,8050287
MYS,2021-04-12,35266,8085553
MYS,2021-04-13,51998,8137551
MYS,2021-04-14,53141,8190692
MYS,2021-04-15,62569,8253261
MYS,2021-04-16,64715,8317976
MYS,2021-04-17,67515,8385491
MYS,2021-04-18,61526,8447017
MYS,2021-04-19,63413,8510430
MYS,2021-04-20,52967,8563397
MYS,2021-04-21,64921,8628318
MYS,2021-04-22,66579,8694897
MYS,2021-04-23,74367,8769264
MYS,2021-04-24,77559,8846823
MYS,2021-04-25,64638,8911461
MYS,2021-04-26,55149,8966610
MYS,2021-04-27,61034,9027644
MYS,2021-04-28,73158,9100802
MYS,2021-04-29,78276,9179078
MYS,2021-04-30,70449,9249527
MYS,2021-05-01,77984,9327511
MYS,2021-05-02,58585,9386096
MYS,2021-05-03,0,9386096
MYS,2021-05-04,0,9386096
MYS,2021-05-05,80377,9466473
MYS,2021-05-06,82834,9549307
MYS,2021-05-07,82676,9631983
MYS,2021-05-08,76099,9708082
MYS,2021-05-09,75093,9783175
MYS,2021-05-10,0,9783175
MYS,2021-05-11,0,9783175
MYS,2021-05-12,87458,9870633
MYS,2021-05-13,83974,9954607
MYS,2021-05-14,56440,10011047
MYS,2021-05-15,47480,10058527
MYS,2021-05-16,58279,10116806
MYS,2021-05-17,69814,10186620
MYS,2021-05-18,90678,10277298
MYS,2021-05-19,101822,10379120
MYS,2021-05-20,111381,10490501
MYS,2021-05-21,109116,10599617
MYS,2021-05-22,114027,10713644
MYS,2021-05-23,106208,10819852
MYS,2021-05-24,95450,10915302
MYS,2021-05-25,97121,11012423
MYS,2021-05-26,0,11012423
MYS,2021-05-27,0,11012423
MYS,2021-05-28,227504,11239927
MYS,2021-05-29,126480,11366407
MYS,2021-05-30,109562,11475969
MYS,2021-05-31,89227,11565196
MYS,2021-06-01,100885,11666081
MYS,2021-06-02,100288,11766369
MYS,2021-06-03,104109,11870478
MYS,2021-06-04,105293,11975771
MYS,2021-06-05,103862,12079633
MYS,2021-06-06,89998,12169631
MYS,2021-06-07,81708,12251339
MYS,2021-06-08,77030,12328369
MYS,2021-06-09,90887,12419256
MYS,2021-06-10,100059,12519315
MYS,2021-06-11,99974,12619289
MYS,2021-06-12,90238,12709527
MYS,2021-06-13,80130,12789657
MYS,2021-06-14,70044,12859701
MYS,2021-06-15,0,12859701
MYS,2021-06-16,0,12859701
MYS,2021-06-17,82369,12942070
MYS,2021-06-18,82969,13025039
MYS,2021-06-19,83713,13108752
MYS,2021-06-20,77651,13186403
MYS,2021-06-21,58384,13244787
MYS,2021-06-22,69064,13313851
MYS,2021-06-23,76636,13390487
MYS,2021-06-24,74542,13465029
MDV,2020-03-16,0,0
MDV,2020-03-17,33,33
MDV,2020-03-18,209,242
MDV,2020-03-19,56,298
MDV,2020-03-20,44,342
MDV,2020-03-21,30,372
MDV,2020-03-22,50,422
MDV,2020-03-23,30,452
MDV,2020-03-24,0,452
MDV,2020-03-25,0,452
MDV,2020-03-26,23,475
MDV,2020-03-27,24,499
MDV,2020-03-28,57,556
MDV,2020-03-29,36,592
MDV,2020-03-30,0,592
MDV,2020-03-31,0,592
MDV,2020-04-01,67,659
MDV,2020-04-02,92,751
MDV,2020-04-03,92,843
MDV,2020-04-04,103,946
MDV,2020-04-05,22,968
MDV,2020-04-06,285,1253
MDV,2020-04-07,0,1253
MDV,2020-04-08,0,1253
MDV,2020-04-09,0,1253
MDV,2020-04-10,0,1253
MDV,2020-04-11,0,1253
MDV,2020-04-12,0,1253
MDV,2020-04-13,60,1313
MDV,2020-04-14,24,1337
MDV,2020-04-15,374,1711
MDV,2020-04-16,88,1799
MDV,2020-04-17,0,1799
MDV,2020-04-18,0,1799
MDV,2020-04-19,0,1799
MDV,2020-04-20,0,1799
MDV,2020-04-21,0,1799
MDV,2020-04-22,0,1799
MDV,2020-04-23,0,1799
MDV,2020-04-24,549,2348
MDV,2020-04-25,263,2611
MDV,2020-04-26,428,3039
MDV,2020-04-27,326,3365
MDV,2020-04-28,420,3785
MDV,2020-04-29,0,3785
MDV,2020-04-30,0,3785
MDV,2020-05-01,443,4228
MDV,2020-05-02,465,4693
MDV,2020-05-03,382,5075
MDV,2020-05-04,288,5363
MDV,2020-05-05,497,5860
MDV,2020-05-06,482,6342
MDV,2020-05-07,407,6749
MDV,2020-05-08,474,7223
MDV,2020-05-09,588,7811
MDV,2020-05-10,479,8290
MDV,2020-05-11,430,8720
MDV,2020-05-12,155,8875
MDV,2020-05-13,0,8875
MDV,2020-05-14,0,8875
MDV,2020-05-15,398,9273
MDV,2020-05-16,787,10060
MDV,2020-05-17,378,10438
MDV,2020-05-18,426,10864
MDV,2020-05-19,547,11411
MDV,2020-05-20,524,11935
MDV,2020-05-21,495,12430
MDV,2020-05-22,328,12758
MDV,2020-05-23,598,13356
MDV,2020-05-24,711,14067
MDV,2020-05-25,676,14743
MDV,2020-05-26,861,15604
MDV,2020-05-27,822,16426
MDV,2020-05-28,797,17223
MDV,2020-05-29,680,17903
MDV,2020-05-30,808,18711
MDV,2020-05-31,698,19409
MDV,2020-06-01,959,20368
MDV,2020-06-02,807,21175
MDV,2020-06-03,652,21827
MDV,2020-06-04,801,22628
MDV,2020-06-05,933,23561
MDV,2020-06-06,730,24291
MDV,2020-06-07,875,25166
MDV,2020-06-08,0,25166
MDV,2020-06-09,0,25166
MDV,2020-06-10,772,25938
MDV,2020-06-11,657,26595
MDV,2020-06-12,564,27159
MDV,2020-06-13,764,27923
MDV,2020-06-14,629,28552
MDV,2020-06-15,0,28552
MDV,2020-06-16,0,28552
MDV,2020-06-17,634,29186
MDV,2020-06-18,1132,30318
MDV,2020-06-19,0,30318
MDV,2020-06-20,0,30318
MDV,2020-06-21,706,31024
MDV,2020-06-22,1276,32300
MDV,2020-06-23,1168,33468
MDV,2020-06-24,1187,34655
MDV,2020-06-25,997,35652
MDV,2020-06-26,709,36361
MDV,2020-06-27,850,37211
MDV,2020-06-28,862,38073
MDV,2020-06-29,735,38808
MDV,2020-06-30,998,39806
MDV,2020-07-01,1240,41046
MDV,2020-07-02,1386,42432
MDV,2020-07-03,905,43337
MDV,2020-07-04,1378,44715
MDV,2020-07-05,893,45608
MDV,2020-07-06,778,46386
MDV,2020-07-07,695,47081
MDV,2020-07-08,972,48053
MDV,2020-07-09,947,49000
MDV,2020-07-10,451,49451
MDV,2020-07-11,236,49687
MDV,2020-07-12,1602,51289
MDV,2020-07-13,948,52237
MDV,2020-07-14,792,53029
MDV,2020-07-15,680,53709
MDV,2020-07-16,937,54646
MDV,2020-07-17,623,55269
MDV,2020-07-18,807,56076
MDV,2020-07-19,658,56734
MDV,2020-07-20,721,57455
MDV,2020-07-21,711,58166
MDV,2020-07-22,674,58840
MDV,2020-07-23,680,59520
MDV,2020-07-24,795,60315
MDV,2020-07-25,1129,61444
MDV,2020-07-26,987,62431
MDV,2020-07-27,1146,63577
MDV,2020-07-28,1443,65020
MDV,2020-07-29,1387,66407
MDV,2020-07-30,1103,67510
MDV,2020-07-31,860,68370
MDV,2020-08-01,917,69287
MDV,2020-08-02,1182,70469
MDV,2020-08-03,1209,71678
MDV,2020-08-04,907,72585
MDV,2020-08-05,1029,73614
MDV,2020-08-06,1443,75057
MDV,2020-08-07,1064,76121
MDV,2020-08-08,981,77102
MDV,2020-08-09,760,77862
MDV,2020-08-10,1163,79025
MDV,2020-08-11,1149,80174
MDV,2020-08-12,1199,81373
MDV,2020-08-13,1195,82568
MDV,2020-08-14,949,83517
MDV,2020-08-15,818,84335
MDV,2020-08-16,1310,85645
MDV,2020-08-17,1036,86681
MDV,2020-08-18,964,87645
MDV,2020-08-19,1125,88770
MDV,2020-08-20,933,89703
MDV,2020-08-21,1497,91200
MDV,2020-08-22,952,92152
MDV,2020-08-23,972,93124
MDV,2020-08-24,977,94101
MDV,2020-08-25,1224,95325
MDV,2020-08-26,1054,96379
MDV,2020-08-27,1190,97569
MDV,2020-08-28,1021,98590
MDV,2020-08-29,1129,99719
MDV,2020-08-30,1489,101208
MDV,2020-08-31,1189,102397
MDV,2020-09-01,958,103355
MDV,2020-09-02,1842,105197
MDV,2020-09-03,1337,106534
MDV,2020-09-04,1320,107854
MDV,2020-09-05,1076,108930
MDV,2020-09-06,1539,110469
MDV,2020-09-07,1149,111618
MDV,2020-09-08,1324,112942
MDV,2020-09-09,1494,114436
MDV,2020-09-10,1709,116145
MDV,2020-09-11,1286,117431
MDV,2020-09-12,1094,118525
MDV,2020-09-13,1301,119826
MDV,2020-09-14,1267,121093
MDV,2020-09-15,1257,122350
MDV,2020-09-16,1640,123990
MDV,2020-09-17,1438,125428
MDV,2020-09-18,1242,126670
MDV,2020-09-19,1408,128078
MDV,2020-09-20,1204,129282
MDV,2020-09-21,1372,130654
MDV,2020-09-22,1190,131844
MDV,2020-09-23,1098,132942
MDV,2020-09-24,1456,134398
MDV,2020-09-25,1489,135887
MDV,2020-09-26,1264,137151
MDV,2020-09-27,1454,138605
MDV,2020-09-28,1583,140188
MDV,2020-09-29,1427,141615
MDV,2020-09-30,1677,143292
MDV,2020-10-01,1628,144920
MDV,2020-10-02,1519,146439
MDV,2020-10-03,1555,147994
MDV,2020-10-04,1583,149577
MDV,2020-10-05,1608,151185
MDV,2020-10-06,1488,152673
MDV,2020-10-07,1123,153796
MDV,2020-10-08,1356,155152
MDV,2020-10-09,1232,156384
MDV,2020-10-10,1338,157722
MDV,2020-10-11,1282,159004
MDV,2020-10-12,1303,160307
MDV,2020-10-13,1389,161696
MDV,2020-10-14,1221,162917
MDV,2020-10-15,1534,164451
MDV,2020-10-16,1366,165817
MDV,2020-10-17,1572,167389
MDV,2020-10-18,1252,168641
MDV,2020-10-19,1338,169979
MDV,2020-10-20,1368,171347
MDV,2020-10-21,1801,173148
MDV,2020-10-22,1524,174672
MDV,2020-10-23,1570,176242
MDV,2020-10-24,1355,177597
MDV,2020-10-25,2231,179828
MDV,2020-10-26,1301,181129
MDV,2020-10-27,1517,182646
MDV,2020-10-28,1409,184055
MDV,2020-10-29,1470,185525
MDV,2020-10-30,1776,187301
MDV,2020-10-31,1204,188505
MDV,2020-11-01,1920,190425
MDV,2020-11-02,1318,191743
MDV,2020-11-03,1471,193214
MDV,2020-11-04,1130,194344
MDV,2020-11-05,1758,196102
MDV,2020-11-06,1473,197575
MDV,2020-11-07,1281,198856
MDV,2020-11-08,1392,200248
MDV,2020-11-09,1342,201590
MDV,2020-11-10,1492,203082
MDV,2020-11-11,1176,204258
MDV,2020-11-12,1444,205702
MDV,2020-11-13,1256,206958
MDV,2020-11-14,1215,208173
MDV,2020-11-15,1477,209650
MDV,2020-11-16,1828,211478
MDV,2020-11-17,1075,212553
MDV,2020-11-18,1360,213913
MDV,2020-11-19,1530,215443
MDV,2020-11-20,1678,217121
MDV,2020-11-21,1561,218682
MDV,2020-11-22,1763,220445
MDV,2020-11-23,1717,222162
MDV,2020-11-24,1851,224013
MDV,2020-11-25,1516,225529
MDV,2020-11-26,1728,227257
MDV,2020-11-27,1538,228795
MDV,2020-11-28,1816,230611
MDV,2020-11-29,1829,232440
MDV,2020-11-30,1499,233939
MDV,2020-12-01,1718,235657
MDV,2020-12-02,1862,237519
MDV,2020-12-03,1801,239320
MDV,2020-12-04,1753,241073
MDV,2020-12-05,2012,243085
MDV,2020-12-06,0,243085
MDV,2020-12-07,0,243085
MDV,2020-12-08,1748,244833
MDV,2020-12-09,1728,246561
MDV,2020-12-10,2058,248619
MDV,2020-12-11,2358,250977
MDV,2020-12-12,1966,252943
MDV,2020-12-13,2035,254978
MDV,2020-12-14,1854,256832
MDV,2020-12-15,2754,259586
MDV,2020-12-16,2297,261883
MDV,2020-12-17,3171,265054
MDV,2020-12-18,2870,267924
MDV,2020-12-19,3768,271692
MDV,2020-12-20,3149,274841
MDV,2020-12-21,2613,277454
MDV,2020-12-22,2404,279858
MDV,2020-12-23,2455,282313
MDV,2020-12-24,2562,284875
MDV,2020-12-25,2183,287058
MDV,2020-12-26,2122,289180
MDV,2020-12-27,2746,291926
MDV,2020-12-28,2340,294266
MDV,2020-12-29,2644,296910
MDV,2020-12-30,2974,299884
MDV,2020-12-31,2455,302339
MDV,2021-01-01,2085,304424
MDV,2021-01-02,2105,306529
MDV,2021-01-03,1734,308263
MDV,2021-01-04,2901,311164
MDV,2021-01-05,3088,314252
MDV,2021-01-06,2444,316696
MDV,2021-01-07,2715,319411
MDV,2021-01-08,2568,321979
MDV,2021-01-09,2422,324401
MDV,2021-01-10,0,324401
MDV,2021-01-11,0,324401
MDV,2021-01-12,2768,327169
MDV,2021-01-13,3318,330487
MDV,2021-01-14,3314,333801
MDV,2021-01-15,3188,336989
MDV,2021-01-16,3331,340320
MDV,2021-01-17,3003,343323
MDV,2021-01-18,3330,346653
MDV,2021-01-19,3168,349821
MDV,2021-01-20,3428,353249
MDV,2021-01-21,2541,355790
MDV,2021-01-22,2882,358672
MDV,2021-01-23,2748,361420
MDV,2021-01-24,3256,364676
MDV,2021-01-25,4742,369418
MDV,2021-01-26,3338,372756
MDV,2021-01-27,3677,376433
MDV,2021-01-28,3292,379725
MDV,2021-01-29,2902,382627
MDV,2021-01-30,3535,386162
MDV,2021-01-31,2600,388762
MDV,2021-02-01,4126,392888
MDV,2021-02-02,3471,396359
MDV,2021-02-03,3197,399556
MDV,2021-02-04,3886,403442
MDV,2021-02-05,2982,406424
MDV,2021-02-06,3220,409644
MDV,2021-02-07,3151,412795
MDV,2021-02-08,3944,416739
MDV,2021-02-09,4716,421455
MDV,2021-02-10,3703,425158
MDV,2021-02-11,4765,429923
MDV,2021-02-12,2751,432674
MDV,2021-02-13,4006,436680
MDV,2021-02-14,3497,440177
MDV,2021-02-15,4889,445066
MDV,2021-02-16,5045,450111
MDV,2021-02-17,4589,454700
MDV,2021-02-18,3963,458663
MDV,2021-02-19,4245,462908
MDV,2021-02-20,3883,466791
MDV,2021-02-21,4353,471144
MDV,2021-02-22,5000,476144
MDV,2021-02-23,4388,480532
MDV,2021-02-24,4237,484769
MDV,2021-02-25,3993,488762
MDV,2021-02-26,4742,493504
MDV,2021-02-27,3952,497456
MDV,2021-02-28,5142,502598
MDV,2021-03-01,4247,506845
MDV,2021-03-02,4970,511815
MDV,2021-03-03,4262,516077
MDV,2021-03-04,4089,520166
MDV,2021-03-05,2964,523130
MDV,2021-03-06,4318,527448
MDV,2021-03-07,3691,531139
MDV,2021-03-08,3644,534783
MDV,2021-03-09,3877,538660
MDV,2021-03-10,2803,541463
MDV,2021-03-11,3059,544522
MDV,2021-03-12,3462,547984
MDV,2021-03-13,4626,552610
MDV,2021-03-14,3071,555681
MDV,2021-03-15,4561,560242
MDV,2021-03-16,4553,564795
MDV,2021-03-17,3777,568572
MDV,2021-03-18,4688,573260
MDV,2021-03-19,4460,577720
MDV,2021-03-20,4886,582606
MDV,2021-03-21,4397,587003
MDV,2021-03-22,3957,590960
MDV,2021-03-23,4336,595296
MDV,2021-03-24,6659,601955
MDV,2021-03-25,4318,606273
MDV,2021-03-26,2948,609221
MDV,2021-03-27,4283,613504
MDV,2021-03-28,3728,617232
MDV,2021-03-29,3472,620704
MDV,2021-03-30,3493,624197
MDV,2021-03-31,3850,628047
MDV,2021-04-01,3625,631672
MDV,2021-04-02,3044,634716
MDV,2021-04-03,3063,637779
MDV,2021-04-04,3049,640828
MDV,2021-04-05,3237,644065
MDV,2021-04-06,4892,648957
MDV,2021-04-07,4034,652991
MDV,2021-04-08,3062,656053
MDV,2021-04-09,3084,659137
MDV,2021-04-10,3019,662156
MDV,2021-04-11,2990,665146
MDV,2021-04-12,2216,667362
MDV,2021-04-13,2702,670064
MDV,2021-04-14,2413,672477
MDV,2021-04-15,2621,675098
MDV,2021-04-16,2584,677682
MDV,2021-04-17,2585,680267
MDV,2021-04-18,2678,682945
MDV,2021-04-19,3122,686067
MDV,2021-04-20,2784,688851
MDV,2021-04-21,3286,692137
MDV,2021-04-22,3000,695137
MDV,2021-04-23,3094,698231
MDV,2021-04-24,3375,701606
MDV,2021-04-25,3549,705155
MDV,2021-04-26,3252,708407
MDV,2021-04-27,3289,711696
MDV,2021-04-28,4396,716092
MDV,2021-04-29,2556,718648
MDV,2021-04-30,3305,721953
MDV,2021-05-01,3854,725807
MDV,2021-05-02,3523,729330
MDV,2021-05-03,4255,733585
MDV,2021-05-04,4552,738137
MDV,2021-05-05,4787,742924
MDV,2021-05-06,3574,746498
MDV,2021-05-07,3153,749651
MDV,2021-05-08,4014,753665
MDV,2021-05-09,4507,758172
MDV,2021-05-10,5598,763770
MDV,2021-05-11,6208,769978
MDV,2021-05-12,5336,775314
MDV,2021-05-13,4500,779814
MDV,2021-05-14,5037,784851
MDV,2021-05-15,3159,788010
MDV,2021-05-16,2881,790891
MDV,2021-05-17,4480,795371
MDV,2021-05-18,3703,799074
MDV,2021-05-19,3771,802845
MDV,2021-05-20,7259,810104
MDV,2021-05-21,6320,816424
MDV,2021-05-22,6333,822757
MDV,2021-05-23,5834,828591
MDV,2021-05-24,5581,834172
MDV,2021-05-25,4030,838202
MDV,2021-05-26,5186,843388
MDV,2021-05-27,5167,848555
MDV,2021-05-28,4821,853376
MDV,2021-05-29,4832,858208
MDV,2021-05-30,4356,862564
MDV,2021-05-31,5310,867874
MDV,2021-06-01,5685,873559
MDV,2021-06-02,5181,878740
MDV,2021-06-03,3832,882572
MDV,2021-06-04,4056,886628
MDV,2021-06-05,5256,891884
MDV,2021-06-06,5082,896966
MDV,2021-06-07,5043,902009
MDV,2021-06-08,4263,906272
MDV,2021-06-09,5190,911462
MDV,2021-06-10,3819,915281
MDV,2021-06-11,4736,920017
MDV,2021-06-12,4788,924805
MDV,2021-06-13,3734,928539
MDV,2021-06-14,5262,933801
MDV,2021-06-15,4644,938445
MDV,2021-06-16,4418,942863
MDV,2021-06-17,4247,947110
MDV,2021-06-18,3520,950630
MDV,2021-06-19,3415,954045
MDV,2021-06-20,5613,959658
MDV,2021-06-21,5296,964954
MDV,2021-06-22,4548,969502
MDV,2021-06-23,4523,974025
MDV,2021-06-24,4959,978984
MLT,2020-02-06,0,0
MLT,2020-02-07,0,0
MLT,2020-02-08,0,0
MLT,2020-02-09,0,0
MLT,2020-02-10,0,0
MLT,2020-02-11,0,0
MLT,2020-02-12,0,0
MLT,2020-02-13,0,0
MLT,2020-02-14,0,0
MLT,2020-02-15,0,0
MLT,2020-02-16,0,0
MLT,2020-02-17,0,0
MLT,2020-02-18,0,0
MLT,2020-02-19,0,0
MLT,2020-02-20,0,0
MLT,2020-02-21,0,0
MLT,2020-02-22,0,0
MLT,2020-02-23,0,0
MLT,2020-02-24,0,0
MLT,2020-02-25,29,29
MLT,2020-02-26,50,79
MLT,2020-02-27,14,93
MLT,2020-02-28,10,103
MLT,2020-02-29,7,110
MLT,2020-03-01,8,118
MLT,2020-03-02,5,123
MLT,2020-03-03,22,145
MLT,2020-03-04,42,187
MLT,2020-03-05,31,218
MLT,2020-03-06,63,281
MLT,2020-03-07,98,379
MLT,2020-03-08,118,497
MLT,2020-03-09,83,580
MLT,2020-03-10,65,645
MLT,2020-03-11,162,807
MLT,2020-03-12,188,995
MLT,2020-03-13,148,1143
MLT,2020-03-14,154,1297
MLT,2020-03-15,130,1427
MLT,2020-03-16,141,1568
MLT,2020-03-17,160,1728
MLT,2020-03-18,302,2030
MLT,2020-03-19,276,2306
MLT,2020-03-20,259,2565
MLT,2020-03-21,296,2861
MLT,2020-03-22,309,3170
MLT,2020-03-23,311,3481
MLT,2020-03-24,488,3969
MLT,2020-03-25,405,4374
MLT,2020-03-26,454,4828
MLT,2020-03-27,518,5346
MLT,2020-03-28,599,5945
MLT,2020-03-29,631,6576
MLT,2020-03-30,564,7140
MLT,2020-03-31,625,7765
MLT,2020-04-01,737,8502
MLT,2020-04-02,747,9249
MLT,2020-04-03,660,9909
MLT,2020-04-04,654,10563
MLT,2020-04-05,555,11118
MLT,2020-04-06,817,11935
MLT,2020-04-07,991,12926
MLT,2020-04-08,1001,13927
MLT,2020-04-09,995,14922
MLT,2020-04-10,1200,16122
MLT,2020-04-11,1024,17146
MLT,2020-04-12,948,18094
MLT,2020-04-13,1047,19141
MLT,2020-04-14,1062,20203
MLT,2020-04-15,1029,21232
MLT,2020-04-16,1076,22308
MLT,2020-04-17,979,23287
MLT,2020-04-18,783,24070
MLT,2020-04-19,572,24642
MLT,2020-04-20,705,25347
MLT,2020-04-21,810,26157
MLT,2020-04-22,640,26797
MLT,2020-04-23,609,27406
MLT,2020-04-24,555,27961
MLT,2020-04-25,614,28575
MLT,2020-04-26,698,29273
MLT,2020-04-27,1068,30341
MLT,2020-04-28,1207,31548
MLT,2020-04-29,1243,32791
MLT,2020-04-30,1181,33972
MLT,2020-05-01,1008,34980
MLT,2020-05-02,1070,36050
MLT,2020-05-03,731,36781
MLT,2020-05-04,1214,37995
MLT,2020-05-05,1394,39389
MLT,2020-05-06,1009,40398
MLT,2020-05-07,1135,41533
MLT,2020-05-08,1005,42538
MLT,2020-05-09,1107,43645
MLT,2020-05-10,775,44420
MLT,2020-05-11,1238,45658
MLT,2020-05-12,1132,46790
MLT,2020-05-13,1316,48106
MLT,2020-05-14,1495,49601
MLT,2020-05-15,1719,51320
MLT,2020-05-16,1425,52745
MLT,2020-05-17,1011,53756
MLT,2020-05-18,1514,55270
MLT,2020-05-19,1661,56931
MLT,2020-05-20,1367,58298
MLT,2020-05-21,1546,59844
MLT,2020-05-22,1717,61561
MLT,2020-05-23,1286,62847
MLT,2020-05-24,816,63663
MLT,2020-05-25,1467,65130
MLT,2020-05-26,1248,66378
MLT,2020-05-27,1224,67602
MLT,2020-05-28,1192,68794
MLT,2020-05-29,1367,70161
MLT,2020-05-30,985,71146
MLT,2020-05-31,593,71739
MLT,2020-06-01,1015,72754
MLT,2020-06-02,945,73699
MLT,2020-06-03,905,74604
MLT,2020-06-04,977,75581
MLT,2020-06-05,877,76458
MLT,2020-06-06,905,77363
MLT,2020-06-07,507,77870
MLT,2020-06-08,1152,79022
MLT,2020-06-09,851,79873
MLT,2020-06-10,902,80775
MLT,2020-06-11,1130,81905
MLT,2020-06-12,1042,82947
MLT,2020-06-13,1310,84257
MLT,2020-06-14,554,84811
MLT,2020-06-15,1236,86047
MLT,2020-06-16,911,86958
MLT,2020-06-17,860,87818
MLT,2020-06-18,852,88670
MLT,2020-06-19,786,89456
MLT,2020-06-20,768,90224
MLT,2020-06-21,464,90688
MLT,2020-06-22,927,91615
MLT,2020-06-23,923,92538
MLT,2020-06-24,1027,93565
MLT,2020-06-25,946,94511
MLT,2020-06-26,870,95381
MLT,2020-06-27,661,96042
MLT,2020-06-28,516,96558
MLT,2020-06-29,567,97125
MLT,2020-06-30,1135,98260
MLT,2020-07-01,892,99152
MLT,2020-07-02,981,100133
MLT,2020-07-03,987,101120
MLT,2020-07-04,771,101891
MLT,2020-07-05,457,102348
MLT,2020-07-06,930,103278
MLT,2020-07-07,775,104053
MLT,2020-07-08,809,104862
MLT,2020-07-09,775,105637
MLT,2020-07-10,742,106379
MLT,2020-07-11,741,107120
MLT,2020-07-12,456,107576
MLT,2020-07-13,931,108507
MLT,2020-07-14,985,109492
MLT,2020-07-15,1087,110579
MLT,2020-07-16,930,111509
MLT,2020-07-17,848,112357
MLT,2020-07-18,834,113191
MLT,2020-07-19,583,113774
MLT,2020-07-20,959,114733
MLT,2020-07-21,1016,115749
MLT,2020-07-22,1114,116863
MLT,2020-07-23,931,117794
MLT,2020-07-24,1085,118879
MLT,2020-07-25,1220,120099
MLT,2020-07-26,850,120949
MLT,2020-07-27,1353,122302
MLT,2020-07-28,1615,123917
MLT,2020-07-29,1722,125639
MLT,2020-07-30,1314,126953
MLT,2020-07-31,1748,128701
MLT,2020-08-01,1416,130117
MLT,2020-08-02,1437,131554
MLT,2020-08-03,1501,133055
MLT,2020-08-04,1839,134894
MLT,2020-08-05,1769,136663
MLT,2020-08-06,1717,138380
MLT,2020-08-07,1548,139928
MLT,2020-08-08,1789,141717
MLT,2020-08-09,1617,143334
MLT,2020-08-10,1881,145215
MLT,2020-08-11,2144,147359
MLT,2020-08-12,2483,149842
MLT,2020-08-13,2191,152033
MLT,2020-08-14,2434,154467
MLT,2020-08-15,2140,156607
MLT,2020-08-16,2270,158877
MLT,2020-08-17,2123,161000
MLT,2020-08-18,2260,163260
MLT,2020-08-19,3029,166289
MLT,2020-08-20,2445,168734
MLT,2020-08-21,2310,171044
MLT,2020-08-22,2173,173217
MLT,2020-08-23,2194,175411
MLT,2020-08-24,2047,177458
MLT,2020-08-25,2185,179643
MLT,2020-08-26,2542,182185
MLT,2020-08-27,2109,184294
MLT,2020-08-28,2290,186584
MLT,2020-08-29,1909,188493
MLT,2020-08-30,2040,190533
MLT,2020-08-31,1915,192448
MLT,2020-09-01,2067,194515
MLT,2020-09-02,2438,196953
MLT,2020-09-03,1869,198822
MLT,2020-09-04,1703,200525
MLT,2020-09-05,1551,202076
MLT,2020-09-06,1640,203716
MLT,2020-09-07,1363,205079
MLT,2020-09-08,2043,207122
MLT,2020-09-09,1957,209079
MLT,2020-09-10,2094,211173
MLT,2020-09-11,1647,212820
MLT,2020-09-12,2404,215224
MLT,2020-09-13,1736,216960
MLT,2020-09-14,1665,218625
MLT,2020-09-15,2470,221095
MLT,2020-09-16,2535,223630
MLT,2020-09-17,2632,226262
MLT,2020-09-18,2922,229184
MLT,2020-09-19,2196,231380
MLT,2020-09-20,1783,233163
MLT,2020-09-21,2409,235572
MLT,2020-09-22,2443,238015
MLT,2020-09-23,2301,240316
MLT,2020-09-24,2544,242860
MLT,2020-09-25,2096,244956
MLT,2020-09-26,2326,247282
MLT,2020-09-27,2302,249584
MLT,2020-09-28,2116,251700
MLT,2020-09-29,2211,253911
MLT,2020-09-30,2566,256477
MLT,2020-10-01,2260,258737
MLT,2020-10-02,2108,260845
MLT,2020-10-03,2537,263382
MLT,2020-10-04,2176,265558
MLT,2020-10-05,1961,267519
MLT,2020-10-06,2497,270016
MLT,2020-10-07,2490,272506
MLT,2020-10-08,2732,275238
MLT,2020-10-09,2315,277553
MLT,2020-10-10,2529,280082
MLT,2020-10-11,1940,282022
MLT,2020-10-12,2257,284279
MLT,2020-10-13,2761,287040
MLT,2020-10-14,2481,289521
MLT,2020-10-15,2882,292403
MLT,2020-10-16,2885,295288
MLT,2020-10-17,2404,297692
MLT,2020-10-18,2561,300253
MLT,2020-10-19,2689,302942
MLT,2020-10-20,2823,305765
MLT,2020-10-21,2951,308716
MLT,2020-10-22,2685,311401
MLT,2020-10-23,3144,314545
MLT,2020-10-24,3284,317829
MLT,2020-10-25,2811,320640
MLT,2020-10-26,2912,323552
MLT,2020-10-27,2946,326498
MLT,2020-10-28,2964,329462
MLT,2020-10-29,3075,332537
MLT,2020-10-30,3698,336235
MLT,2020-10-31,3414,339649
MLT,2020-11-01,3557,343206
MLT,2020-11-02,2816,346022
MLT,2020-11-03,3046,349068
MLT,2020-11-04,2842,351910
MLT,2020-11-05,3522,355432
MLT,2020-11-06,2941,358373
MLT,2020-11-07,2943,361316
MLT,2020-11-08,2850,364166
MLT,2020-11-09,3296,367462
MLT,2020-11-10,3012,370474
MLT,2020-11-11,3460,373934
MLT,2020-11-12,3035,376969
MLT,2020-11-13,2656,379625
MLT,2020-11-14,3419,383044
MLT,2020-11-15,3189,386233
MLT,2020-11-16,2340,388573
MLT,2020-11-17,3380,391953
MLT,2020-11-18,3050,395003
MLT,2020-11-19,3377,398380
MLT,2020-11-20,3393,401773
MLT,2020-11-21,3221,404994
MLT,2020-11-22,2192,407186
MLT,2020-11-23,2664,409850
MLT,2020-11-24,3028,412878
MLT,2020-11-25,2960,415838
MLT,2020-11-26,3049,418887
MLT,2020-11-27,2870,421757
MLT,2020-11-28,3033,424790
MLT,2020-11-29,3091,427881
MLT,2020-11-30,2768,430649
MLT,2020-12-01,2686,433335
MLT,2020-12-02,2910,436245
MLT,2020-12-03,3100,439345
MLT,2020-12-04,3010,442355
MLT,2020-12-05,2907,445262
MLT,2020-12-06,3192,448454
MLT,2020-12-07,1776,450230
MLT,2020-12-08,2909,453139
MLT,2020-12-09,2623,455762
MLT,2020-12-10,2841,458603
MLT,2020-12-11,3033,461636
MLT,2020-12-12,2659,464295
MLT,2020-12-13,2978,467273
MLT,2020-12-14,2446,469719
MLT,2020-12-15,3049,472768
MLT,2020-12-16,2637,475405
MLT,2020-12-17,3557,478962
MLT,2020-12-18,2612,481574
MLT,2020-12-19,3941,485515
MLT,2020-12-20,2868,488383
MLT,2020-12-21,2788,491171
MLT,2020-12-22,2610,493781
MLT,2020-12-23,2928,496709
MLT,2020-12-24,2495,499204
MLT,2020-12-25,2071,501275
MLT,2020-12-26,2249,503524
MLT,2020-12-27,2399,505923
MLT,2020-12-28,2797,508720
MLT,2020-12-29,3043,511763
MLT,2020-12-30,2858,514621
MLT,2020-12-31,2779,517400
MLT,2021-01-01,1810,519210
MLT,2021-01-02,1995,521205
MLT,2021-01-03,2915,524120
MLT,2021-01-04,2600,526720
MLT,2021-01-05,3364,530084
MLT,2021-01-06,2806,532890
MLT,2021-01-07,3639,536529
MLT,2021-01-08,3592,540121
MLT,2021-01-09,3299,543420
MLT,2021-01-10,3355,546775
MLT,2021-01-11,3354,550129
MLT,2021-01-12,3403,553532
MLT,2021-01-13,3512,557044
MLT,2021-01-14,3602,560646
MLT,2021-01-15,3293,563939
MLT,2021-01-16,2866,566805
MLT,2021-01-17,3239,570044
MLT,2021-01-18,3481,573525
MLT,2021-01-19,3879,577404
MLT,2021-01-20,94,577498
MLT,2021-01-21,3208,580706
MLT,2021-01-22,3111,583817
MLT,2021-01-23,2571,586388
MLT,2021-01-24,3111,589499
MLT,2021-01-25,3345,592844
MLT,2021-01-26,3248,596092
MLT,2021-01-27,3323,599415
MLT,2021-01-28,3565,602980
MLT,2021-01-29,3280,606260
MLT,2021-01-30,3431,609691
MLT,2021-01-31,2843,612534
MLT,2021-02-01,3037,615571
MLT,2021-02-02,2836,618407
MLT,2021-02-03,2973,621380
MLT,2021-02-04,2944,624324
MLT,2021-02-05,3237,627561
MLT,2021-02-06,2772,630333
MLT,2021-02-07,3084,633417
MLT,2021-02-08,3266,636683
MLT,2021-02-09,3206,639889
MLT,2021-02-10,2217,642106
MLT,2021-02-11,3491,645597
MLT,2021-02-12,2873,648470
MLT,2021-02-13,2639,651109
MLT,2021-02-14,2831,653940
MLT,2021-02-15,2817,656757
MLT,2021-02-16,2116,658873
MLT,2021-02-17,3207,662080
MLT,2021-02-18,3209,665289
MLT,2021-02-19,3282,668571
MLT,2021-02-20,3100,671671
MLT,2021-02-21,2660,674331
MLT,2021-02-22,2782,677113
MLT,2021-02-23,3274,680387
MLT,2021-02-24,3798,684185
MLT,2021-02-25,3743,687928
MLT,2021-02-26,3640,691568
MLT,2021-02-27,3578,695146
MLT,2021-02-28,3047,698193
MLT,2021-03-01,3871,702064
MLT,2021-03-02,3572,705636
MLT,2021-03-03,3654,709290
MLT,2021-03-04,4146,713436
MLT,2021-03-05,3799,717235
MLT,2021-03-06,3832,721067
MLT,2021-03-07,3945,725012
MLT,2021-03-08,3946,728958
MLT,2021-03-09,4470,733428
MLT,2021-03-10,4423,737851
MLT,2021-03-11,4746,742597
MLT,2021-03-12,3779,746376
MLT,2021-03-13,4333,750709
MLT,2021-03-14,4305,755014
MLT,2021-03-15,3870,758884
MLT,2021-03-16,4463,763347
MLT,2021-03-17,4053,767400
MLT,2021-03-18,4760,772160
MLT,2021-03-19,4046,776206
MLT,2021-03-20,3734,779940
MLT,2021-03-21,3749,783689
MLT,2021-03-22,3413,787102
MLT,2021-03-23,2661,789763
MLT,2021-03-24,2789,792552
MLT,2021-03-25,3049,795601
MLT,2021-03-26,2252,797853
MLT,2021-03-27,2928,800781
MLT,2021-03-28,2356,803137
MLT,2021-03-29,2101,805238
MLT,2021-03-30,2086,807324
MLT,2021-03-31,1970,809294
MLT,2021-04-01,1762,811056
MLT,2021-04-02,2361,813417
MLT,2021-04-03,2289,815706
MLT,2021-04-04,2162,817868
MLT,2021-04-05,1946,819814
MLT,2021-04-06,2164,821978
MLT,2021-04-07,2210,824188
MLT,2021-04-08,2227,826415
MLT,2021-04-09,2036,828451
MLT,2021-04-10,2243,830694
MLT,2021-04-11,1987,832681
MLT,2021-04-12,2036,834717
MLT,2021-04-13,1758,836475
MLT,2021-04-14,2001,838476
MLT,2021-04-15,1803,840279
MLT,2021-04-16,1883,842162
MLT,2021-04-17,1808,843970
MLT,2021-04-18,1985,845955
MLT,2021-04-19,1580,847535
MLT,2021-04-20,1584,849119
MLT,2021-04-21,1992,851111
MLT,2021-04-22,2129,853240
MLT,2021-04-23,1804,855044
MLT,2021-04-24,1628,856672
MLT,2021-04-25,2112,858784
MLT,2021-04-26,1449,860233
MLT,2021-04-27,1512,861745
MLT,2021-04-28,1690,863435
MLT,2021-04-29,2040,865475
MLT,2021-04-30,1761,867236
MLT,2021-05-01,1781,869017
MLT,2021-05-02,2036,871053
MLT,2021-05-03,1550,872603
MLT,2021-05-04,1636,874239
MLT,2021-05-05,1785,876024
MLT,2021-05-06,1971,877995
MLT,2021-05-07,1956,879951
MLT,2021-05-08,2022,881973
MLT,2021-05-09,1766,883739
MLT,2021-05-10,1524,885263
MLT,2021-05-11,1600,886863
MLT,2021-05-12,2170,889033
MLT,2021-05-13,1996,891029
MLT,2021-05-14,2017,893046
MLT,2021-05-15,1711,894757
MLT,2021-05-16,2454,897211
MLT,2021-05-17,1541,898752
MLT,2021-05-18,1693,900445
MLT,2021-05-19,1875,902320
MLT,2021-05-20,2234,904554
MLT,2021-05-21,2018,906572
MLT,2021-05-22,1926,908498
MLT,2021-05-23,2409,910907
MLT,2021-05-24,1624,912531
MLT,2021-05-25,1492,914023
MLT,2021-05-26,2080,916103
MLT,2021-05-27,2316,918419
MLT,2021-05-28,2288,920707
MLT,2021-05-29,2010,922717
MLT,2021-05-30,2279,924996
MLT,2021-05-31,1722,926718
MLT,2021-06-01,2026,928744
MLT,2021-06-02,2275,931019
MLT,2021-06-03,2799,933818
MLT,2021-06-04,2545,936363
MLT,2021-06-05,2764,939127
MLT,2021-06-06,2024,941151
MLT,2021-06-07,1355,942506
MLT,2021-06-08,1432,943938
MLT,2021-06-09,1658,945596
MLT,2021-06-10,2123,947719
MLT,2021-06-11,1817,949536
MLT,2021-06-12,1721,951257
MLT,2021-06-13,1793,953050
MLT,2021-06-14,1021,954071
MLT,2021-06-15,1526,955597
MLT,2021-06-16,1798,957395
MLT,2021-06-17,1978,959373
MLT,2021-06-18,1965,961338
MLT,2021-06-19,1660,962998
MLT,2021-06-20,1839,964837
MLT,2021-06-21,1480,966317
MLT,2021-06-22,1649,967966
MLT,2021-06-23,1692,969658
MLT,2021-06-24,2271,971929
MRT,2020-04-01,0,0
MRT,2020-04-02,4,4
MRT,2020-04-03,0,4
MRT,2020-04-04,0,4
MRT,2020-04-05,0,4
MRT,2020-04-06,0,4
MRT,2020-04-07,0,4
MRT,2020-04-08,0,4
MRT,2020-04-09,0,4
MRT,2020-04-10,0,4
MRT,2020-04-11,0,4
MRT,2020-04-12,0,4
MRT,2020-04-13,40,44
MRT,2020-04-14,67,111
MRT,2020-04-15,119,230
MRT,2020-04-16,0,230
MRT,2020-04-17,0,230
MRT,2020-04-18,0,230
MRT,2020-04-19,0,230
MRT,2020-04-20,0,230
MRT,2020-04-21,0,230
MRT,2020-04-22,0,230
MRT,2020-04-23,44,274
MRT,2020-04-24,177,451
MRT,2020-04-25,93,544
MRT,2020-04-26,0,544
MRT,2020-04-27,0,544
MRT,2020-04-28,55,599
MRT,2020-04-29,1,600
MRT,2020-04-30,77,677
MRT,2020-05-01,0,677
MRT,2020-05-02,0,677
MRT,2020-05-03,28,705
MRT,2020-05-04,11,716
MRT,2020-05-05,83,799
MRT,2020-05-06,0,799
MRT,2020-05-07,0,799
MRT,2020-05-08,0,799
MRT,2020-05-09,0,799
MRT,2020-05-10,55,854
MRT,2020-05-11,6,860
MRT,2020-05-12,12,872
MRT,2020-05-13,5,877
MRT,2020-05-14,0,877
MRT,2020-05-15,0,877
MRT,2020-05-16,72,949
MRT,2020-05-17,294,1243
MRT,2020-05-18,145,1388
MRT,2020-05-19,170,1558
MRT,2020-05-20,0,1558
MRT,2020-05-21,0,1558
MRT,2020-05-22,0,1558
MRT,2020-05-23,0,1558
MRT,2020-05-24,163,1721
MRT,2020-05-25,618,2339
MRT,2020-05-26,0,2339
MRT,2020-05-27,0,2339
MRT,2020-05-28,287,2626
MRT,2020-05-29,1032,3658
MRT,2020-05-30,0,3658
MRT,2020-05-31,0,3658
MRT,2020-06-01,0,3658
MRT,2020-06-02,0,3658
MRT,2020-06-03,0,3658
MRT,2020-06-04,0,3658
MRT,2020-06-05,0,3658
MRT,2020-06-06,0,3658
MRT,2020-06-07,0,3658
MRT,2020-06-08,0,3658
MRT,2020-06-09,0,3658
MRT,2020-06-10,498,4156
MRT,2020-06-11,991,5147
MRT,2020-06-12,0,5147
MRT,2020-06-13,0,5147
MRT,2020-06-14,0,5147
MRT,2020-06-15,631,5778
MRT,2020-06-16,1068,6846
MRT,2020-06-17,0,6846
MRT,2020-06-18,0,6846
MRT,2020-06-19,0,6846
MRT,2020-06-20,0,6846
MRT,2020-06-21,0,6846
MRT,2020-06-22,0,6846
MRT,2020-06-23,0,6846
MRT,2020-06-24,0,6846
MRT,2020-06-25,0,6846
MRT,2020-06-26,0,6846
MRT,2020-06-27,0,6846
MRT,2020-06-28,0,6846
MRT,2020-06-29,0,6846
MRT,2020-06-30,0,6846
MRT,2020-07-01,0,6846
MRT,2020-07-02,0,6846
MRT,2020-07-03,0,6846
MRT,2020-07-04,748,7594
MRT,2020-07-05,363,7957
MRT,2020-07-06,0,7957
MRT,2020-07-07,0,7957
MRT,2020-07-08,850,8807
MRT,2020-07-09,682,9489
MRT,2020-07-10,0,9489
MRT,2020-07-11,0,9489
MRT,2020-07-12,0,9489
MRT,2020-07-13,766,10255
MRT,2020-07-14,0,10255
MRT,2020-07-15,0,10255
MRT,2020-07-16,0,10255
MRT,2020-07-17,0,10255
MRT,2020-07-18,0,10255
MRT,2020-07-19,0,10255
MRT,2020-07-20,742,10997
MRT,2020-07-21,0,10997
MRT,2020-07-22,0,10997
MRT,2020-07-23,438,11435
MRT,2020-07-24,0,11435
MRT,2020-07-25,0,11435
MRT,2020-07-26,394,11829
MRT,2020-07-27,0,11829
MRT,2020-07-28,0,11829
MRT,2020-07-29,0,11829
MRT,2020-07-30,0,11829
MRT,2020-07-31,0,11829
MRT,2020-08-01,0,11829
MRT,2020-08-02,0,11829
MRT,2020-08-03,380,12209
MRT,2020-08-04,0,12209
MRT,2020-08-05,0,12209
MRT,2020-08-06,515,12724
MRT,2020-08-07,340,13064
MRT,2020-08-08,220,13284
MRT,2020-08-09,154,13438
MRT,2020-08-10,217,13655
MRT,2020-08-11,371,14026
MRT,2020-08-12,543,14569
MRT,2020-08-13,332,14901
MRT,2020-08-14,417,15318
MRT,2020-08-15,130,15448
MRT,2020-08-16,124,15572
MRT,2020-08-17,406,15978
MRT,2020-08-18,380,16358
MRT,2020-08-19,412,16770
MRT,2020-08-20,0,16770
MRT,2020-08-21,0,16770
MRT,2020-08-22,0,16770
MRT,2020-08-23,0,16770
MRT,2020-08-24,0,16770
MRT,2020-08-25,0,16770
MRT,2020-08-26,0,16770
MRT,2020-08-27,0,16770
MRT,2020-08-28,0,16770
MRT,2020-08-29,0,16770
MRT,2020-08-30,0,16770
MRT,2020-08-31,295,17065
MRT,2020-09-01,0,17065
MRT,2020-09-02,0,17065
MRT,2020-09-03,0,17065
MRT,2020-09-04,0,17065
MRT,2020-09-05,0,17065
MRT,2020-09-06,0,17065
MRT,2020-09-07,0,17065
MRT,2020-09-08,0,17065
MRT,2020-09-09,0,17065
MRT,2020-09-10,0,17065
MRT,2020-09-11,0,17065
MRT,2020-09-12,0,17065
MRT,2020-09-13,146,17211
MRT,2020-09-14,227,17438
MRT,2020-09-15,301,17739
MRT,2020-09-16,0,17739
MRT,2020-09-17,0,17739
MRT,2020-09-18,0,17739
MRT,2020-09-19,405,18144
MRT,2020-09-20,267,18411
MRT,2020-09-21,0,18411
MRT,2020-09-22,0,18411
MRT,2020-09-23,0,18411
MRT,2020-09-24,0,18411
MRT,2020-09-25,0,18411
MRT,2020-09-26,0,18411
MRT,2020-09-27,0,18411
MRT,2020-09-28,0,18411
MRT,2020-09-29,0,18411
MRT,2020-09-30,216,18627
MRT,2020-10-01,311,18938
MRT,2020-10-02,0,18938
MRT,2020-10-03,0,18938
MRT,2020-10-04,0,18938
MRT,2020-10-05,288,19226
MRT,2020-10-06,0,19226
MRT,2020-10-07,0,19226
MRT,2020-10-08,0,19226
MRT,2020-10-09,0,19226
MRT,2020-10-10,0,19226
MRT,2020-10-11,91,19317
MRT,2020-10-12,0,19317
MRT,2020-10-13,0,19317
MRT,2020-10-14,0,19317
MRT,2020-10-15,0,19317
MRT,2020-10-16,0,19317
MRT,2020-10-17,0,19317
MRT,2020-10-18,0,19317
MRT,2020-10-19,0,19317
MRT,2020-10-20,0,19317
MRT,2020-10-21,0,19317
MRT,2020-10-22,0,19317
MRT,2020-10-23,0,19317
MRT,2020-10-24,0,19317
MRT,2020-10-25,0,19317
MRT,2020-10-26,0,19317
MRT,2020-10-27,0,19317
MRT,2020-10-28,0,19317
MRT,2020-10-29,0,19317
MRT,2020-10-30,0,19317
MRT,2020-10-31,0,19317
MRT,2020-11-01,81,19398
MRT,2020-11-02,677,20075
MRT,2020-11-03,0,20075
MRT,2020-11-04,0,20075
MRT,2020-11-05,0,20075
MRT,2020-11-06,0,20075
MRT,2020-11-07,0,20075
MRT,2020-11-08,0,20075
MRT,2020-11-09,0,20075
MRT,2020-11-10,0,20075
MRT,2020-11-11,0,20075
MRT,2020-11-12,0,20075
MRT,2020-11-13,0,20075
MRT,2020-11-14,0,20075
MRT,2020-11-15,0,20075
MRT,2020-11-16,0,20075
MRT,2020-11-17,0,20075
MRT,2020-11-18,0,20075
MRT,2020-11-19,0,20075
MRT,2020-11-20,0,20075
MRT,2020-11-21,0,20075
MRT,2020-11-22,0,20075
MRT,2020-11-23,0,20075
MRT,2020-11-24,0,20075
MRT,2020-11-25,739,20814
MRT,2020-11-26,0,20814
MRT,2020-11-27,0,20814
MRT,2020-11-28,0,20814
MRT,2020-11-29,0,20814
MRT,2020-11-30,0,20814
MRT,2020-12-01,746,21560
MRT,2021-01-07,0,21560
MRT,2021-01-08,0,21560
MRT,2021-01-09,0,21560
MRT,2021-01-10,0,21560
MRT,2021-01-11,1195,22755
MRT,2021-01-12,0,22755
MRT,2021-01-13,0,22755
MRT,2021-01-14,0,22755
MRT,2021-01-15,0,22755
MRT,2021-01-16,0,22755
MRT,2021-01-17,0,22755
MRT,2021-01-18,0,22755
MRT,2021-01-19,0,22755
MRT,2021-01-20,0,22755
MRT,2021-01-21,0,22755
MRT,2021-01-22,0,22755
MRT,2021-01-23,0,22755
MRT,2021-01-24,0,22755
MRT,2021-01-25,0,22755
MRT,2021-01-26,0,22755
MRT,2021-01-27,0,22755
MRT,2021-01-28,0,22755
MRT,2021-01-29,0,22755
MRT,2021-01-30,0,22755
MRT,2021-01-31,0,22755
MRT,2021-02-01,0,22755
MRT,2021-02-02,0,22755
MRT,2021-02-03,0,22755
MRT,2021-02-04,0,22755
MRT,2021-02-05,0,22755
MRT,2021-02-06,674,23429
MRT,2021-02-07,0,23429
MRT,2021-02-08,0,23429
MRT,2021-02-09,0,23429
MRT,2021-02-10,0,23429
MRT,2021-02-11,0,23429
MRT,2021-02-12,0,23429
MRT,2021-02-13,0,23429
MRT,2021-02-14,0,23429
MRT,2021-02-15,0,23429
MRT,2021-02-16,0,23429
MRT,2021-02-17,0,23429
MRT,2021-02-18,0,23429
MRT,2021-02-19,0,23429
MRT,2021-02-20,0,23429
MRT,2021-02-21,0,23429
MRT,2021-02-22,0,23429
MRT,2021-02-23,0,23429
MRT,2021-02-24,0,23429
MRT,2021-02-25,0,23429
MRT,2021-02-26,0,23429
MRT,2021-02-27,0,23429
MRT,2021-02-28,0,23429
MRT,2021-03-01,0,23429
MRT,2021-03-02,0,23429
MRT,2021-03-03,0,23429
MRT,2021-03-04,0,23429
MRT,2021-03-05,0,23429
MRT,2021-03-06,0,23429
MRT,2021-03-07,0,23429
MRT,2021-03-08,0,23429
MRT,2021-03-09,0,23429
MRT,2021-03-10,0,23429
MRT,2021-03-11,0,23429
MRT,2021-03-12,0,23429
MRT,2021-03-13,0,23429
MRT,2021-03-14,0,23429
MRT,2021-03-15,0,23429
MRT,2021-03-16,0,23429
MRT,2021-03-17,0,23429
MRT,2021-03-18,0,23429
MRT,2021-03-19,0,23429
MRT,2021-03-20,0,23429
MRT,2021-03-21,0,23429
MRT,2021-03-22,0,23429
MRT,2021-03-23,0,23429
MRT,2021-03-24,0,23429
MRT,2021-03-25,0,23429
MRT,2021-03-26,0,23429
MRT,2021-03-27,0,23429
MRT,2021-03-28,0,23429
MRT,2021-03-29,0,23429
MRT,2021-03-30,0,23429
MRT,2021-03-31,0,23429
MRT,2021-04-01,0,23429
MRT,2021-04-02,0,23429
MRT,2021-04-03,0,23429
MRT,2021-04-04,0,23429
MEX,2020-01-01,26,26
MEX,2020-01-02,72,98
MEX,2020-01-03,89,187
MEX,2020-01-04,45,232
MEX,2020-01-05,81,313
MEX,2020-01-06,166,479
MEX,2020-01-07,185,664
MEX,2020-01-08,172,836
MEX,2020-01-09,189,1025
MEX,2020-01-10,151,1176
MEX,2020-01-11,45,1221
MEX,2020-01-12,129,1350
MEX,2020-01-13,226,1576
MEX,2020-01-14,241,1817
MEX,2020-01-15,266,2083
MEX,2020-01-16,230,2313
MEX,2020-01-17,186,2499
MEX,2020-01-18,69,2568
MEX,2020-01-19,122,2690
MEX,2020-01-20,294,2984
MEX,2020-01-21,276,3260
MEX,2020-01-22,291,3551
MEX,2020-01-23,265,3816
MEX,2020-01-24,210,4026
MEX,2020-01-25,106,4132
MEX,2020-01-26,159,4291
MEX,2020-01-27,279,4570
MEX,2020-01-28,247,4817
MEX,2020-01-29,211,5028
MEX,2020-01-30,232,5260
MEX,2020-01-31,152,5412
MEX,2020-02-01,66,5478
MEX,2020-02-02,103,5581
MEX,2020-02-03,141,5722
MEX,2020-02-04,255,5977
MEX,2020-02-05,234,6211
MEX,2020-02-06,231,6442
MEX,2020-02-07,173,6615
MEX,2020-02-08,68,6683
MEX,2020-02-09,130,6813
MEX,2020-02-10,330,7143
MEX,2020-02-11,247,7390
MEX,2020-02-12,263,7653
MEX,2020-02-13,194,7847
MEX,2020-02-14,164,8011
MEX,2020-02-15,76,8087
MEX,2020-02-16,103,8190
MEX,2020-02-17,247,8437
MEX,2020-02-18,255,8692
MEX,2020-02-19,187,8879
MEX,2020-02-20,177,9056
MEX,2020-02-21,131,9187
MEX,2020-02-22,54,9241
MEX,2020-02-23,111,9352
MEX,2020-02-24,212,9564
MEX,2020-02-25,267,9831
MEX,2020-02-26,205,10036
MEX,2020-02-27,200,10236
MEX,2020-02-28,220,10456
MEX,2020-02-29,85,10541
MEX,2020-03-01,144,10685
MEX,2020-03-02,280,10965
MEX,2020-03-03,287,11252
MEX,2020-03-04,238,11490
MEX,2020-03-05,226,11716
MEX,2020-03-06,172,11888
MEX,2020-03-07,78,11966
MEX,2020-03-08,113,12079
MEX,2020-03-09,241,12320
MEX,2020-03-10,255,12575
MEX,2020-03-11,318,12893
MEX,2020-03-12,383,13276
MEX,2020-03-13,439,13715
MEX,2020-03-14,222,13937
MEX,2020-03-15,245,14182
MEX,2020-03-16,366,14548
MEX,2020-03-17,720,15268
MEX,2020-03-18,786,16054
MEX,2020-03-19,841,16895
MEX,2020-03-20,758,17653
MEX,2020-03-21,495,18148
MEX,2020-03-22,416,18564
MEX,2020-03-23,1085,19649
MEX,2020-03-24,1373,21022
MEX,2020-03-25,1425,22447
MEX,2020-03-26,1385,23832
MEX,2020-03-27,1604,25436
MEX,2020-03-28,799,26235
MEX,2020-03-29,774,27009
MEX,2020-03-30,1679,28688
MEX,2020-03-31,1516,30204
MEX,2020-04-01,1634,31838
MEX,2020-04-02,1723,33561
MEX,2020-04-03,1777,35338
MEX,2020-04-04,1109,36447
MEX,2020-04-05,848,37295
MEX,2020-04-06,2085,39380
MEX,2020-04-07,2032,41412
MEX,2020-04-08,2240,43652
MEX,2020-04-09,1716,45368
MEX,2020-04-10,1983,47351
MEX,2020-04-11,1439,48790
MEX,2020-04-12,1232,50022
MEX,2020-04-13,2868,52890
MEX,2020-04-14,2955,55845
MEX,2020-04-15,2880,58725
MEX,2020-04-16,2771,61496
MEX,2020-04-17,3120,64616
MEX,2020-04-18,1707,66323
MEX,2020-04-19,1590,67913
MEX,2020-04-20,3719,71632
MEX,2020-04-21,3422,75054
MEX,2020-04-22,3331,78385
MEX,2020-04-23,3651,82036
MEX,2020-04-24,4091,86127
MEX,2020-04-25,2345,88472
MEX,2020-04-26,2054,90526
MEX,2020-04-27,4457,94983
MEX,2020-04-28,4553,99536
MEX,2020-04-29,4866,104402
MEX,2020-04-30,5202,109604
MEX,2020-05-01,3264,112868
MEX,2020-05-02,2954,115822
MEX,2020-05-03,2890,118712
MEX,2020-05-04,6037,124749
MEX,2020-05-05,5222,129971
MEX,2020-05-06,5799,135770
MEX,2020-05-07,5947,141717
MEX,2020-05-08,6277,147994
MEX,2020-05-09,3609,151603
MEX,2020-05-10,2896,154499
MEX,2020-05-11,7022,161521
MEX,2020-05-12,7171,168692
MEX,2020-05-13,7052,175744
MEX,2020-05-14,7362,183106
MEX,2020-05-15,7965,191071
MEX,2020-05-16,4303,195374
MEX,2020-05-17,2983,198357
MEX,2020-05-18,8658,207015
MEX,2020-05-19,7847,214862
MEX,2020-05-20,8466,223328
MEX,2020-05-21,8393,231721
MEX,2020-05-22,8715,240436
MEX,2020-05-23,4581,245017
MEX,2020-05-24,3721,248738
MEX,2020-05-25,9655,258393
MEX,2020-05-26,9199,267592
MEX,2020-05-27,9490,277082
MEX,2020-05-28,9027,286109
MEX,2020-05-29,9377,295486
MEX,2020-05-30,5388,300874
MEX,2020-05-31,3940,304814
MEX,2020-06-01,10677,315491
MEX,2020-06-02,9944,325435
MEX,2020-06-03,10439,335874
MEX,2020-06-04,10281,346155
MEX,2020-06-05,10747,356902
MEX,2020-06-06,5752,362654
MEX,2020-06-07,4282,366936
MEX,2020-06-08,11925,378861
MEX,2020-06-09,11838,390699
MEX,2020-06-10,11844,402543
MEX,2020-06-11,11444,413987
MEX,2020-06-12,11965,425952
MEX,2020-06-13,5838,431790
MEX,2020-06-14,4694,436484
MEX,2020-06-15,13353,449837
MEX,2020-06-16,12815,462652
MEX,2020-06-17,12233,474885
MEX,2020-06-18,12015,486900
MEX,2020-06-19,11988,498888
MEX,2020-06-20,6482,505370
MEX,2020-06-21,4251,509621
MEX,2020-06-22,12686,522307
MEX,2020-06-23,12940,535247
MEX,2020-06-24,12311,547558
MEX,2020-06-25,12714,560272
MEX,2020-06-26,13185,573457
MEX,2020-06-27,6856,580313
MEX,2020-06-28,5188,585501
MEX,2020-06-29,14786,600287
MEX,2020-06-30,14096,614383
MEX,2020-07-01,14893,629276
MEX,2020-07-02,13668,642944
MEX,2020-07-03,14095,657039
MEX,2020-07-04,6585,663624
MEX,2020-07-05,5301,668925
MEX,2020-07-06,15400,684325
MEX,2020-07-07,15323,699648
MEX,2020-07-08,14703,714351
MEX,2020-07-09,13956,728307
MEX,2020-07-10,14142,742449
MEX,2020-07-11,6971,749420
MEX,2020-07-12,5366,754786
MEX,2020-07-13,16560,771346
MEX,2020-07-14,15829,787175
MEX,2020-07-15,16950,804125
MEX,2020-07-16,16205,820330
MEX,2020-07-17,16303,836633
MEX,2020-07-18,8085,844718
MEX,2020-07-19,5535,850253
MEX,2020-07-20,17371,867624
MEX,2020-07-21,16558,884182
MEX,2020-07-22,16391,900573
MEX,2020-07-23,15795,916368
MEX,2020-07-24,15685,932053
MEX,2020-07-25,7486,939539
MEX,2020-07-26,5224,944763
MEX,2020-07-27,16127,960890
MEX,2020-07-28,16166,977056
MEX,2020-07-29,15294,992350
MEX,2020-07-30,15261,1007611
MEX,2020-07-31,14294,1021905
MEX,2020-08-01,7363,1029268
MEX,2020-08-02,4545,1033813
MEX,2020-08-03,14889,1048702
MEX,2020-08-04,15363,1064065
MEX,2020-08-05,14994,1079059
MEX,2020-08-06,14283,1093342
MEX,2020-08-07,14382,1107724
MEX,2020-08-08,6953,1114677
MEX,2020-08-09,4372,1119049
MEX,2020-08-10,15296,1134345
MEX,2020-08-11,15008,1149353
MEX,2020-08-12,14439,1163792
MEX,2020-08-13,14432,1178224
MEX,2020-08-14,14149,1192373
MEX,2020-08-15,6619,1198992
MEX,2020-08-16,4336,1203328
MEX,2020-08-17,14733,1218061
MEX,2020-08-18,15046,1233107
MEX,2020-08-19,14375,1247482
MEX,2020-08-20,13182,1260664
MEX,2020-08-21,14357,1275021
MEX,2020-08-22,6671,1281692
MEX,2020-08-23,4294,1285986
MEX,2020-08-24,14964,1300950
MEX,2020-08-25,14999,1315949
MEX,2020-08-26,16610,1332559
MEX,2020-08-27,15980,1348539
MEX,2020-08-28,15727,1364266
MEX,2020-08-29,7606,1371872
MEX,2020-08-30,4400,1376272
MEX,2020-08-31,15469,1391741
MEX,2020-09-01,16450,1408191
MEX,2020-09-02,16371,1424562
MEX,2020-09-03,15726,1440288
MEX,2020-09-04,15441,1455729
MEX,2020-09-05,6742,1462471
MEX,2020-09-06,4150,1466621
MEX,2020-09-07,15214,1481835
MEX,2020-09-08,16025,1497860
MEX,2020-09-09,15420,1513280
MEX,2020-09-10,15081,1528361
MEX,2020-09-11,14394,1542755
MEX,2020-09-12,6432,1549187
MEX,2020-09-13,3956,1553143
MEX,2020-09-14,15102,1568245
MEX,2020-09-15,11376,1579621
MEX,2020-09-16,4622,1584243
MEX,2020-09-17,15400,1599643
MEX,2020-09-18,14666,1614309
MEX,2020-09-19,6330,1620639
MEX,2020-09-20,3880,1624519
MEX,2020-09-21,14800,1639319
MEX,2020-09-22,15369,1654688
MEX,2020-09-23,14730,1669418
MEX,2020-09-24,13874,1683292
MEX,2020-09-25,13993,1697285
MEX,2020-09-26,6264,1703549
MEX,2020-09-27,3836,1707385
MEX,2020-09-28,15277,1722662
MEX,2020-09-29,15301,1737963
MEX,2020-09-30,14550,1752513
MEX,2020-10-01,13737,1766250
MEX,2020-10-02,13417,1779667
MEX,2020-10-03,5794,1785461
MEX,2020-10-04,3728,1789189
MEX,2020-10-05,13650,1802839
MEX,2020-10-06,14785,1817624
MEX,2020-10-07,14468,1832092
MEX,2020-10-08,13765,1845857
MEX,2020-10-09,13598,1859455
MEX,2020-10-10,6224,1865679
MEX,2020-10-11,4306,1869985
MEX,2020-10-12,15373,1885358
MEX,2020-10-13,16773,1902131
MEX,2020-10-14,15590,1917721
MEX,2020-10-15,14741,1932462
MEX,2020-10-16,15742,1948204
MEX,2020-10-17,6987,1955191
MEX,2020-10-18,4659,1959850
MEX,2020-10-19,18713,1978563
MEX,2020-10-20,19389,1997952
MEX,2020-10-21,18587,2016539
MEX,2020-10-22,18512,2035051
MEX,2020-10-23,18058,2053109
MEX,2020-10-24,7515,2060624
MEX,2020-10-25,4983,2065607
MEX,2020-10-26,20204,2085811
MEX,2020-10-27,20245,2106056
MEX,2020-10-28,19266,2125322
MEX,2020-10-29,18383,2143705
MEX,2020-10-30,16014,2159719
MEX,2020-10-31,6634,2166353
MEX,2020-11-01,4154,2170507
MEX,2020-11-02,10151,2180658
MEX,2020-11-03,18892,2199550
MEX,2020-11-04,18244,2217794
MEX,2020-11-05,18160,2235954
MEX,2020-11-06,16708,2252662
MEX,2020-11-07,7079,2259741
MEX,2020-11-08,4686,2264427
MEX,2020-11-09,20063,2284490
MEX,2020-11-10,19687,2304177
MEX,2020-11-11,18881,2323058
MEX,2020-11-12,18310,2341368
MEX,2020-11-13,17725,2359093
MEX,2020-11-14,7990,2367083
MEX,2020-11-15,4826,2371909
MEX,2020-11-16,5998,2377907
MEX,2020-11-17,21024,2398931
MEX,2020-11-18,19091,2418022
MEX,2020-11-19,17605,2435627
MEX,2020-11-20,19247,2454874
MEX,2020-11-21,9542,2464416
MEX,2020-11-22,5232,2469648
MEX,2020-11-23,22667,2492315
MEX,2020-11-24,24274,2516589
MEX,2020-11-25,23233,2539822
MEX,2020-11-26,23313,2563135
MEX,2020-11-27,23221,2586356
MEX,2020-11-28,11065,2597421
MEX,2020-11-29,5833,2603254
MEX,2020-11-30,26512,2629766
MEX,2020-12-01,28687,2658453
MEX,2020-12-02,29237,2687690
MEX,2020-12-03,29847,2717537
MEX,2020-12-04,29536,2747073
MEX,2020-12-05,15285,2762358
MEX,2020-12-06,5931,2768289
MEX,2020-12-07,32406,2800695
MEX,2020-12-08,31701,2832396
MEX,2020-12-09,32022,2864418
MEX,2020-12-10,33653,2898071
MEX,2020-12-11,32737,2930808
MEX,2020-12-12,15745,2946553
MEX,2020-12-13,6491,2953044
MEX,2020-12-14,34751,2987795
MEX,2020-12-15,33840,3021635
MEX,2020-12-16,33189,3054824
MEX,2020-12-17,32701,3087525
MEX,2020-12-18,33629,3121154
MEX,2020-12-19,17396,3138550
MEX,2020-12-20,6939,3145489
MEX,2020-12-21,37347,3182836
MEX,2020-12-22,35912,3218748
MEX,2020-12-23,34905,3253653
MEX,2020-12-24,26777,3280430
MEX,2020-12-25,4733,3285163
MEX,2020-12-26,12641,3297804
MEX,2020-12-27,7748,3305552
MEX,2020-12-28,40449,3346001
MEX,2020-12-29,40577,3386578
MEX,2020-12-30,38936,3425514
MEX,2020-12-31,30803,3456317
MEX,2021-01-01,5884,3462201
MEX,2021-01-02,14870,3477071
MEX,2021-01-03,9377,3486448
MEX,2021-01-04,42802,3529250
MEX,2021-01-05,43944,3573194
MEX,2021-01-06,43331,3616525
MEX,2021-01-07,45032,3661557
MEX,2021-01-08,43844,3705401
MEX,2021-01-09,22327,3727728
MEX,2021-01-10,10016,3737744
MEX,2021-01-11,48624,3786368
MEX,2021-01-12,46592,3832960
MEX,2021-01-13,45577,3878537
MEX,2021-01-14,46421,3924958
MEX,2021-01-15,44745,3969703
MEX,2021-01-16,23373,3993076
MEX,2021-01-17,9720,4002796
MEX,2021-01-18,48701,4051497
MEX,2021-01-19,48814,4100311
MEX,2021-01-20,46299,4146610
MEX,2021-01-21,45363,4191973
MEX,2021-01-22,46107,4238080
MEX,2021-01-23,23761,4261841
MEX,2021-01-24,9421,4271262
MEX,2021-01-25,47811,4319073
MEX,2021-01-26,47348,4366421
MEX,2021-01-27,46291,4412712
MEX,2021-01-28,43687,4456399
MEX,2021-01-29,40302,4496701
MEX,2021-01-30,20926,4517627
MEX,2021-01-31,7332,4524959
MEX,2021-02-01,11311,4536270
MEX,2021-02-02,40400,4576670
MEX,2021-02-03,37450,4614120
MEX,2021-02-04,36158,4650278
MEX,2021-02-05,35291,4685569
MEX,2021-02-06,16946,4702515
MEX,2021-02-07,6116,4708631
MEX,2021-02-08,36899,4745530
MEX,2021-02-09,33439,4778969
MEX,2021-02-10,31629,4810598
MEX,2021-02-11,29960,4840558
MEX,2021-02-12,30758,4871316
MEX,2021-02-13,13873,4885189
MEX,2021-02-14,5089,4890278
MEX,2021-02-15,29925,4920203
MEX,2021-02-16,27984,4948187
MEX,2021-02-17,26471,4974658
MEX,2021-02-18,26746,5001404
MEX,2021-02-19,26978,5028382
MEX,2021-02-20,11627,5040009
MEX,2021-02-21,5576,5045585
MEX,2021-02-22,31525,5077110
MEX,2021-02-23,29139,5106249
MEX,2021-02-24,27735,5133984
MEX,2021-02-25,27271,5161255
MEX,2021-02-26,28159,5189414
MEX,2021-02-27,11991,5201405
MEX,2021-02-28,5453,5206858
MEX,2021-03-01,30733,5237591
MEX,2021-03-02,27474,5265065
MEX,2021-03-03,26444,5291509
MEX,2021-03-04,24883,5316392
MEX,2021-03-05,25805,5342197
MEX,2021-03-06,10967,5353164
MEX,2021-03-07,5168,5358332
MEX,2021-03-08,26717,5385049
MEX,2021-03-09,24335,5409384
MEX,2021-03-10,23764,5433148
MEX,2021-03-11,23190,5456338
MEX,2021-03-12,23491,5479829
MEX,2021-03-13,10420,5490249
MEX,2021-03-14,4905,5495154
MEX,2021-03-15,6982,5502136
MEX,2021-03-16,26363,5528499
MEX,2021-03-17,23534,5552033
MEX,2021-03-18,22860,5574893
MEX,2021-03-19,22659,5597552
MEX,2021-03-20,9892,5607444
MEX,2021-03-21,5292,5612736
MEX,2021-03-22,24866,5637602
MEX,2021-03-23,23935,5661537
MEX,2021-03-24,22158,5683695
MEX,2021-03-25,22429,5706124
MEX,2021-03-26,21022,5727146
MEX,2021-03-27,10196,5737342
MEX,2021-03-28,5209,5742551
MEX,2021-03-29,23396,5765947
MEX,2021-03-30,22277,5788224
MEX,2021-03-31,20205,5808429
MEX,2021-04-01,8981,5817410
MEX,2021-04-02,6956,5824366
MEX,2021-04-03,5317,5829683
MEX,2021-04-04,4980,5834663
MEX,2021-04-05,24135,5858798
MEX,2021-04-06,22221,5881019
MEX,2021-04-07,22034,5903053
MEX,2021-04-08,22614,5925667
MEX,2021-04-09,21828,5947495
MEX,2021-04-10,10938,5958433
MEX,2021-04-11,5261,5963694
MEX,2021-04-12,25403,5989097
MEX,2021-04-13,23293,6012390
MEX,2021-04-14,21896,6034286
MEX,2021-04-15,21320,6055606
MEX,2021-04-16,20113,6075719
MEX,2021-04-17,8670,6084389
MEX,2021-04-18,4597,6088986
MEX,2021-04-19,22860,6111846
MEX,2021-04-20,21243,6133089
MEX,2021-04-21,21066,6154155
MEX,2021-04-22,19987,6174142
MEX,2021-04-23,19577,6193719
MEX,2021-04-24,9091,6202810
MEX,2021-04-25,4402,6207212
MEX,2021-04-26,21722,6228934
MEX,2021-04-27,19529,6248463
MEX,2021-04-28,19071,6267534
MEX,2021-04-29,17084,6284618
MEX,2021-04-30,15914,6300532
MEX,2021-05-01,4318,6304850
MEX,2021-05-02,3972,6308822
MEX,2021-05-03,18928,6327750
MEX,2021-05-04,18181,6345931
MEX,2021-05-05,15995,6361926
MEX,2021-05-06,17838,6379764
MEX,2021-05-07,16789,6396553
MEX,2021-05-08,7370,6403923
MEX,2021-05-09,3978,6407901
MEX,2021-05-10,9226,6417127
MEX,2021-05-11,18698,6435825
MEX,2021-05-12,16414,6452239
MEX,2021-05-13,15078,6467317
MEX,2021-05-14,15003,6482320
MEX,2021-05-15,6954,6489274
MEX,2021-05-16,4102,6493376
MEX,2021-05-17,16591,6509967
MEX,2021-05-18,16175,6526142
MEX,2021-05-19,15773,6541915
MEX,2021-05-20,14778,6556693
MEX,2021-05-21,14975,6571668
MEX,2021-05-22,6629,6578297
MEX,2021-05-23,3957,6582254
MEX,2021-05-24,16187,6598441
MEX,2021-05-25,14920,6613361
MEX,2021-05-26,13991,6627352
MEX,2021-05-27,13868,6641220
MEX,2021-05-28,14010,6655230
MEX,2021-05-29,5329,6660559
MEX,2021-05-30,3817,6664376
MEX,2021-05-31,15613,6679989
MEX,2021-06-01,14391,6694380
MEX,2021-06-02,13822,6708202
MEX,2021-06-03,13638,6721840
MEX,2021-06-04,13783,6735623
MEX,2021-06-05,5743,6741366
MEX,2021-06-06,3031,6744397
MEX,2021-06-07,16720,6761117
MEX,2021-06-08,16380,6777497
MEX,2021-06-09,15933,6793430
MEX,2021-06-10,15371,6808801
MEX,2021-06-11,15287,6824088
MEX,2021-06-12,6479,6830567
MEX,2021-06-13,4170,6834737
MEX,2021-06-14,17470,6852207
MEX,2021-06-15,16601,6868808
MEX,2021-06-16,16799,6885607
MEX,2021-06-17,16393,6902000
MEX,2021-06-18,16313,6918313
MEX,2021-06-19,6767,6925080
MEX,2021-06-20,4512,6929592
MEX,2021-06-21,18842,6948434
MEX,2021-06-22,18787,6967221
MEX,2021-06-23,18555,6985776
MEX,2021-06-24,16464,7002240
MEX,2021-06-25,12863,7015103
MEX,2021-06-26,4940,7020043
MEX,2021-06-27,1875,7021918
MDA,2021-05-17,0,0
MDA,2021-05-18,0,0
MDA,2021-05-19,0,0
MDA,2021-05-20,0,0
MDA,2021-05-21,6005,6005
MDA,2021-05-22,0,6005
MDA,2021-05-23,0,6005
MDA,2021-05-24,4687,10692
MDA,2021-05-25,0,10692
MDA,2021-05-26,0,10692
MDA,2021-05-27,4575,15267
MDA,2021-05-28,6438,21705
MDA,2021-05-29,0,21705
MDA,2021-05-30,0,21705
MDA,2021-05-31,2593,24298
MDA,2021-06-01,2644,26942
MDA,2021-06-02,5440,32382
MDA,2021-06-03,0,32382
MDA,2021-06-04,0,32382
MDA,2021-06-05,0,32382
MDA,2021-06-06,0,32382
MDA,2021-06-07,0,32382
MDA,2021-06-08,0,32382
MDA,2021-06-09,0,32382
MDA,2021-06-10,0,32382
MDA,2021-06-11,0,32382
MDA,2021-06-12,0,32382
MDA,2021-06-13,0,32382
MDA,2021-06-14,0,32382
MDA,2021-06-15,0,32382
MDA,2021-06-16,0,32382
MDA,2021-06-17,0,32382
MDA,2021-06-18,0,32382
MDA,2021-06-19,0,32382
MDA,2021-06-20,0,32382
MDA,2021-06-21,0,32382
MDA,2021-06-22,0,32382
MDA,2021-06-23,0,32382
MDA,2021-06-24,0,32382
MDA,2021-06-25,0,32382
MDA,2021-06-26,0,32382
MDA,2021-06-27,0,32382
MDA,2021-06-28,0,32382
MDA,2021-06-29,0,32382
MNG,2020-11-11,0,0
MNG,2020-11-12,644,644
MNG,2020-11-13,1030,1674
MNG,2020-11-14,820,2494
MNG,2020-11-15,814,3308
MNG,2020-11-16,1818,5126
MNG,2020-11-17,1762,6888
MNG,2020-11-18,1643,8531
MNG,2020-11-19,1390,9921
MNG,2020-11-20,3625,13546
MNG,2020-11-21,1681,15227
MNG,2020-11-22,1305,16532
MNG,2020-11-23,3011,19543
MNG,2020-11-24,4335,23878
MNG,2020-11-25,3011,26889
MNG,2020-11-26,4176,31065
MNG,2020-11-27,18031,49096
MNG,2020-11-28,11929,61025
MNG,2020-11-29,9513,70538
MNG,2020-11-30,10308,80846
MNG,2020-12-01,12116,92962
MNG,2020-12-02,12015,104977
MNG,2020-12-03,16530,121507
MNG,2020-12-04,19680,141187
MNG,2020-12-05,20240,161427
MNG,2020-12-06,14019,175446
MNG,2020-12-07,23341,198787
MNG,2020-12-08,27488,226275
MNG,2020-12-09,24024,250299
MNG,2020-12-10,21470,271769
MNG,2020-12-11,20633,292402
MNG,2020-12-12,17529,309931
MNG,2020-12-13,14987,324918
MNG,2020-12-14,8574,333492
MNG,2020-12-15,10949,344441
MNG,2020-12-16,12711,357152
MNG,2020-12-17,10559,367711
MNG,2020-12-18,9070,376781
MNG,2020-12-19,11191,387972
MNG,2020-12-20,8416,396388
MNG,2020-12-21,5961,402349
MNG,2020-12-22,12357,414706
MNG,2020-12-23,4134,418840
MNG,2020-12-24,11800,430640
MNG,2020-12-25,8863,439503
MNG,2020-12-26,14227,453730
MNG,2020-12-27,14646,468376
MNG,2020-12-28,8894,477270
MNG,2020-12-29,14035,491305
MNG,2020-12-30,0,491305
MNG,2020-12-31,0,491305
MNG,2021-01-01,17764,509069
MNG,2021-01-02,11152,520221
MNG,2021-01-03,5807,526028
MNG,2021-01-04,13621,539649
MNG,2021-01-05,11581,551230
MNG,2021-01-06,16377,567607
MNG,2021-01-07,12200,579807
MNG,2021-01-08,14225,594032
MNG,2021-01-09,13773,607805
MNG,2021-01-10,22993,630798
MNG,2021-01-11,14216,645014
MNG,2021-01-12,15849,660863
MNG,2021-01-13,16975,677838
MNG,2021-01-14,15899,693737
MNG,2021-01-15,16854,710591
MNG,2021-01-16,18487,729078
MNG,2021-01-17,15342,744420
MNG,2021-01-18,9115,753535
MNG,2021-01-19,17646,771181
MNG,2021-01-20,13318,784499
MNG,2021-01-21,12940,797439
MNG,2021-01-22,0,797439
MNG,2021-01-23,0,797439
MNG,2021-01-24,12848,810287
MNG,2021-01-25,7065,817352
MNG,2021-01-26,12039,829391
MNG,2021-01-27,12703,842094
MNG,2021-01-28,15202,857296
MNG,2021-01-29,12885,870181
MNG,2021-01-30,14495,884676
MNG,2021-01-31,11202,895878
MNG,2021-02-01,5433,901311
MNG,2021-02-02,9415,910726
MNG,2021-02-03,15897,926623
MNG,2021-02-04,16960,943583
MNG,2021-02-05,14283,957866
MNG,2021-02-06,20853,978719
MNG,2021-02-07,14978,993697
MNG,2021-02-08,12252,1005949
MNG,2021-02-09,18871,1024820
MNG,2021-02-10,25245,1050065
MNG,2021-02-11,57833,1107898
MNG,2021-02-12,30468,1138366
MNG,2021-02-13,30287,1168653
MNG,2021-02-14,38450,1207103
MNG,2021-02-15,28851,1235954
MNG,2021-02-16,37530,1273484
MNG,2021-02-17,38409,1311893
MNG,2021-02-18,40217,1352110
MNG,2021-02-19,47110,1399220
MNG,2021-02-20,43667,1442887
MNG,2021-02-21,44018,1486905
MNG,2021-02-22,36903,1523808
MNG,2021-02-23,42920,1566728
MNG,2021-02-24,26058,1592786
MNG,2021-02-25,16777,1609563
MNG,2021-02-26,9927,1619490
MNG,2021-02-27,15155,1634645
MNG,2021-02-28,9958,1644603
MNG,2021-03-01,20554,1665157
MNG,2021-03-02,13108,1678265
MNG,2021-03-03,17529,1695794
MNG,2021-03-04,19507,1715301
MNG,2021-03-05,13206,1728507
MNG,2021-03-06,24803,1753310
MNG,2021-03-07,21626,1774936
MNG,2021-03-08,13269,1788205
MNG,2021-03-09,6465,1794670
MNG,2021-03-10,11170,1805840
MNG,2021-03-11,21585,1827425
MNG,2021-03-12,19341,1846766
MNG,2021-03-13,19318,1866084
MNG,2021-03-14,17894,1883978
MNG,2021-03-15,9410,1893388
MNG,2021-03-16,11185,1904573
MNG,2021-03-17,16800,1921373
MNG,2021-03-18,17044,1938417
MNG,2021-03-19,7438,1945855
MNG,2021-03-20,15293,1961148
MNG,2021-03-21,19569,1980717
MNG,2021-03-22,0,1980717
MNG,2021-03-23,0,1980717
MNG,2021-03-24,12605,1993322
MNG,2021-03-25,13456,2006778
MNG,2021-03-26,14936,2021714
MNG,2021-03-27,17000,2038714
MNG,2021-03-28,13057,2051771
MNG,2021-03-29,13614,2065385
MNG,2021-03-30,14218,2079603
MNG,2021-03-31,10652,2090255
MNG,2021-04-01,20489,2110744
MNG,2021-04-02,11876,2122620
MNG,2021-04-03,17537,2140157
MNG,2021-04-04,12235,2152392
MNG,2021-04-05,9804,2162196
MNG,2021-04-06,13424,2175620
MNG,2021-04-07,17644,2193264
MNG,2021-04-08,11643,2204907
MNG,2021-04-09,12787,2217694
MNG,2021-04-10,18705,2236399
MNG,2021-04-11,57220,2293619
MNG,2021-04-12,33591,2327210
MNG,2021-04-13,13100,2340310
MNG,2021-04-14,0,2340310
MNG,2021-04-15,0,2340310
MNG,2021-04-16,0,2340310
MNG,2021-04-17,0,2340310
MNG,2021-04-18,0,2340310
MNG,2021-04-19,12463,2352773
MNG,2021-04-20,10431,2363204
MNG,2021-04-21,15442,2378646
MNG,2021-04-22,14434,2393080
MNG,2021-04-23,10109,2403189
MNG,2021-04-24,13694,2416883
MNG,2021-04-25,13058,2429941
MNG,2021-04-26,8644,2438585
MNG,2021-04-27,10573,2449158
MNG,2021-04-28,12715,2461873
MNG,2021-04-29,11145,2473018
MNG,2021-04-30,11069,2484087
MNG,2021-05-01,13011,2497098
MNG,2021-05-02,8522,2505620
MNG,2021-05-03,7832,2513452
MNG,2021-05-04,8448,2521900
MNG,2021-05-05,9477,2531377
MNG,2021-05-06,9253,2540630
MNG,2021-05-07,8485,2549115
MNG,2021-05-08,9908,2559023
MNG,2021-05-09,7421,2566444
MNG,2021-05-10,5250,2571694
MNG,2021-05-11,7594,2579288
MNG,2021-05-12,7500,2586788
MNG,2021-05-13,7703,2594491
MNG,2021-05-14,7419,2601910
MNG,2021-05-15,6829,2608739
MNG,2021-05-16,4764,2613503
MNG,2021-05-17,5918,2619421
MNG,2021-05-18,7791,2627212
MNG,2021-05-19,9023,2636235
MNG,2021-05-20,8133,2644368
MNG,2021-05-21,6885,2651253
MNG,2021-05-22,9015,2660268
MNG,2021-05-23,7788,2668056
MNG,2021-05-24,5849,2673905
MNG,2021-05-25,8016,2681921
MNG,2021-05-26,7881,2689802
MNG,2021-05-27,6237,2696039
MNG,2021-05-28,7339,2703378
MNG,2021-05-29,8612,2711990
MNG,2021-05-30,7837,2719827
MNG,2021-05-31,5989,2725816
MNG,2021-06-01,8618,2734434
MNG,2021-06-02,7102,2741536
MNG,2021-06-03,9401,2750937
MNG,2021-06-04,11032,2761969
MNG,2021-06-05,10772,2772741
MNG,2021-06-06,7501,2780242
MNG,2021-06-07,6248,2786490
MNG,2021-06-08,9631,2796121
MNG,2021-06-09,8500,2804621
MNG,2021-06-10,9596,2814217
MNG,2021-06-11,10653,2824870
MNG,2021-06-12,11521,2836391
MNG,2021-06-13,10963,2847354
MNG,2021-06-14,10790,2858144
MNG,2021-06-15,11557,2869701
MNG,2021-06-16,13673,2883374
MNG,2021-06-17,11540,2894914
MNG,2021-06-18,11758,2906672
MNG,2021-06-19,12865,2919537
MNG,2021-06-20,10600,2930137
MNG,2021-06-21,11273,2941410
MNG,2021-06-22,11765,2953175
MAR,2020-02-07,0,0
MAR,2020-02-08,0,0
MAR,2020-02-09,0,0
MAR,2020-02-10,0,0
MAR,2020-02-11,0,0
MAR,2020-02-12,0,0
MAR,2020-02-13,0,0
MAR,2020-02-14,0,0
MAR,2020-02-15,0,0
MAR,2020-02-16,0,0
MAR,2020-02-17,0,0
MAR,2020-02-18,0,0
MAR,2020-02-19,0,0
MAR,2020-02-20,0,0
MAR,2020-02-21,0,0
MAR,2020-02-22,0,0
MAR,2020-02-23,1,1
MAR,2020-02-24,1,2
MAR,2020-02-25,1,3
MAR,2020-02-26,2,5
MAR,2020-02-27,2,7
MAR,2020-02-28,0,7
MAR,2020-02-29,0,7
MAR,2020-03-01,0,7
MAR,2020-03-02,0,7
MAR,2020-03-03,4,11
MAR,2020-03-04,2,13
MAR,2020-03-05,7,20
MAR,2020-03-06,10,30
MAR,2020-03-07,5,35
MAR,2020-03-08,0,35
MAR,2020-03-09,0,35
MAR,2020-03-10,4,39
MAR,2020-03-11,0,39
MAR,2020-03-12,0,39
MAR,2020-03-13,4,43
MAR,2020-03-14,29,72
MAR,2020-03-15,0,72
MAR,2020-03-16,0,72
MAR,2020-03-17,38,110
MAR,2020-03-18,90,200
MAR,2020-03-19,53,253
MAR,2020-03-20,94,347
MAR,2020-03-21,73,420
MAR,2020-03-22,90,510
MAR,2020-03-23,159,669
MAR,2020-03-24,69,738
MAR,2020-03-25,140,878
MAR,2020-03-26,211,1089
MAR,2020-03-27,562,1651
MAR,2020-03-28,208,1859
MAR,2020-03-29,297,2156
MAR,2020-03-30,478,2634
MAR,2020-03-31,149,2783
MAR,2020-04-01,445,3228
MAR,2020-04-02,279,3507
MAR,2020-04-03,286,3793
MAR,2020-04-04,411,4204
MAR,2020-04-05,527,4731
MAR,2020-04-06,256,4987
MAR,2020-04-07,333,5320
MAR,2020-04-08,315,5635
MAR,2020-04-09,631,6266
MAR,2020-04-10,856,7122
MAR,2020-04-11,709,7831
MAR,2020-04-12,656,8487
MAR,2020-04-13,524,9011
MAR,2020-04-14,794,9805
MAR,2020-04-15,728,10533
MAR,2020-04-16,1346,11879
MAR,2020-04-17,956,12835
MAR,2020-04-18,737,13572
MAR,2020-04-19,1434,15006
MAR,2020-04-20,1263,16269
MAR,2020-04-21,1714,17983
MAR,2020-04-22,1785,19768
MAR,2020-04-23,2062,21830
MAR,2020-04-24,1986,23816
MAR,2020-04-25,1510,25326
MAR,2020-04-26,1956,27282
MAR,2020-04-27,1855,29137
MAR,2020-04-28,1996,31133
MAR,2020-04-29,1680,32813
MAR,2020-04-30,1911,34724
MAR,2020-05-01,2165,36889
MAR,2020-05-02,2361,39250
MAR,2020-05-03,2745,41995
MAR,2020-05-04,3190,45185
MAR,2020-05-05,4268,49453
MAR,2020-05-06,3388,52841
MAR,2020-05-07,3534,56375
MAR,2020-05-08,3379,59754
MAR,2020-05-09,3188,62942
MAR,2020-05-10,2865,65807
MAR,2020-05-11,3056,68863
MAR,2020-05-12,2835,71698
MAR,2020-05-13,4055,75753
MAR,2020-05-14,2052,77805
MAR,2020-05-15,3694,81499
MAR,2020-05-16,3388,84887
MAR,2020-05-17,4953,89840
MAR,2020-05-18,5579,95419
MAR,2020-05-19,4831,100250
MAR,2020-05-20,5637,105887
MAR,2020-05-21,6993,112880
MAR,2020-05-22,10405,123285
MAR,2020-05-23,10159,133444
MAR,2020-05-24,9321,142765
MAR,2020-05-25,9321,152086
MAR,2020-05-26,9162,161248
MAR,2020-05-27,9348,170596
MAR,2020-05-28,9476,180072
MAR,2020-05-29,9872,189944
MAR,2020-05-30,9937,199881
MAR,2020-05-31,9141,209022
MAR,2020-06-01,12415,221437
MAR,2020-06-02,13097,234534
MAR,2020-06-03,13173,247707
MAR,2020-06-04,13186,260893
MAR,2020-06-05,14339,275232
MAR,2020-06-06,14108,289340
MAR,2020-06-07,16496,305836
MAR,2020-06-08,16750,322586
MAR,2020-06-09,16868,339454
MAR,2020-06-10,16480,355934
MAR,2020-06-11,16540,372474
MAR,2020-06-12,16551,389025
MAR,2020-06-13,16756,405781
MAR,2020-06-14,16622,422403
MAR,2020-06-15,16752,439155
MAR,2020-06-16,16496,455651
MAR,2020-06-17,15968,471619
MAR,2020-06-18,17211,488830
MAR,2020-06-19,16689,505519
MAR,2020-06-20,16530,522049
MAR,2020-06-21,16025,538074
MAR,2020-06-22,18504,556578
MAR,2020-06-23,18481,575059
MAR,2020-06-24,16581,591640
MAR,2020-06-25,0,591640
MAR,2020-06-26,0,591640
MAR,2020-06-27,13059,604699
MAR,2020-06-28,12701,617400
MAR,2020-06-29,16619,634019
MAR,2020-06-30,18377,652396
MAR,2020-07-01,16937,669333
MAR,2020-07-02,17725,687058
MAR,2020-07-03,16641,703699
MAR,2020-07-04,15955,719654
MAR,2020-07-05,17131,736785
MAR,2020-07-06,18059,754844
MAR,2020-07-07,17690,772534
MAR,2020-07-08,17795,790329
MAR,2020-07-09,16140,806469
MAR,2020-07-10,13833,820302
MAR,2020-07-11,15497,835799
MAR,2020-07-12,14032,849831
MAR,2020-07-13,18012,867843
MAR,2020-07-14,18502,886345
MAR,2020-07-15,18908,905253
MAR,2020-07-16,19667,924920
MAR,2020-07-17,19689,944609
MAR,2020-07-18,17110,961719
MAR,2020-07-19,18812,980531
MAR,2020-07-20,18447,998978
MAR,2020-07-21,19033,1018011
MAR,2020-07-22,19027,1037038
MAR,2020-07-23,19657,1056695
MAR,2020-07-24,19781,1076476
MAR,2020-07-25,20942,1097418
MAR,2020-07-26,20960,1118378
MAR,2020-07-27,20940,1139318
MAR,2020-07-28,20688,1160006
MAR,2020-07-29,21234,1181240
MAR,2020-07-30,21160,1202400
MAR,2020-07-31,21170,1223570
MAR,2020-08-01,21574,1245144
MAR,2020-08-02,21255,1266399
MAR,2020-08-03,21667,1288066
MAR,2020-08-04,22128,1310194
MAR,2020-08-05,22561,1332755
MAR,2020-08-06,22266,1355021
MAR,2020-08-07,21343,1376364
MAR,2020-08-08,22476,1398840
MAR,2020-08-09,22333,1421173
MAR,2020-08-10,22127,1443300
MAR,2020-08-11,22001,1465301
MAR,2020-08-12,22306,1487607
MAR,2020-08-13,22118,1509725
MAR,2020-08-14,22007,1531732
MAR,2020-08-15,22707,1554439
MAR,2020-08-16,22379,1576818
MAR,2020-08-17,21197,1598015
MAR,2020-08-18,21918,1619933
MAR,2020-08-19,21841,1641774
MAR,2020-08-20,21836,1663610
MAR,2020-08-21,22178,1685788
MAR,2020-08-22,22393,1708181
MAR,2020-08-23,21894,1730075
MAR,2020-08-24,21110,1751185
MAR,2020-08-25,22190,1773375
MAR,2020-08-26,22081,1795456
MAR,2020-08-27,22009,1817465
MAR,2020-08-28,22285,1839750
MAR,2020-08-29,22419,1862169
MAR,2020-08-30,22001,1884170
MAR,2020-08-31,21369,1905539
MAR,2020-09-01,22082,1927621
MAR,2020-09-02,22424,1950045
MAR,2020-09-03,22284,1972329
MAR,2020-09-04,22802,1995131
MAR,2020-09-05,22570,2017701
MAR,2020-09-06,23557,2041258
MAR,2020-09-07,22238,2063496
MAR,2020-09-08,23099,2086595
MAR,2020-09-09,22774,2109369
MAR,2020-09-10,22634,2132003
MAR,2020-09-11,23468,2155471
MAR,2020-09-12,23130,2178601
MAR,2020-09-13,22673,2201274
MAR,2020-09-14,21694,2222968
MAR,2020-09-15,22279,2245247
MAR,2020-09-16,21769,2267016
MAR,2020-09-17,0,2267016
MAR,2020-09-18,0,2267016
MAR,2020-09-19,23874,2290890
MAR,2020-09-20,22934,2313824
MAR,2020-09-21,21461,2335285
MAR,2020-09-22,23293,2358578
MAR,2020-09-23,23504,2382082
MAR,2020-09-24,23778,2405860
MAR,2020-09-25,24000,2429860
MAR,2020-09-26,24246,2454106
MAR,2020-09-27,23953,2478059
MAR,2020-09-28,22307,2500366
MAR,2020-09-29,22829,2523195
MAR,2020-09-30,22828,2546023
MAR,2020-10-01,22546,2568569
MAR,2020-10-02,22598,2591167
MAR,2020-10-03,22678,2613845
MAR,2020-10-04,22067,2635912
MAR,2020-10-05,20704,2656616
MAR,2020-10-06,21975,2678591
MAR,2020-10-07,24483,2703074
MAR,2020-10-08,25126,2728200
MAR,2020-10-09,25162,2753362
MAR,2020-10-10,25131,2778493
MAR,2020-10-11,23718,2802211
MAR,2020-10-12,20309,2822520
MAR,2020-10-13,24200,2846720
MAR,2020-10-14,24448,2871168
MAR,2020-10-15,23428,2894596
MAR,2020-10-16,23601,2918197
MAR,2020-10-17,24000,2942197
MAR,2020-10-18,22693,2964890
MAR,2020-10-19,21038,2985928
MAR,2020-10-20,23309,3009237
MAR,2020-10-21,22902,3032139
MAR,2020-10-22,23336,3055475
MAR,2020-10-23,22705,3078180
MAR,2020-10-24,22778,3100958
MAR,2020-10-25,21368,3122326
MAR,2020-10-26,20361,3142687
MAR,2020-10-27,22780,3165467
MAR,2020-10-28,22086,3187553
MAR,2020-10-29,22201,3209754
MAR,2020-10-30,20278,3230032
MAR,2020-10-31,21327,3251359
MAR,2020-11-01,21222,3272581
MAR,2020-11-02,19799,3292380
MAR,2020-11-03,20871,3313251
MAR,2020-11-04,21511,3334762
MAR,2020-11-05,20807,3355569
MAR,2020-11-06,20591,3376160
MAR,2020-11-07,19993,3396153
MAR,2020-11-08,19870,3416023
MAR,2020-11-09,19103,3435126
MAR,2020-11-10,20983,3456109
MAR,2020-11-11,21727,3477836
MAR,2020-11-12,23565,3501401
MAR,2020-11-13,23704,3525105
MAR,2020-11-14,23123,3548228
MAR,2020-11-15,22811,3571039
MAR,2020-11-16,18332,3589371
MAR,2020-11-17,23563,3612934
MAR,2020-11-18,22819,3635753
MAR,2020-11-19,22490,3658243
MAR,2020-11-20,20190,3678433
MAR,2020-11-21,22954,3701387
MAR,2020-11-22,20198,3721585
MAR,2020-11-23,17566,3739151
MAR,2020-11-24,19107,3758258
MAR,2020-11-25,20953,3779211
MAR,2020-11-26,21428,3800639
MAR,2020-11-27,22017,3822656
MAR,2020-11-28,22223,3844879
MAR,2020-11-29,19180,3864059
MAR,2020-11-30,14550,3878609
MAR,2020-12-01,20885,3899494
MAR,2020-12-02,21100,3920594
MAR,2020-12-03,21106,3941700
MAR,2020-12-04,21610,3963310
MAR,2020-12-05,20150,3983460
MAR,2020-12-06,15700,3999160
MAR,2020-12-07,11985,4011145
MAR,2020-12-08,17046,4028191
MAR,2020-12-09,19181,4047372
MAR,2020-12-10,19179,4066551
MAR,2020-12-11,19227,4085778
MAR,2020-12-12,18550,4104328
MAR,2020-12-13,15141,4119469
MAR,2020-12-14,9652,4129121
MAR,2020-12-15,16495,4145616
MAR,2020-12-16,16782,4162398
MAR,2020-12-17,17010,4179408
MAR,2020-12-18,15160,4194568
MAR,2020-12-19,17781,4212349
MAR,2020-12-20,13356,4225705
MAR,2020-12-21,7131,4232836
MAR,2020-12-22,14862,4247698
MAR,2020-12-23,15965,4263663
MAR,2020-12-24,15500,4279163
MAR,2020-12-25,15117,4294280
MAR,2020-12-26,14850,4309130
MAR,2020-12-27,10409,4319539
MAR,2020-12-28,9578,4329117
MAR,2020-12-29,17466,4346583
MAR,2020-12-30,17806,4364389
MAR,2020-12-31,17669,4382058
MAR,2021-01-01,16355,4398413
MAR,2021-01-02,13280,4411693
MAR,2021-01-03,12450,4424143
MAR,2021-01-04,7858,4432001
MAR,2021-01-05,17131,4449132
MAR,2021-01-06,16953,4466085
MAR,2021-01-07,18378,4484463
MAR,2021-01-08,17544,4502007
MAR,2021-01-09,21574,4523581
MAR,2021-01-10,15268,4538849
MAR,2021-01-11,6883,4545732
MAR,2021-01-12,10354,4556086
MAR,2021-01-13,18017,4574103
MAR,2021-01-14,19860,4593963
MAR,2021-01-15,20621,4614584
MAR,2021-01-16,19823,4634407
MAR,2021-01-17,16372,4650779
MAR,2021-01-18,7828,4658607
MAR,2021-01-19,15970,4674577
MAR,2021-01-20,15514,4690091
MAR,2021-01-21,15995,4706086
MAR,2021-01-22,15833,4721919
MAR,2021-01-23,16330,4738249
MAR,2021-01-24,9082,4747331
MAR,2021-01-25,5779,4753110
MAR,2021-01-26,12060,4765170
MAR,2021-01-27,13477,4778647
MAR,2021-01-28,641,4779288
MAR,2021-01-29,14099,4793387
MAR,2021-01-30,14415,4807802
MAR,2021-01-31,21740,4829542
MAR,2021-02-01,4970,4834512
MAR,2021-02-02,11202,4845714
MAR,2021-02-03,12651,4858365
MAR,2021-02-04,0,4858365
MAR,2021-02-05,0,4858365
MAR,2021-02-06,13593,4871958
MAR,2021-02-07,8346,4880304
MAR,2021-02-08,5120,4885424
MAR,2021-02-09,9378,4894802
MAR,2021-02-10,10840,4905642
MAR,2021-02-11,10456,4916098
MAR,2021-02-12,11125,4927223
MAR,2021-02-13,10958,4938181
MAR,2021-02-14,7779,4945960
MAR,2021-02-15,4367,4950327
MAR,2021-02-16,8950,4959277
MAR,2021-02-17,9601,4968878
MAR,2021-02-18,10589,4979467
MAR,2021-02-19,9886,4989353
MAR,2021-02-20,9972,4999325
MAR,2021-02-21,7788,5007113
MAR,2021-02-22,4890,5012003
MAR,2021-02-23,8507,5020510
MAR,2021-02-24,9351,5029861
MAR,2021-02-25,10478,5040339
MAR,2021-02-26,11509,5051848
MAR,2021-02-27,12003,5063851
MAR,2021-02-28,0,5063851
MAR,2021-03-01,0,5063851
MAR,2021-03-02,0,5063851
MAR,2021-03-03,10654,5074505
MAR,2021-03-04,13020,5087525
MAR,2021-03-05,12288,5099813
MAR,2021-03-06,11672,5111485
MAR,2021-03-07,8624,5120109
MAR,2021-03-08,4184,5124293
MAR,2021-03-09,9295,5133588
MAR,2021-03-10,10968,5144556
MAR,2021-03-11,12344,5156900
MAR,2021-03-12,13082,5169982
MAR,2021-03-13,11923,5181905
MAR,2021-03-14,7605,5189510
MAR,2021-03-15,3519,5193029
MAR,2021-03-16,10809,5203838
MAR,2021-03-17,9960,5213798
MAR,2021-03-18,10285,5224083
MAR,2021-03-19,10281,5234364
MAR,2021-03-20,11678,5246042
MAR,2021-03-21,6358,5252400
MAR,2021-03-22,4429,5256829
MAR,2021-03-23,9786,5266615
MAR,2021-03-24,10064,5276679
MAR,2021-03-25,11564,5288243
MAR,2021-03-26,12072,5300315
MAR,2021-03-27,12594,5312909
MAR,2021-03-28,7945,5320854
MAR,2021-03-29,4206,5325060
MAR,2021-03-30,11935,5336995
MAR,2021-03-31,13297,5350292
MAR,2021-04-01,0,5350292
MAR,2021-04-02,0,5350292
MAR,2021-04-03,14348,5364640
MAR,2021-04-04,7404,5372044
MAR,2021-04-05,4027,5376071
MAR,2021-04-06,11988,5388059
MAR,2021-04-07,13782,5401841
MAR,2021-04-08,13757,5415598
MAR,2021-04-09,13298,5428896
MAR,2021-04-10,11627,5440523
MAR,2021-04-11,8998,5449521
MAR,2021-04-12,4977,5454498
MAR,2021-04-13,9620,5464118
MAR,2021-04-14,9584,5473702
MAR,2021-04-15,9817,5483519
MAR,2021-04-16,8842,5492361
MAR,2021-04-17,10027,5502388
MAR,2021-04-18,5492,5507880
MAR,2021-04-19,3587,5511467
MAR,2021-04-20,8468,5519935
MAR,2021-04-21,9411,5529346
MAR,2021-04-22,8762,5538108
MAR,2021-04-23,8942,5547050
MAR,2021-04-24,9028,5556078
MAR,2021-04-25,6670,5562748
MAR,2021-04-26,3689,5566437
MAR,2021-04-27,8532,5574969
MAR,2021-04-28,8588,5583557
MAR,2021-04-29,8994,5592551
MAR,2021-04-30,8419,5600970
MAR,2021-05-01,8007,5608977
MAR,2021-05-02,7668,5616645
MAR,2021-05-03,4331,5620976
MAR,2021-05-04,9409,5630385
MAR,2021-05-05,8983,5639368
MAR,2021-05-06,8983,5648351
MAR,2021-05-07,9213,5657564
MAR,2021-05-08,9495,5667059
MAR,2021-05-09,6535,5673594
MAR,2021-05-10,3471,5677065
MAR,2021-05-11,7955,5685020
MAR,2021-05-12,8686,5693706
MAR,2021-05-13,9139,5702845
MAR,2021-05-14,3409,5706254
MAR,2021-05-15,3692,5709946
MAR,2021-05-16,6343,5716289
MAR,2021-05-17,4021,5720310
MAR,2021-05-18,10688,5730998
MAR,2021-05-19,9749,5740747
MAR,2021-05-20,10405,5751152
MAR,2021-05-21,10363,5761515
MAR,2021-05-22,11365,5772880
MAR,2021-05-23,8290,5781170
MAR,2021-05-24,3495,5784665
MAR,2021-05-25,8847,5793512
MAR,2021-05-26,9618,5803130
MAR,2021-05-27,8935,5812065
MAR,2021-05-28,10103,5822168
MAR,2021-05-29,10021,5832189
MAR,2021-05-30,7045,5839234
MAR,2021-05-31,4434,5843668
MAR,2021-06-01,8696,5852364
MAR,2021-06-02,9459,5861823
MAR,2021-06-03,8770,5870593
MAR,2021-06-04,9891,5880484
MAR,2021-06-05,10327,5890811
MAR,2021-06-06,6680,5897491
MAR,2021-06-07,3791,5901282
MAR,2021-06-08,9897,5911179
MAR,2021-06-09,9896,5921075
MAR,2021-06-10,9189,5930264
MAR,2021-06-11,0,5930264
MAR,2021-06-12,0,5930264
MAR,2021-06-13,7000,5937264
MAR,2021-06-14,4489,5941753
MAR,2021-06-15,12098,5953851
MAR,2021-06-16,14646,5968497
MAR,2021-06-17,13852,5982349
MAR,2021-06-18,14043,5996392
MAR,2021-06-19,13180,6009572
MAR,2021-06-20,9017,6018589
MAR,2021-06-21,5648,6024237
MAR,2021-06-22,12544,6036781
MAR,2021-06-23,12487,6049268
MAR,2021-06-24,12423,6061691
MOZ,2020-03-28,0,0
MOZ,2020-03-29,0,0
MOZ,2020-03-30,0,0
MOZ,2020-03-31,36,36
MOZ,2020-04-01,19,55
MOZ,2020-04-02,18,73
MOZ,2020-04-03,15,88
MOZ,2020-04-04,24,112
MOZ,2020-04-05,22,134
MOZ,2020-04-06,4,138
MOZ,2020-04-07,57,195
MOZ,2020-04-08,43,238
MOZ,2020-04-09,16,254
MOZ,2020-04-10,54,308
MOZ,2020-04-11,10,318
MOZ,2020-04-12,128,446
MOZ,2020-04-13,4,450
MOZ,2020-04-14,79,529
MOZ,2020-04-15,31,560
MOZ,2020-04-16,62,622
MOZ,2020-04-17,43,665
MOZ,2020-04-18,54,719
MOZ,2020-04-19,85,804
MOZ,2020-04-20,73,877
MOZ,2020-04-21,53,930
MOZ,2020-04-22,84,1014
MOZ,2020-04-23,78,1092
MOZ,2020-04-24,114,1206
MOZ,2020-04-25,136,1342
MOZ,2020-04-26,69,1411
MOZ,2020-04-27,44,1455
MOZ,2020-04-28,84,1539
MOZ,2020-04-29,124,1663
MOZ,2020-04-30,180,1843
MOZ,2020-05-01,170,2013
MOZ,2020-05-02,91,2104
MOZ,2020-05-03,129,2233
MOZ,2020-05-04,132,2365
MOZ,2020-05-05,269,2634
MOZ,2020-05-06,174,2808
MOZ,2020-05-07,147,2955
MOZ,2020-05-08,168,3123
MOZ,2020-05-09,393,3516
MOZ,2020-05-10,174,3690
MOZ,2020-05-11,250,3940
MOZ,2020-05-12,192,4132
MOZ,2020-05-13,375,4507
MOZ,2020-05-14,379,4886
MOZ,2020-05-15,242,5128
MOZ,2020-05-16,374,5502
MOZ,2020-05-17,276,5778
MOZ,2020-05-18,261,6039
MOZ,2020-05-19,265,6304
MOZ,2020-05-20,232,6536
MOZ,2020-05-21,294,6830
MOZ,2020-05-22,417,7247
MOZ,2020-05-23,467,7714
MOZ,2020-05-24,516,8230
MOZ,2020-05-25,333,8563
MOZ,2020-05-26,240,8803
MOZ,2020-05-27,294,9097
MOZ,2020-05-28,488,9585
MOZ,2020-05-29,416,10001
MOZ,2020-05-30,27,10028
MOZ,2020-05-31,617,10645
MOZ,2020-06-01,92,10737
MOZ,2020-06-02,269,11006
MOZ,2020-06-03,333,11339
MOZ,2020-06-04,554,11893
MOZ,2020-06-05,217,12110
MOZ,2020-06-06,1055,13165
MOZ,2020-06-07,612,13777
MOZ,2020-06-08,570,14347
MOZ,2020-06-09,610,14957
MOZ,2020-06-10,354,15311
MOZ,2020-06-11,491,15802
MOZ,2020-06-12,884,16686
MOZ,2020-06-13,1142,17828
MOZ,2020-06-14,559,18387
MOZ,2020-06-15,961,19348
MOZ,2020-06-16,682,20030
MOZ,2020-06-17,751,20781
MOZ,2020-06-18,766,21547
MOZ,2020-06-19,483,22030
MOZ,2020-06-20,841,22871
MOZ,2020-06-21,656,23527
MOZ,2020-06-22,588,24115
MOZ,2020-06-23,694,24809
MOZ,2020-06-24,404,25213
MOZ,2020-06-25,758,25971
MOZ,2020-06-26,919,26890
MOZ,2020-06-27,833,27723
MOZ,2020-06-28,691,28414
MOZ,2020-06-29,757,29171
MOZ,2020-06-30,173,29344
MOZ,2020-07-01,757,30101
MOZ,2020-07-02,605,30706
MOZ,2020-07-03,845,31551
MOZ,2020-07-04,714,32265
MOZ,2020-07-05,627,32892
MOZ,2020-07-06,911,33803
MOZ,2020-07-07,1104,34907
MOZ,2020-07-08,556,35463
MOZ,2020-07-09,1002,36465
MOZ,2020-07-10,1312,37777
MOZ,2020-07-11,1081,38858
MOZ,2020-07-12,1857,40715
MOZ,2020-07-13,-87,40628
MOZ,2020-07-14,884,41512
MOZ,2020-07-15,806,42318
MOZ,2020-07-16,1143,43461
MOZ,2020-07-17,528,43989
MOZ,2020-07-18,958,44947
MOZ,2020-07-19,1376,46323
MOZ,2020-07-20,1231,47554
MOZ,2020-07-21,866,48420
MOZ,2020-07-22,839,49259
MOZ,2020-07-23,629,49888
MOZ,2020-07-24,732,50620
MOZ,2020-07-25,591,51211
MOZ,2020-07-26,978,52189
MOZ,2020-07-27,1043,53232
MOZ,2020-07-28,616,53848
MOZ,2020-07-29,1130,54978
MOZ,2020-07-30,949,55927
MOZ,2020-07-31,1570,57497
MOZ,2020-08-01,1181,58678
MOZ,2020-08-02,731,59409
MOZ,2020-08-03,831,60240
MOZ,2020-08-04,1900,62140
MOZ,2020-08-05,1352,63492
MOZ,2020-08-06,1426,64918
MOZ,2020-08-07,1391,66309
MOZ,2020-08-08,861,67170
MOZ,2020-08-09,1283,68453
MOZ,2020-08-10,1773,70226
MOZ,2020-08-11,892,71118
MOZ,2020-08-12,1110,72228
MOZ,2020-08-13,1018,73246
MOZ,2020-08-14,1951,75197
MOZ,2020-08-15,1184,76381
MOZ,2020-08-16,970,77351
MOZ,2020-08-17,1293,78644
MOZ,2020-08-18,627,79271
MOZ,2020-08-19,1409,80680
MOZ,2020-08-20,1351,82031
MOZ,2020-08-21,1622,83653
MOZ,2020-08-22,1251,84904
MOZ,2020-08-23,1412,86316
MOZ,2020-08-24,1016,87332
MOZ,2020-08-25,1593,88925
MOZ,2020-08-26,1408,90333
MOZ,2020-08-27,564,90897
MOZ,2020-08-28,916,91813
MOZ,2020-08-29,952,92765
MOZ,2020-08-30,1698,94463
MOZ,2020-08-31,1691,96154
MOZ,2020-09-01,2068,98222
MOZ,2020-09-02,910,99132
MOZ,2020-09-03,1508,100640
MOZ,2020-09-04,1015,101655
MOZ,2020-09-05,568,102223
MOZ,2020-09-06,1920,104143
MOZ,2020-09-07,2006,106149
MOZ,2020-09-08,701,106850
MOZ,2020-09-09,675,107525
MOZ,2020-09-10,987,108512
MOZ,2020-09-11,1565,110077
MOZ,2020-09-12,1928,112005
MOZ,2020-09-13,2095,114100
MOZ,2020-09-14,1255,115355
MOZ,2020-09-15,1441,116796
MOZ,2020-09-16,1628,118424
MOZ,2020-09-17,1032,119456
MOZ,2020-09-18,1709,121165
MOZ,2020-09-19,1814,122979
MOZ,2020-09-20,1573,124552
MOZ,2020-09-21,848,125400
MOZ,2020-09-22,1745,127145
MOZ,2020-09-23,1427,128572
MOZ,2020-09-24,1255,129827
MOZ,2020-09-25,1519,131346
MOZ,2020-09-26,1400,132746
MOZ,2020-09-27,1032,133778
MOZ,2020-09-28,1395,135173
MOZ,2020-09-29,1277,136450
MOZ,2020-09-30,1703,138153
MOZ,2020-10-01,1924,140077
MOZ,2020-10-02,1718,141795
MOZ,2020-10-03,1253,143048
MOZ,2020-10-04,1337,144385
MOZ,2020-10-05,1488,145873
MOZ,2020-10-06,1352,147225
MOZ,2020-10-07,1080,148305
MOZ,2020-10-08,1469,149774
MOZ,2020-10-09,1806,151580
MOZ,2020-10-10,1163,152743
MOZ,2020-10-11,939,153682
MOZ,2020-10-12,1287,154969
MOZ,2020-10-13,4132,159101
MOZ,2020-10-14,1388,160489
MOZ,2020-10-15,1613,162102
MOZ,2020-10-16,2026,164128
MOZ,2020-10-17,1310,165438
MOZ,2020-10-18,1380,166818
MOZ,2020-10-19,765,167583
MOZ,2020-10-20,1155,168738
MOZ,2020-10-21,976,169714
MOZ,2020-10-22,5923,175637
MOZ,2020-10-23,1417,177054
MOZ,2020-10-24,1274,178328
MOZ,2020-10-25,1996,180324
MOZ,2020-10-26,1215,181539
MOZ,2020-10-27,0,181539
MOZ,2020-10-28,0,181539
MOZ,2020-10-29,989,182528
MOZ,2020-10-30,2226,184754
MOZ,2020-10-31,1012,185766
MOZ,2020-11-01,1479,187245
MOZ,2020-11-02,1363,188608
MOZ,2020-11-03,932,189540
MOZ,2020-11-04,1861,191401
MOZ,2020-11-05,1497,192898
MOZ,2020-11-06,1150,194048
MOZ,2020-11-07,2070,196118
MOZ,2020-11-08,2083,198201
MOZ,2020-11-09,1796,199997
MOZ,2020-11-10,1908,201905
MOZ,2020-11-11,1302,203207
MOZ,2020-11-12,844,204051
MOZ,2020-11-13,1327,205378
MOZ,2020-11-14,1573,206951
MOZ,2020-11-15,903,207854
MOZ,2020-11-16,1210,209064
MOZ,2020-11-17,1306,210370
MOZ,2020-11-18,1820,212190
MOZ,2020-11-19,1513,213703
MOZ,2020-11-20,2278,215981
MOZ,2020-11-21,1542,217523
MOZ,2020-11-22,2053,219576
MOZ,2020-11-23,914,220490
MOZ,2020-11-24,1619,222109
MOZ,2020-11-25,908,223017
MOZ,2020-11-26,1423,224440
MOZ,2020-11-27,1498,225938
MOZ,2020-11-28,772,226710
MOZ,2020-11-29,1035,227745
MOZ,2020-11-30,641,228386
MOZ,2020-12-01,1553,229939
MOZ,2020-12-02,1830,231769
MOZ,2020-12-03,925,232694
MOZ,2020-12-04,1116,233810
MOZ,2020-12-05,853,234663
MOZ,2020-12-06,954,235617
MOZ,2020-12-07,802,236419
MOZ,2020-12-08,646,237065
MOZ,2020-12-09,1416,238481
MOZ,2020-12-10,2088,240569
MOZ,2020-12-11,2074,242643
MOZ,2020-12-12,2060,244703
MOZ,2020-12-13,1028,245731
MOZ,2020-12-14,826,246557
MOZ,2020-12-15,471,247028
MOZ,2020-12-16,1836,248864
MOZ,2020-12-17,1755,250619
MOZ,2020-12-18,1386,252005
MOZ,2020-12-19,1774,253779
MOZ,2020-12-20,1124,254903
MOZ,2020-12-21,1266,256169
MOZ,2020-12-22,1225,257394
MOZ,2020-12-23,1588,258982
MOZ,2020-12-24,1795,260777
MOZ,2020-12-25,1605,262382
MOZ,2020-12-26,612,262994
MOZ,2020-12-27,1102,264096
MOZ,2020-12-28,758,264854
MOZ,2020-12-29,977,265831
MOZ,2020-12-30,1674,267505
MOZ,2020-12-31,1697,269202
MOZ,2021-01-01,1382,270584
MOZ,2021-01-02,0,270584
MOZ,2021-01-03,0,270584
MOZ,2021-01-04,0,270584
MOZ,2021-01-05,1249,271833
MOZ,2021-01-06,752,272585
MOZ,2021-01-07,1333,273918
MOZ,2021-01-08,2272,276190
MOZ,2021-01-09,3191,279381
MOZ,2021-01-10,2425,281806
MOZ,2021-01-11,2059,283865
MOZ,2021-01-12,2468,286333
MOZ,2021-01-13,2021,288354
MOZ,2021-01-14,1700,290054
MOZ,2021-01-15,1653,291707
MOZ,2021-01-16,3179,294886
MOZ,2021-01-17,2757,297643
MOZ,2021-01-18,1833,299476
MOZ,2021-01-19,2569,302045
MOZ,2021-01-20,4206,306251
MOZ,2021-01-21,3052,309303
MOZ,2021-01-22,2998,312301
MOZ,2021-01-23,2791,315092
MOZ,2021-01-24,2908,318000
MOZ,2021-01-25,1042,319042
MOZ,2021-01-26,2980,322022
MOZ,2021-01-27,3039,325061
MOZ,2021-01-28,2422,327483
MOZ,2021-01-29,4576,332059
MOZ,2021-01-30,2077,334136
MOZ,2021-01-31,3821,337957
MOZ,2021-02-01,2885,340842
MOZ,2021-02-02,2642,343484
MOZ,2021-02-03,3351,346835
MOZ,2021-02-04,2614,349449
MOZ,2021-02-05,2274,351723
MOZ,2021-02-06,2551,354274
MOZ,2021-02-07,1905,356179
MOZ,2021-02-08,1823,358002
MOZ,2021-02-09,3124,361126
MOZ,2021-02-10,2788,363914
MOZ,2021-02-11,3738,367652
MOZ,2021-02-12,2607,370259
MOZ,2021-02-13,3495,373754
MOZ,2021-02-14,2463,376217
MOZ,2021-02-15,1849,378066
MOZ,2021-02-16,3343,381409
MOZ,2021-02-17,3783,385192
MOZ,2021-02-18,3706,388898
MOZ,2021-02-19,2832,391730
MOZ,2021-02-20,2770,394500
MOZ,2021-02-21,2845,397345
MOZ,2021-02-22,2337,399682
MOZ,2021-02-23,1960,401642
MOZ,2021-02-24,1556,403198
MOZ,2021-02-25,3916,407114
MOZ,2021-02-26,3099,410213
MOZ,2021-02-27,3519,413732
MOZ,2021-02-28,2738,416470
MOZ,2021-03-01,1547,418017
MOZ,2021-03-02,1743,419760
MOZ,2021-03-03,2240,422000
MOZ,2021-03-04,4396,426396
MOZ,2021-03-05,2642,429038
MOZ,2021-03-06,2558,431596
MOZ,2021-03-07,2657,434253
MOZ,2021-03-08,1351,435604
MOZ,2021-03-09,1314,436918
MOZ,2021-03-10,1712,438630
MOZ,2021-03-11,2528,441158
MOZ,2021-03-12,2267,443425
MOZ,2021-03-13,1899,445324
MOZ,2021-03-14,1493,446817
MOZ,2021-03-15,843,447660
MOZ,2021-03-16,1815,449475
MOZ,2021-03-17,1778,451253
MOZ,2021-03-18,1459,452712
MOZ,2021-03-19,2615,455327
MOZ,2021-03-20,1999,457326
MOZ,2021-03-21,1204,458530
MOZ,2021-03-22,898,459428
MOZ,2021-03-23,1697,461125
MOZ,2021-03-24,1432,462557
MOZ,2021-03-25,1597,464154
MOZ,2021-03-26,1479,465633
MOZ,2021-03-27,2441,468074
MOZ,2021-03-28,1619,469693
MOZ,2021-03-29,1233,470926
MOZ,2021-03-30,1555,472481
MOZ,2021-03-31,1549,474030
MOZ,2021-04-01,1323,475353
MOZ,2021-04-02,1805,477158
MOZ,2021-04-03,1753,478911
MOZ,2021-04-04,1242,480153
MOZ,2021-04-05,2098,482251
MOZ,2021-04-06,808,483059
MOZ,2021-04-07,1377,484436
MOZ,2021-04-08,815,485251
MOZ,2021-04-09,1034,486285
MOZ,2021-04-10,1415,487700
MOZ,2021-04-11,1613,489313
MOZ,2021-04-12,709,490022
MOZ,2021-04-13,1357,491379
MOZ,2021-04-14,1263,492642
MOZ,2021-04-15,1247,493889
MOZ,2021-04-16,1102,494991
MOZ,2021-04-17,1142,496133
MOZ,2021-04-18,1011,497144
MOZ,2021-04-19,520,497664
MOZ,2021-04-20,1065,498729
MOZ,2021-04-21,1597,500326
MOZ,2021-04-22,1379,501705
MOZ,2021-04-23,1520,503225
MOZ,2021-04-24,1383,504608
MOZ,2021-04-25,743,505351
MOZ,2021-04-26,876,506227
MOZ,2021-04-27,769,506996
MOZ,2021-04-28,1251,508247
MOZ,2021-04-29,1903,510150
MOZ,2021-04-30,1597,511747
MOZ,2021-05-01,1590,513337
MOZ,2021-05-02,807,514144
MOZ,2021-05-03,335,514479
MOZ,2021-05-04,943,515422
MOZ,2021-05-05,698,516120
MOZ,2021-05-06,1075,517195
MOZ,2021-05-07,1322,518517
MOZ,2021-05-08,1425,519942
MOZ,2021-05-09,1495,521437
MOZ,2021-05-10,322,521759
MOZ,2021-05-11,919,522678
MOZ,2021-05-12,1322,524000
MOZ,2021-05-13,0,524000
MOZ,2021-05-14,0,524000
MOZ,2021-05-15,0,524000
MOZ,2021-05-16,0,524000
MOZ,2021-05-17,526,524526
MOZ,2021-05-18,1154,525680
MOZ,2021-05-19,1444,527124
MOZ,2021-05-20,1306,528430
MOZ,2021-05-21,1466,529896
MOZ,2021-05-22,1710,531606
MOZ,2021-05-23,738,532344
MOZ,2021-05-24,608,532952
MOZ,2021-05-25,0,532952
MOZ,2021-05-26,0,532952
MOZ,2021-05-27,0,532952
MOZ,2021-05-28,0,532952
MOZ,2021-05-29,1217,534169
MOZ,2021-05-30,0,534169
MOZ,2021-05-31,0,534169
MOZ,2021-06-01,1019,535188
MOZ,2021-06-02,1308,536496
MOZ,2021-06-03,999,537495
MOZ,2021-06-04,1159,538654
MOZ,2021-06-05,1533,540187
MOZ,2021-06-06,1038,541225
MOZ,2021-06-07,407,541632
MOZ,2021-06-08,811,542443
MOZ,2021-06-09,1314,543757
MOZ,2021-06-10,1175,544932
MOZ,2021-06-11,0,544932
MOZ,2021-06-12,0,544932
MOZ,2021-06-13,937,545869
MOZ,2021-06-14,0,545869
MOZ,2021-06-15,0,545869
MOZ,2021-06-16,1319,547188
MOZ,2021-06-17,1666,548854
MOZ,2021-06-18,1680,550534
MOZ,2021-06-19,1361,551895
MOZ,2021-06-20,1238,553133
MOZ,2021-06-21,1044,554177
MOZ,2021-06-22,1282,555459
MOZ,2021-06-23,2167,557626
MOZ,2021-06-24,1947,559573
MMR,2020-04-04,0,0
MMR,2020-04-05,63,63
MMR,2020-04-06,0,63
MMR,2020-04-07,0,63
MMR,2020-04-08,0,63
MMR,2020-04-09,0,63
MMR,2020-04-10,137,200
MMR,2020-04-11,76,276
MMR,2020-04-12,230,506
MMR,2020-04-13,285,791
MMR,2020-04-14,309,1100
MMR,2020-04-15,360,1460
MMR,2020-04-16,433,1893
MMR,2020-04-17,0,1893
MMR,2020-04-18,0,1893
MMR,2020-04-19,267,2160
MMR,2020-04-20,370,2530
MMR,2020-04-21,402,2932
MMR,2020-04-22,276,3208
MMR,2020-04-23,251,3459
MMR,2020-04-24,328,3787
MMR,2020-04-25,341,4128
MMR,2020-04-26,416,4544
MMR,2020-04-27,0,4544
MMR,2020-04-28,0,4544
MMR,2020-04-29,393,4937
MMR,2020-04-30,282,5219
MMR,2020-05-01,195,5414
MMR,2020-05-02,155,5569
MMR,2020-05-03,340,5909
MMR,2020-05-04,214,6123
MMR,2020-05-05,244,6367
MMR,2020-05-06,257,6624
MMR,2020-05-07,747,7371
MMR,2020-05-08,224,7595
MMR,2020-05-09,566,8161
MMR,2020-05-10,390,8551
MMR,2020-05-11,260,8811
MMR,2020-05-12,340,9151
MMR,2020-05-13,240,9391
MMR,2020-05-14,420,9811
MMR,2020-05-15,513,10324
MMR,2020-05-16,639,10963
MMR,2020-05-17,365,11328
MMR,2020-05-18,562,11890
MMR,2020-05-19,576,12466
MMR,2020-05-20,701,13167
MMR,2020-05-21,712,13879
MMR,2020-05-22,1124,15003
MMR,2020-05-23,201,15204
MMR,2020-05-24,769,15973
MMR,2020-05-25,905,16878
MMR,2020-05-26,763,17641
MMR,2020-05-27,1130,18771
MMR,2020-05-28,1022,19793
MMR,2020-05-29,1026,20819
MMR,2020-05-30,923,21742
MMR,2020-05-31,1227,22969
MMR,2020-06-01,1437,24406
MMR,2020-06-02,1174,25580
MMR,2020-06-03,1672,27252
MMR,2020-06-04,1778,29030
MMR,2020-06-05,1886,30916
MMR,2020-06-06,1845,32761
MMR,2020-06-07,1887,34648
MMR,2020-06-08,1892,36540
MMR,2020-06-09,1389,37929
MMR,2020-06-10,1816,39745
MMR,2020-06-11,1520,41265
MMR,2020-06-12,1990,43255
MMR,2020-06-13,1784,45039
MMR,2020-06-14,2019,47058
MMR,2020-06-15,1722,48780
MMR,2020-06-16,1900,50680
MMR,2020-06-17,2061,52741
MMR,2020-06-18,1314,54055
MMR,2020-06-19,1904,55959
MMR,2020-06-20,1498,57457
MMR,2020-06-21,1942,59399
MMR,2020-06-22,1348,60747
MMR,2020-06-23,1114,61861
MMR,2020-06-24,1821,63682
MMR,2020-06-25,2051,65733
MMR,2020-06-26,1862,67595
MMR,2020-06-27,1426,69021
MMR,2020-06-28,1586,70607
MMR,2020-06-29,1700,72307
MMR,2020-06-30,1337,73644
MMR,2020-07-01,1451,75095
MMR,2020-07-02,1306,76401
MMR,2020-07-03,1535,77936
MMR,2020-07-04,1370,79306
MMR,2020-07-05,1562,80868
MMR,2020-07-06,934,81802
MMR,2020-07-07,0,81802
MMR,2020-07-08,0,81802
MMR,2020-07-09,1413,83215
MMR,2020-07-10,1679,84894
MMR,2020-07-11,1566,86460
MMR,2020-07-12,1697,88157
MMR,2020-07-13,992,89149
MMR,2020-07-14,704,89853
MMR,2020-07-15,1452,91305
MMR,2020-07-16,1327,92632
MMR,2020-07-17,1651,94283
MMR,2020-07-18,1649,95932
MMR,2020-07-19,1548,97480
MMR,2020-07-20,1389,98869
MMR,2020-07-21,986,99855
MMR,2020-07-22,761,100616
MMR,2020-07-23,1038,101654
MMR,2020-07-24,1255,102909
MMR,2020-07-25,1406,104315
MMR,2020-07-26,1192,105507
MMR,2020-07-27,899,106406
MMR,2020-07-28,956,107362
MMR,2020-07-29,1117,108479
MMR,2020-07-30,2203,110682
MMR,2020-07-31,819,111501
MMR,2020-08-01,699,112200
MMR,2020-08-02,908,113108
MMR,2020-08-03,1015,114123
MMR,2020-08-04,1150,115273
MMR,2020-08-05,540,115813
MMR,2020-08-06,1458,117271
MMR,2020-08-07,1151,118422
MMR,2020-08-08,1324,119746
MMR,2020-08-09,1062,120808
MMR,2020-08-10,1001,121809
MMR,2020-08-11,898,122707
MMR,2020-08-12,1075,123782
MMR,2020-08-13,1738,125520
MMR,2020-08-14,1760,127280
MMR,2020-08-15,1736,129016
MMR,2020-08-16,1367,130383
MMR,2020-08-17,751,131134
MMR,2020-08-18,1596,132730
MMR,2020-08-19,1765,134495
MMR,2020-08-20,1530,136025
MMR,2020-08-21,1472,137497
MMR,2020-08-22,1538,139035
MMR,2020-08-23,1113,140148
MMR,2020-08-24,870,141018
MMR,2020-08-25,1783,142801
MMR,2020-08-26,2041,144842
MMR,2020-08-27,2078,146920
MMR,2020-08-28,1882,148802
MMR,2020-08-29,2221,151023
MMR,2020-08-30,1801,152824
MMR,2020-08-31,2413,155237
MMR,2020-09-01,1912,157149
MMR,2020-09-02,2098,159247
MMR,2020-09-03,2167,161414
MMR,2020-09-04,2468,163882
MMR,2020-09-05,2830,166712
MMR,2020-09-06,2979,169691
MMR,2020-09-07,2232,171923
MMR,2020-09-08,2529,174452
MMR,2020-09-09,2852,177304
MMR,2020-09-10,3151,180455
MMR,2020-09-11,2898,183353
MMR,2020-09-12,3324,186677
MMR,2020-09-13,3036,189713
MMR,2020-09-14,3062,192775
MMR,2020-09-15,3572,196347
MMR,2020-09-16,3794,200141
MMR,2020-09-17,3677,203818
MMR,2020-09-18,3989,207807
MMR,2020-09-19,3384,211191
MMR,2020-09-20,3977,215168
MMR,2020-09-21,4196,219364
MMR,2020-09-22,4454,223818
MMR,2020-09-23,4589,228407
MMR,2020-09-24,4812,233219
MMR,2020-09-25,4219,237438
MMR,2020-09-26,2697,240135
MMR,2020-09-27,4576,244711
MMR,2020-09-28,3974,248685
MMR,2020-09-29,4897,253582
MMR,2020-09-30,5262,258844
MMR,2020-10-01,3431,262275
MMR,2020-10-02,4587,266862
MMR,2020-10-03,6195,273057
MMR,2020-10-04,7495,280552
MMR,2020-10-05,5913,286465
MMR,2020-10-06,6572,293037
MMR,2020-10-07,8387,301424
MMR,2020-10-08,11322,312746
MMR,2020-10-09,10712,323458
MMR,2020-10-10,14301,337759
MMR,2020-10-11,15312,353071
MMR,2020-10-12,13799,366870
MMR,2020-10-13,13717,380587
MMR,2020-10-14,12258,392845
MMR,2020-10-15,8656,401501
MMR,2020-10-16,11975,413476
MMR,2020-10-17,12510,425986
MMR,2020-10-18,18736,444722
MMR,2020-10-19,11307,456029
MMR,2020-10-20,18103,474132
MMR,2020-10-21,14329,488461
MMR,2020-10-22,13362,501823
MMR,2020-10-23,12774,514597
MMR,2020-10-24,12699,527296
MMR,2020-10-25,13230,540526
MMR,2020-10-26,10692,551218
MMR,2020-10-27,11400,562618
MMR,2020-10-28,14798,577416
MMR,2020-10-29,13206,590622
MMR,2020-10-30,13252,603874
MMR,2020-10-31,12490,616364
MMR,2020-11-01,11170,627534
MMR,2020-11-02,7108,634642
MMR,2020-11-03,11226,645868
MMR,2020-11-04,12642,658510
MMR,2020-11-05,0,658510
MMR,2020-11-06,0,658510
MMR,2020-11-07,13449,671959
MMR,2020-11-08,14173,686132
MMR,2020-11-09,13361,699493
MMR,2020-11-10,8230,707723
MMR,2020-11-11,16000,723723
MMR,2020-11-12,14534,738257
MMR,2020-11-13,16250,754507
MMR,2020-11-14,14281,768788
MMR,2020-11-15,83383,852171
MMR,2020-11-16,13347,865518
MMR,2020-11-17,14387,879905
MMR,2020-11-18,18343,898248
MMR,2020-11-19,21232,919480
MMR,2020-11-20,17954,937434
MMR,2020-11-21,16999,954433
MMR,2020-11-22,18090,972523
MMR,2020-11-23,14881,987404
MMR,2020-11-24,18212,1005616
MMR,2020-11-25,21585,1027201
MMR,2020-11-26,17347,1044548
MMR,2020-11-27,20118,1064666
MMR,2020-11-28,18197,1082863
MMR,2020-11-29,17924,1100787
MMR,2020-11-30,15220,1116007
MMR,2020-12-01,15935,1131942
MMR,2020-12-02,18959,1150901
MMR,2020-12-03,19680,1170581
MMR,2020-12-04,22719,1193300
MMR,2020-12-05,21390,1214690
MMR,2020-12-06,23300,1237990
MMR,2020-12-07,18541,1256531
MMR,2020-12-08,19379,1275910
MMR,2020-12-09,23348,1299258
MMR,2020-12-10,20826,1320084
MMR,2020-12-11,22241,1342325
MMR,2020-12-12,20929,1363254
MMR,2020-12-13,0,1363254
MMR,2020-12-14,0,1363254
MMR,2020-12-15,19115,1382369
MMR,2020-12-16,23874,1406243
MMR,2020-12-17,23109,1429352
MMR,2020-12-18,23188,1452540
MMR,2020-12-19,24501,1477041
MMR,2020-12-20,22590,1499631
MMR,2020-12-21,20526,1520157
MMR,2020-12-22,21018,1541175
MMR,2020-12-23,23485,1564660
MMR,2020-12-24,23072,1587732
MMR,2020-12-25,21515,1609247
MMR,2020-12-26,56293,1665540
MMR,2020-12-27,16607,1682147
MMR,2020-12-28,19108,1701255
MMR,2020-12-29,1491,1702746
MMR,2020-12-30,17010,1719756
MMR,2020-12-31,24007,1743763
MMR,2021-01-01,15735,1759498
MMR,2021-01-02,15972,1775470
MMR,2021-01-03,17662,1793132
MMR,2021-01-04,16990,1810122
MMR,2021-01-05,19770,1829892
MMR,2021-01-06,17279,1847171
MMR,2021-01-07,18953,1866124
MMR,2021-01-08,20164,1886288
MMR,2021-01-09,19806,1906094
MMR,2021-01-10,17343,1923437
MMR,2021-01-11,18257,1941694
MMR,2021-01-12,21739,1963433
MMR,2021-01-13,17827,1981260
MMR,2021-01-14,18820,2000080
MMR,2021-01-15,22755,2022835
MMR,2021-01-16,18005,2040840
MMR,2021-01-17,17656,2058496
MMR,2021-01-18,18835,2077331
MMR,2021-01-19,20694,2098025
MMR,2021-01-20,20476,2118501
MMR,2021-01-21,19147,2137648
MMR,2021-01-22,17699,2155347
MMR,2021-01-23,20397,2175744
MMR,2021-01-24,18706,2194450
MMR,2021-01-25,17924,2212374
MMR,2021-01-26,19667,2232041
MMR,2021-01-27,16556,2248597
MMR,2021-01-28,16378,2264975
MMR,2021-01-29,18271,2283246
MMR,2021-01-30,16325,2299571
MMR,2021-01-31,16279,2315850
MMR,2021-02-01,9019,2324869
MMR,2021-02-02,12377,2337246
MMR,2021-02-03,11196,2348442
MMR,2021-02-04,13846,2362288
MMR,2021-02-05,11833,2374121
MMR,2021-02-06,7081,2381202
MMR,2021-02-07,7112,2388314
MMR,2021-02-08,1987,2390301
MMR,2021-02-09,2928,2393229
MMR,2021-02-10,1994,2395223
MMR,2021-02-11,2252,2397475
MMR,2021-02-12,1384,2398859
MMR,2021-02-13,1852,2400711
MMR,2021-02-14,702,2401413
MMR,2021-02-15,887,2402300
MMR,2021-02-16,1119,2403419
MMR,2021-02-17,1489,2404908
MMR,2021-02-18,889,2405797
MMR,2021-02-19,1117,2406914
MMR,2021-02-20,879,2407793
MMR,2021-02-21,959,2408752
MMR,2021-02-22,686,2409438
MMR,2021-02-23,1159,2410597
MMR,2021-02-24,1112,2411709
MMR,2021-02-25,1314,2413023
MMR,2021-02-26,1254,2414277
MMR,2021-02-27,1110,2415387
MMR,2021-02-28,1105,2416492
MMR,2021-05-07,0,2416492
MMR,2021-05-08,1379,2417871
MMR,2021-05-09,1448,2419319
MMR,2021-05-10,1577,2420896
MMR,2021-05-11,1983,2422879
MMR,2021-05-12,1471,2424350
MMR,2021-05-13,2019,2426369
MMR,2021-05-14,2219,2428588
MMR,2021-05-15,1260,2429848
MMR,2021-05-16,913,2430761
MMR,2021-05-17,1254,2432015
MMR,2021-05-18,1973,2433988
MMR,2021-05-19,1377,2435365
MMR,2021-05-20,1084,2436449
MMR,2021-05-21,1377,2437826
MMR,2021-05-22,1234,2439060
MMR,2021-05-23,0,2439060
MMR,2021-05-24,0,2439060
MMR,2021-05-25,1923,2440983
MMR,2021-05-26,1129,2442112
MMR,2021-05-27,1788,2443900
MMR,2021-05-28,1230,2445130
MMR,2021-05-29,1034,2446164
MMR,2021-05-30,912,2447076
MMR,2021-05-31,1771,2448847
MMR,2021-06-01,2016,2450863
MMR,2021-06-02,1591,2452454
MMR,2021-06-03,1448,2453902
MMR,2021-06-04,1778,2455680
MMR,2021-06-05,1484,2457164
MMR,2021-06-06,1077,2458241
MMR,2021-06-07,2216,2460457
MMR,2021-06-08,2022,2462479
MMR,2021-06-09,1746,2464225
MMR,2021-06-10,2347,2466572
MMR,2021-06-11,2781,2469353
MMR,2021-06-12,3413,2472766
MMR,2021-06-13,2902,2475668
MMR,2021-06-14,2819,2478487
MMR,2021-06-15,3199,2481686
MMR,2021-06-16,3556,2485242
MMR,2021-06-17,4176,2489418
MMR,2021-06-18,4443,2493861
MMR,2021-06-19,4844,2498705
MMR,2021-06-20,3431,2502136
MMR,2021-06-21,4964,2507100
MMR,2021-06-22,5090,2512190
MMR,2021-06-23,5036,2517226
MMR,2021-06-24,5754,2522980
NAM,2020-04-01,0,0
NAM,2020-04-02,0,0
NAM,2020-04-03,0,0
NAM,2020-04-04,0,0
NAM,2020-04-05,0,0
NAM,2020-04-06,0,0
NAM,2020-04-07,0,0
NAM,2020-04-08,0,0
NAM,2020-04-09,0,0
NAM,2020-04-10,0,0
NAM,2020-04-11,0,0
NAM,2020-04-12,0,0
NAM,2020-04-13,0,0
NAM,2020-04-14,0,0
NAM,2020-04-15,0,0
NAM,2020-04-16,0,0
NAM,2020-04-17,0,0
NAM,2020-04-18,0,0
NAM,2020-04-19,25,25
NAM,2020-04-20,0,25
NAM,2020-04-21,0,25
NAM,2020-04-22,0,25
NAM,2020-04-23,0,25
NAM,2020-04-24,31,56
NAM,2020-04-25,54,110
NAM,2020-04-26,29,139
NAM,2020-04-27,0,139
NAM,2020-04-28,0,139
NAM,2020-04-29,0,139
NAM,2020-04-30,0,139
NAM,2020-05-01,56,195
NAM,2020-05-02,132,327
NAM,2020-05-03,62,389
NAM,2020-05-04,0,389
NAM,2020-05-05,0,389
NAM,2020-05-06,18,407
NAM,2020-05-07,102,509
NAM,2020-05-08,0,509
NAM,2020-05-09,0,509
NAM,2020-05-10,32,541
NAM,2020-05-11,0,541
NAM,2020-05-12,0,541
NAM,2020-05-13,164,705
NAM,2020-05-14,243,948
NAM,2020-05-15,0,948
NAM,2020-05-16,0,948
NAM,2020-05-17,0,948
NAM,2020-05-18,0,948
NAM,2020-05-19,0,948
NAM,2020-05-20,152,1100
NAM,2020-05-21,95,1195
NAM,2020-05-22,0,1195
NAM,2020-05-23,0,1195
NAM,2020-05-24,180,1375
NAM,2020-05-25,90,1465
NAM,2020-05-26,69,1534
NAM,2020-05-27,15,1549
NAM,2020-05-28,169,1718
NAM,2020-05-29,42,1760
NAM,2020-05-30,133,1893
NAM,2020-05-31,135,2028
NAM,2020-06-01,290,2318
NAM,2020-06-02,35,2353
NAM,2020-06-03,0,2353
NAM,2020-06-04,0,2353
NAM,2020-06-05,178,2531
NAM,2020-06-06,193,2724
NAM,2020-06-07,0,2724
NAM,2020-06-08,0,2724
NAM,2020-06-09,27,2751
NAM,2020-06-10,114,2865
NAM,2020-06-11,217,3082
NAM,2020-06-12,213,3295
NAM,2020-06-13,168,3463
NAM,2020-06-14,167,3630
NAM,2020-06-15,0,3630
NAM,2020-06-16,0,3630
NAM,2020-06-17,187,3817
NAM,2020-06-18,249,4066
NAM,2020-06-19,159,4225
NAM,2020-06-20,323,4548
NAM,2020-06-21,172,4720
NAM,2020-06-22,322,5042
NAM,2020-06-23,0,5042
NAM,2020-06-24,0,5042
NAM,2020-06-25,274,5316
NAM,2020-06-26,91,5407
NAM,2020-06-27,158,5565
NAM,2020-06-28,443,6008
NAM,2020-06-29,0,6008
NAM,2020-06-30,0,6008
NAM,2020-07-01,445,6453
NAM,2020-07-02,98,6551
NAM,2020-07-03,622,7173
NAM,2020-07-04,399,7572
NAM,2020-07-05,0,7572
NAM,2020-07-06,0,7572
NAM,2020-07-07,0,7572
NAM,2020-07-08,0,7572
NAM,2020-07-09,457,8029
NAM,2020-07-10,165,8194
NAM,2020-07-11,0,8194
NAM,2020-07-12,0,8194
NAM,2020-07-13,699,8893
NAM,2020-07-14,741,9634
NAM,2020-07-15,866,10500
NAM,2020-07-16,76,10576
NAM,2020-07-17,457,11033
NAM,2020-07-18,203,11236
NAM,2020-07-19,653,11889
NAM,2020-07-20,300,12189
NAM,2020-07-21,460,12649
NAM,2020-07-22,806,13455
NAM,2020-07-23,522,13977
NAM,2020-07-24,319,14296
NAM,2020-07-25,786,15082
NAM,2020-07-26,919,16001
NAM,2020-07-27,1334,17335
NAM,2020-07-28,1185,18520
NAM,2020-07-29,527,19047
NAM,2020-07-30,773,19820
NAM,2020-07-31,636,20456
NAM,2020-08-01,83,20539
NAM,2020-08-02,1374,21913
NAM,2020-08-03,796,22709
NAM,2020-08-04,719,23428
NAM,2020-08-05,0,23428
NAM,2020-08-06,0,23428
NAM,2020-08-07,1197,24625
NAM,2020-08-08,0,24625
NAM,2020-08-09,0,24625
NAM,2020-08-10,1190,25815
NAM,2020-08-11,1112,26927
NAM,2020-08-12,456,27383
NAM,2020-08-13,1054,28437
NAM,2020-08-14,946,29383
NAM,2020-08-15,1654,31037
NAM,2020-08-16,749,31786
NAM,2020-08-17,721,32507
NAM,2020-08-18,1078,33585
NAM,2020-08-19,1045,34630
NAM,2020-08-20,1754,36384
NAM,2020-08-21,1378,37762
NAM,2020-08-22,1686,39448
NAM,2020-08-23,1583,41031
NAM,2020-08-24,1214,42245
NAM,2020-08-25,1782,44027
NAM,2020-08-26,1554,45581
NAM,2020-08-27,1667,47248
NAM,2020-08-28,542,47790
NAM,2020-08-29,1460,49250
NAM,2020-08-30,1343,50593
NAM,2020-08-31,1457,52050
NAM,2020-09-01,1036,53086
NAM,2020-09-02,1823,54909
NAM,2020-09-03,1630,56539
NAM,2020-09-04,1388,57927
NAM,2020-09-05,1650,59577
NAM,2020-09-06,1409,60986
NAM,2020-09-07,1160,62146
NAM,2020-09-08,680,62826
NAM,2020-09-09,1907,64733
NAM,2020-09-10,1418,66151
NAM,2020-09-11,1910,68061
NAM,2020-09-12,1701,69762
NAM,2020-09-13,1230,70992
NAM,2020-09-14,955,71947
NAM,2020-09-15,1010,72957
NAM,2020-09-16,1107,74064
NAM,2020-09-17,1264,75328
NAM,2020-09-18,1404,76732
NAM,2020-09-19,1547,78279
NAM,2020-09-20,1047,79326
NAM,2020-09-21,1145,80471
NAM,2020-09-22,1146,81617
NAM,2020-09-23,925,82542
NAM,2020-09-24,1041,83583
NAM,2020-09-25,1021,84604
NAM,2020-09-26,1010,85614
NAM,2020-09-27,920,86534
NAM,2020-09-28,147,86681
NAM,2020-09-29,967,87648
NAM,2020-09-30,944,88592
NAM,2020-10-01,1430,90022
NAM,2020-10-02,1339,91361
NAM,2020-10-03,1310,92671
NAM,2020-10-04,1223,93894
NAM,2020-10-05,600,94494
NAM,2020-10-06,455,94949
NAM,2020-10-07,1077,96026
NAM,2020-10-08,1312,97338
NAM,2020-10-09,889,98227
NAM,2020-10-10,897,99124
NAM,2020-10-11,1345,100469
NAM,2020-10-12,894,101363
NAM,2020-10-13,592,101955
NAM,2020-10-14,1133,103088
NAM,2020-10-15,641,103729
NAM,2020-10-16,1037,104766
NAM,2020-10-17,1255,106021
NAM,2020-10-18,724,106745
NAM,2020-10-19,947,107692
NAM,2020-10-20,707,108399
NAM,2020-10-21,703,109102
NAM,2020-10-22,1061,110163
NAM,2020-10-23,1035,111198
NAM,2020-10-24,1150,112348
NAM,2020-10-25,553,112901
NAM,2020-10-26,663,113564
NAM,2020-10-27,531,114095
NAM,2020-10-28,1115,115210
NAM,2020-10-29,512,115722
NAM,2020-10-30,1714,117436
NAM,2020-10-31,563,117999
NAM,2020-11-01,934,118933
NAM,2020-11-02,509,119442
NAM,2020-11-03,515,119957
NAM,2020-11-04,911,120868
NAM,2020-11-05,729,121597
NAM,2020-11-06,758,122355
NAM,2020-11-07,1762,124117
NAM,2020-11-08,793,124910
NAM,2020-11-09,1065,125975
NAM,2020-11-10,531,126506
NAM,2020-11-11,1131,127637
NAM,2020-11-12,1268,128905
NAM,2020-11-13,1081,129986
NAM,2020-11-14,1076,131062
NAM,2020-11-15,995,132057
NAM,2020-11-16,674,132731
NAM,2020-11-17,545,133276
NAM,2020-11-18,830,134106
NAM,2020-11-19,962,135068
NAM,2020-11-20,720,135788
NAM,2020-11-21,1347,137135
NAM,2020-11-22,1195,138330
NAM,2020-11-23,872,139202
NAM,2020-11-24,662,139864
NAM,2020-11-25,1170,141034
NAM,2020-11-26,1327,142361
NAM,2020-11-27,1376,143737
NAM,2020-11-28,1160,144897
NAM,2020-11-29,1286,146183
NAM,2020-11-30,1180,147363
NAM,2020-12-01,393,147756
NAM,2020-12-02,1466,149222
NAM,2020-12-03,1333,150555
NAM,2020-12-04,1564,152119
NAM,2020-12-05,1656,153775
NAM,2020-12-06,1680,155455
NAM,2020-12-07,399,155854
NAM,2020-12-08,2147,158001
NAM,2020-12-09,1444,159445
NAM,2020-12-10,2012,161457
NAM,2020-12-11,2138,163595
NAM,2020-12-12,1245,164840
NAM,2020-12-13,1723,166563
NAM,2020-12-14,1826,168389
NAM,2020-12-15,928,169317
NAM,2020-12-16,1844,171161
NAM,2020-12-17,2448,173609
NAM,2020-12-18,2043,175652
NAM,2020-12-19,1871,177523
NAM,2020-12-20,903,178426
NAM,2020-12-21,2676,181102
NAM,2020-12-22,1436,182538
NAM,2020-12-23,1773,184311
NAM,2020-12-24,2114,186425
NAM,2020-12-25,2778,189203
NAM,2020-12-26,585,189788
NAM,2020-12-27,1467,191255
NAM,2020-12-28,1845,193100
NAM,2020-12-29,2238,195338
NAM,2020-12-30,2236,197574
NAM,2020-12-31,2221,199795
NAM,2021-01-01,2174,201969
NAM,2021-01-02,490,202459
NAM,2021-01-03,2158,204617
NAM,2021-01-04,1432,206049
NAM,2021-01-05,2034,208083
NAM,2021-01-06,1648,209731
NAM,2021-01-07,1678,211409
NAM,2021-01-08,2548,213957
NAM,2021-01-09,2742,216699
NAM,2021-01-10,2724,219423
NAM,2021-01-11,1431,220854
NAM,2021-01-12,1595,222449
NAM,2021-01-13,1708,224157
NAM,2021-01-14,2038,226195
NAM,2021-01-15,1932,228127
NAM,2021-01-16,1846,229973
NAM,2021-01-17,1418,231391
NAM,2021-01-18,2034,233425
NAM,2021-01-19,1397,234822
NAM,2021-01-20,1793,236615
NAM,2021-01-21,1915,238530
NAM,2021-01-22,2768,241298
NAM,2021-01-23,2093,243391
NAM,2021-01-24,1952,245343
NAM,2021-01-25,1627,246970
NAM,2021-01-26,1809,248779
NAM,2021-01-27,1895,250674
NAM,2021-01-28,1261,251935
NAM,2021-01-29,0,251935
NAM,2021-01-30,0,251935
NAM,2021-01-31,2224,254159
NAM,2021-02-01,2107,256266
NAM,2021-02-02,835,257101
NAM,2021-02-03,828,257929
NAM,2021-02-04,1141,259070
NAM,2021-02-05,1549,260619
NAM,2021-02-06,1563,262182
NAM,2021-02-07,1037,263219
NAM,2021-02-08,867,264086
NAM,2021-02-09,1181,265267
NAM,2021-02-10,1019,266286
NAM,2021-02-11,1245,267531
NAM,2021-02-12,1584,269115
NAM,2021-02-13,1284,270399
NAM,2021-02-14,1084,271483
NAM,2021-02-15,1544,273027
NAM,2021-02-16,827,273854
NAM,2021-02-17,987,274841
NAM,2021-02-18,1635,276476
NAM,2021-02-19,1551,278027
NAM,2021-02-20,2073,280100
NAM,2021-02-21,1250,281350
NAM,2021-02-22,1248,282598
NAM,2021-02-23,1206,283804
NAM,2021-02-24,551,284355
NAM,2021-02-25,2225,286580
NAM,2021-02-26,1846,288426
NAM,2021-02-27,1455,289881
NAM,2021-02-28,1433,291314
NAM,2021-03-01,1509,292823
NAM,2021-03-02,947,293770
NAM,2021-03-03,1095,294865
NAM,2021-03-04,1473,296338
NAM,2021-03-05,1215,297553
NAM,2021-03-06,1756,299309
NAM,2021-03-07,1356,300665
NAM,2021-03-08,1686,302351
NAM,2021-03-09,1044,303395
NAM,2021-03-10,959,304354
NAM,2021-03-11,2055,306409
NAM,2021-03-12,1659,308068
NAM,2021-03-13,1525,309593
NAM,2021-03-14,1337,310930
NAM,2021-03-15,1634,312564
NAM,2021-03-16,784,313348
NAM,2021-03-17,544,313892
NAM,2021-03-18,1810,315702
NAM,2021-03-19,2184,317886
NAM,2021-03-20,2014,319900
NAM,2021-03-21,1809,321709
NAM,2021-03-22,1498,323207
NAM,2021-03-23,761,323968
NAM,2021-03-24,1072,325040
NAM,2021-03-25,1381,326421
NAM,2021-03-26,1560,327981
NAM,2021-03-27,2082,330063
NAM,2021-03-28,1388,331451
NAM,2021-03-29,1733,333184
NAM,2021-03-30,969,334153
NAM,2021-03-31,1384,335537
NAM,2021-04-01,1919,337456
NAM,2021-04-02,1231,338687
NAM,2021-04-03,1059,339746
NAM,2021-04-04,888,340634
NAM,2021-04-05,641,341275
NAM,2021-04-06,1406,342681
NAM,2021-04-07,1222,343903
NAM,2021-04-08,959,344862
NAM,2021-04-09,1841,346703
NAM,2021-04-10,1593,348296
NAM,2021-04-11,1787,350083
NAM,2021-04-12,1978,352061
NAM,2021-04-13,2527,354588
NAM,2021-04-14,0,354588
NAM,2021-04-15,0,354588
NAM,2021-04-16,1253,355841
NAM,2021-04-17,1074,356915
NAM,2021-04-18,1062,357977
NAM,2021-04-19,1122,359099
NAM,2021-04-20,1481,360580
NAM,2021-04-21,1273,361853
NAM,2021-04-22,1375,363228
NAM,2021-04-23,1928,365156
NAM,2021-04-24,1843,366999
NAM,2021-04-25,1094,368093
NAM,2021-04-26,1003,369096
NAM,2021-04-27,622,369718
NAM,2021-04-28,1961,371679
NAM,2021-04-29,1805,373484
NAM,2021-04-30,2001,375485
NAM,2021-05-01,0,375485
NAM,2021-05-02,0,375485
NAM,2021-05-03,0,375485
NAM,2021-05-04,0,375485
NAM,2021-05-05,0,375485
NAM,2021-05-06,1251,376736
NAM,2021-05-07,1263,377999
NAM,2021-05-08,2292,380291
NAM,2021-05-09,1131,381422
NAM,2021-05-10,775,382197
NAM,2021-05-11,1171,383368
NAM,2021-05-12,1891,385259
NAM,2021-05-13,1561,386820
NAM,2021-05-14,0,386820
NAM,2021-05-15,0,386820
NAM,2021-05-16,845,387665
NAM,2021-05-17,1596,389261
NAM,2021-05-18,1694,390955
NAM,2021-05-19,1592,392547
NAM,2021-05-20,0,392547
NAM,2021-05-21,0,392547
NAM,2021-05-22,1777,394324
NAM,2021-05-23,1323,395647
NAM,2021-05-24,1094,396741
NAM,2021-05-25,1242,397983
NAM,2021-05-26,723,398706
NAM,2021-05-27,2131,400837
NAM,2021-05-28,2033,402870
NAM,2021-05-29,2103,404973
NAM,2021-05-30,2417,407390
NAM,2021-05-31,2234,409624
NAM,2021-06-01,1297,410921
NAM,2021-06-02,1502,412423
NAM,2021-06-03,3146,415569
NAM,2021-06-04,2239,417808
NAM,2021-06-05,2719,420527
NAM,2021-06-06,2328,422855
NAM,2021-06-07,1152,424007
NAM,2021-06-08,2596,426603
NAM,2021-06-09,2068,428671
NAM,2021-06-10,3178,431849
NAM,2021-06-11,4211,436060
NAM,2021-06-12,3973,440033
NAM,2021-06-13,2468,442501
NAM,2021-06-14,1594,444095
NAM,2021-06-15,3325,447420
NAM,2021-06-16,5833,453253
NAM,2021-06-17,3070,456323
NAM,2021-06-18,4586,460909
NAM,2021-06-19,3569,464478
NAM,2021-06-20,3794,468272
NAM,2021-06-21,2597,470869
NAM,2021-06-22,3725,474594
NAM,2021-06-23,3653,478247
NPL,2020-01-28,0,0
NPL,2020-01-29,1,1
NPL,2020-01-30,1,2
NPL,2020-01-31,0,2
NPL,2020-02-01,0,2
NPL,2020-02-02,0,2
NPL,2020-02-03,0,2
NPL,2020-02-04,0,2
NPL,2020-02-05,0,2
NPL,2020-02-06,0,2
NPL,2020-02-07,0,2
NPL,2020-02-08,0,2
NPL,2020-02-09,0,2
NPL,2020-02-10,0,2
NPL,2020-02-11,0,2
NPL,2020-02-12,0,2
NPL,2020-02-13,4,6
NPL,2020-02-14,0,6
NPL,2020-02-15,0,6
NPL,2020-02-16,0,6
NPL,2020-02-17,0,6
NPL,2020-02-18,0,6
NPL,2020-02-19,175,181
NPL,2020-02-20,2,183
NPL,2020-02-21,0,183
NPL,2020-02-22,0,183
NPL,2020-02-23,0,183
NPL,2020-02-24,1,184
NPL,2020-02-25,4,188
NPL,2020-02-26,1,189
NPL,2020-02-27,0,189
NPL,2020-02-28,0,189
NPL,2020-02-29,0,189
NPL,2020-03-01,0,189
NPL,2020-03-02,182,371
NPL,2020-03-03,8,379
NPL,2020-03-04,0,379
NPL,2020-03-05,0,379
NPL,2020-03-06,0,379
NPL,2020-03-07,0,379
NPL,2020-03-08,0,379
NPL,2020-03-09,0,379
NPL,2020-03-10,0,379
NPL,2020-03-11,2,381
NPL,2020-03-12,3,384
NPL,2020-03-13,6,390
NPL,2020-03-14,0,390
NPL,2020-03-15,0,390
NPL,2020-03-16,11,401
NPL,2020-03-17,18,419
NPL,2020-03-18,16,435
NPL,2020-03-19,17,452
NPL,2020-03-20,17,469
NPL,2020-03-21,0,469
NPL,2020-03-22,0,469
NPL,2020-03-23,37,506
NPL,2020-03-24,1,507
NPL,2020-03-25,77,584
NPL,2020-03-26,71,655
NPL,2020-03-27,44,699
NPL,2020-03-28,73,772
NPL,2020-03-29,42,814
NPL,2020-03-30,76,890
NPL,2020-03-31,67,957
NPL,2020-04-01,85,1042
NPL,2020-04-02,40,1082
NPL,2020-04-03,123,1205
NPL,2020-04-04,213,1418
NPL,2020-04-05,121,1539
NPL,2020-04-06,248,1787
NPL,2020-04-07,232,2019
NPL,2020-04-08,244,2263
NPL,2020-04-09,529,2792
NPL,2020-04-10,630,3422
NPL,2020-04-11,901,4323
NPL,2020-04-12,758,5081
NPL,2020-04-13,507,5588
NPL,2020-04-14,608,6196
NPL,2020-04-15,572,6768
NPL,2020-04-16,369,7137
NPL,2020-04-17,218,7355
NPL,2020-04-18,555,7910
NPL,2020-04-19,68,7978
NPL,2020-04-20,333,8311
NPL,2020-04-21,349,8660
NPL,2020-04-22,251,8911
NPL,2020-04-23,186,9097
NPL,2020-04-24,206,9303
NPL,2020-04-25,260,9563
NPL,2020-04-26,265,9828
NPL,2020-04-27,540,10368
NPL,2020-04-28,336,10704
NPL,2020-04-29,717,11421
NPL,2020-04-30,487,11908
NPL,2020-05-01,566,12474
NPL,2020-05-02,521,12995
NPL,2020-05-03,326,13321
NPL,2020-05-04,216,13537
NPL,2020-05-05,210,13747
NPL,2020-05-06,246,13993
NPL,2020-05-07,415,14408
NPL,2020-05-08,981,15389
NPL,2020-05-09,817,16206
NPL,2020-05-10,589,16795
NPL,2020-05-11,911,17706
NPL,2020-05-12,1155,18861
NPL,2020-05-13,2376,21237
NPL,2020-05-14,1324,22561
NPL,2020-05-15,1250,23811
NPL,2020-05-16,2777,26588
NPL,2020-05-17,1470,28058
NPL,2020-05-18,2563,30621
NPL,2020-05-19,2282,32903
NPL,2020-05-20,2488,35391
NPL,2020-05-21,3243,38634
NPL,2020-05-22,3780,42414
NPL,2020-05-23,3442,45856
NPL,2020-05-24,2856,48712
NPL,2020-05-25,2827,51539
NPL,2020-05-26,3055,54594
NPL,2020-05-27,3580,58174
NPL,2020-05-28,2639,60813
NPL,2020-05-29,3238,64051
NPL,2020-05-30,2575,66626
NPL,2020-05-31,2858,69484
NPL,2020-06-01,2316,71800
NPL,2020-06-02,3440,75240
NPL,2020-06-03,4924,80164
NPL,2020-06-04,3867,84031
NPL,2020-06-05,4232,88263
NPL,2020-06-06,4111,92374
NPL,2020-06-07,3728,96102
NPL,2020-06-08,4766,100868
NPL,2020-06-09,5359,106227
NPL,2020-06-10,4414,110641
NPL,2020-06-11,5193,115834
NPL,2020-06-12,5925,121759
NPL,2020-06-13,5426,127185
NPL,2020-06-14,6089,133274
NPL,2020-06-15,5306,138580
NPL,2020-06-16,5055,143635
NPL,2020-06-17,6034,149669
NPL,2020-06-18,5746,155415
NPL,2020-06-19,6231,161646
NPL,2020-06-20,7416,169062
NPL,2020-06-21,6008,175070
NPL,2020-06-22,6198,181268
NPL,2020-06-23,4995,186263
NPL,2020-06-24,6828,193091
NPL,2020-06-25,6543,199634
NPL,2020-06-26,6534,206168
NPL,2020-06-27,4606,210774
NPL,2020-06-28,4962,215736
NPL,2020-06-29,7791,223527
NPL,2020-06-30,4711,228238
NPL,2020-07-01,4886,233124
NPL,2020-07-02,4537,237661
NPL,2020-07-03,4483,242144
NPL,2020-07-04,4050,246194
NPL,2020-07-05,4710,250904
NPL,2020-07-06,4721,255625
NPL,2020-07-07,6133,261758
NPL,2020-07-08,4696,266454
NPL,2020-07-09,4588,271042
NPL,2020-07-10,4806,275848
NPL,2020-07-11,3648,279496
NPL,2020-07-12,3916,283412
NPL,2020-07-13,5802,289214
NPL,2020-07-14,4422,293636
NPL,2020-07-15,5090,298726
NPL,2020-07-16,4981,303707
NPL,2020-07-17,4688,308395
NPL,2020-07-18,3331,311726
NPL,2020-07-19,3741,315467
NPL,2020-07-20,4302,319769
NPL,2020-07-21,3544,323313
NPL,2020-07-22,4198,327511
NPL,2020-07-23,3481,330992
NPL,2020-07-24,3987,334979
NPL,2020-07-25,4075,339054
NPL,2020-07-26,3300,342354
NPL,2020-07-27,4818,347172
NPL,2020-07-28,5032,352204
NPL,2020-07-29,6037,358241
NPL,2020-07-30,6304,364545
NPL,2020-07-31,10768,375313
NPL,2020-08-01,6993,382306
NPL,2020-08-02,8861,391167
NPL,2020-08-03,7637,398804
NPL,2020-08-04,7687,406491
NPL,2020-08-05,6359,412850
NPL,2020-08-06,6622,419472
NPL,2020-08-07,7926,427398
NPL,2020-08-08,7788,435186
NPL,2020-08-09,8515,443701
NPL,2020-08-10,8432,452133
NPL,2020-08-11,10462,462595
NPL,2020-08-12,10481,473076
NPL,2020-08-13,9859,482935
NPL,2020-08-14,11575,494510
NPL,2020-08-15,11047,505557
NPL,2020-08-16,12247,517804
NPL,2020-08-17,11520,529324
NPL,2020-08-18,13439,542763
NPL,2020-08-19,11522,554285
NPL,2020-08-20,11832,566117
NPL,2020-08-21,13679,579796
NPL,2020-08-22,12519,592315
NPL,2020-08-23,8026,600341
NPL,2020-08-24,10234,610575
NPL,2020-08-25,11321,621896
NPL,2020-08-26,13253,635149
NPL,2020-08-27,12629,647778
NPL,2020-08-28,10229,658007
NPL,2020-08-29,11516,669523
NPL,2020-08-30,12717,682240
NPL,2020-08-31,11129,693369
NPL,2020-09-01,12088,705457
NPL,2020-09-02,12879,718336
NPL,2020-09-03,13413,731749
NPL,2020-09-04,13638,745387
NPL,2020-09-05,12473,757860
NPL,2020-09-06,10382,768242
NPL,2020-09-07,9218,777460
NPL,2020-09-08,10611,788071
NPL,2020-09-09,11167,799238
NPL,2020-09-10,11144,810382
NPL,2020-09-11,10701,821083
NPL,2020-09-12,10176,831259
NPL,2020-09-13,9165,840424
NPL,2020-09-14,10878,851302
NPL,2020-09-15,10375,861677
NPL,2020-09-16,10494,872171
NPL,2020-09-17,10641,882812
NPL,2020-09-18,11458,894270
NPL,2020-09-19,10333,904603
NPL,2020-09-20,9584,914187
NPL,2020-09-21,9533,923720
NPL,2020-09-22,11154,934874
NPL,2020-09-23,9497,944371
NPL,2020-09-24,11449,955820
NPL,2020-09-25,12262,968082
NPL,2020-09-26,10019,978101
NPL,2020-09-27,10123,988224
NPL,2020-09-28,10080,998304
NPL,2020-09-29,10891,1009195
NPL,2020-09-30,12205,1021400
NPL,2020-10-01,12444,1033844
NPL,2020-10-02,14739,1048583
NPL,2020-10-03,12978,1061561
NPL,2020-10-04,12784,1074345
NPL,2020-10-05,13781,1088126
NPL,2020-10-06,11047,1099173
NPL,2020-10-07,14209,1113382
NPL,2020-10-08,18473,1131855
NPL,2020-10-09,13279,1145134
NPL,2020-10-10,19320,1164454
NPL,2020-10-11,12427,1176881
NPL,2020-10-12,14530,1191411
NPL,2020-10-13,15577,1206988
NPL,2020-10-14,13947,1220935
NPL,2020-10-15,16598,1237533
NPL,2020-10-16,16531,1254064
NPL,2020-10-17,15438,1269502
NPL,2020-10-18,13749,1283251
NPL,2020-10-19,17564,1300815
NPL,2020-10-20,13861,1314676
NPL,2020-10-21,20118,1334794
NPL,2020-10-22,15255,1350049
NPL,2020-10-23,16864,1366913
NPL,2020-10-24,13846,1380759
NPL,2020-10-25,12311,1393070
NPL,2020-10-26,5006,1398076
NPL,2020-10-27,2515,1400591
NPL,2020-10-28,8601,1409192
NPL,2020-10-29,9769,1418961
NPL,2020-10-30,14989,1433950
NPL,2020-10-31,9290,1443240
NPL,2020-11-01,13023,1456263
NPL,2020-11-02,13446,1469709
NPL,2020-11-03,11166,1480875
NPL,2020-11-04,13144,1494019
NPL,2020-11-05,13068,1507087
NPL,2020-11-06,10153,1517240
NPL,2020-11-07,10423,1527663
NPL,2020-11-08,12311,1539974
NPL,2020-11-09,11177,1551151
NPL,2020-11-10,12960,1564111
NPL,2020-11-11,10081,1574192
NPL,2020-11-12,10022,1584214
NPL,2020-11-13,9533,1593747
NPL,2020-11-14,8753,1602500
NPL,2020-11-15,6476,1608976
NPL,2020-11-16,4832,1613808
NPL,2020-11-17,3112,1616920
NPL,2020-11-18,6731,1623651
NPL,2020-11-19,9805,1633456
NPL,2020-11-20,10340,1643796
NPL,2020-11-21,8144,1651940
NPL,2020-11-22,8032,1659972
NPL,2020-11-23,10381,1670353
NPL,2020-11-24,10843,1681196
NPL,2020-11-25,9210,1690406
NPL,2020-11-26,9491,1699897
NPL,2020-11-27,10460,1710357
NPL,2020-11-28,9368,1719725
NPL,2020-11-29,8008,1727733
NPL,2020-11-30,9911,1737644
NPL,2020-12-01,8583,1746227
NPL,2020-12-02,8300,1754527
NPL,2020-12-03,9289,1763816
NPL,2020-12-04,8031,1771847
NPL,2020-12-05,6074,1777921
NPL,2020-12-06,6495,1784416
NPL,2020-12-07,6220,1790636
NPL,2020-12-08,8947,1799583
NPL,2020-12-09,6286,1805869
NPL,2020-12-10,7232,1813101
NPL,2020-12-11,7414,1820515
NPL,2020-12-12,5242,1825757
NPL,2020-12-13,5181,1830938
NPL,2020-12-14,5423,1836361
NPL,2020-12-15,7117,1843478
NPL,2020-12-16,5555,1849033
NPL,2020-12-17,6588,1855621
NPL,2020-12-18,5706,1861327
NPL,2020-12-19,4780,1866107
NPL,2020-12-20,4620,1870727
NPL,2020-12-21,0,1870727
NPL,2020-12-22,0,1870727
NPL,2020-12-23,6559,1877286
NPL,2020-12-24,5510,1882796
NPL,2020-12-25,4142,1886938
NPL,2020-12-26,5434,1892372
NPL,2020-12-27,3828,1896200
NPL,2020-12-28,5578,1901778
NPL,2020-12-29,6135,1907913
NPL,2020-12-30,0,1907913
NPL,2020-12-31,0,1907913
NPL,2021-01-01,5225,1913138
NPL,2021-01-02,0,1913138
NPL,2021-01-03,0,1913138
NPL,2021-01-04,4401,1917539
NPL,2021-01-05,4551,1922090
NPL,2021-01-06,6706,1928796
NPL,2021-01-07,5132,1933928
NPL,2021-01-08,5269,1939197
NPL,2021-01-09,4286,1943483
NPL,2021-01-10,3399,1946882
NPL,2021-01-11,5309,1952191
NPL,2021-01-12,5300,1957491
NPL,2021-01-13,4154,1961645
NPL,2021-01-14,5032,1966677
NPL,2021-01-15,3084,1969761
NPL,2021-01-16,3819,1973580
NPL,2021-01-17,3508,1977088
NPL,2021-01-18,4306,1981394
NPL,2021-01-19,4956,1986350
NPL,2021-01-20,5012,1991362
NPL,2021-01-21,5030,1996392
NPL,2021-01-22,3545,1999937
NPL,2021-01-23,3541,2003478
NPL,2021-01-24,4413,2007891
NPL,2021-01-25,4858,2012749
NPL,2021-01-26,4574,2017323
NPL,2021-01-27,4382,2021705
NPL,2021-01-28,3791,2025496
NPL,2021-01-29,3221,2028717
NPL,2021-01-30,3618,2032335
NPL,2021-01-31,3308,2035643
NPL,2021-02-01,4145,2039788
NPL,2021-02-02,2946,2042734
NPL,2021-02-03,3597,2046331
NPL,2021-02-04,3878,2050209
NPL,2021-02-05,2799,2053008
NPL,2021-02-06,2794,2055802
NPL,2021-02-07,2251,2058053
NPL,2021-02-08,3333,2061386
NPL,2021-02-09,4309,2065695
NPL,2021-02-10,3567,2069262
NPL,2021-02-11,3023,2072285
NPL,2021-02-12,4000,2076285
NPL,2021-02-13,1900,2078185
NPL,2021-02-14,3501,2081686
NPL,2021-02-15,3541,2085227
NPL,2021-02-16,3360,2088587
NPL,2021-02-17,3838,2092425
NPL,2021-02-18,3541,2095966
NPL,2021-02-19,2931,2098897
NPL,2021-02-20,2048,2100945
NPL,2021-02-21,3325,2104270
NPL,2021-02-22,3681,2107951
NPL,2021-02-23,3218,2111169
NPL,2021-02-24,3692,2114861
NPL,2021-02-25,3411,2118272
NPL,2021-02-26,3944,2122216
NPL,2021-02-27,2824,2125040
NPL,2021-02-28,2532,2127572
NPL,2021-03-01,3049,2130621
NPL,2021-03-02,4127,2134748
NPL,2021-03-03,3399,2138147
NPL,2021-03-04,5536,2143683
NPL,2021-03-05,6143,2149826
NPL,2021-03-06,3535,2153361
NPL,2021-03-07,4111,2157472
NPL,2021-03-08,4399,2161871
NPL,2021-03-09,2715,2164586
NPL,2021-03-10,3488,2168074
NPL,2021-03-11,4484,2172558
NPL,2021-03-12,2512,2175070
NPL,2021-03-13,2362,2177432
NPL,2021-03-14,2615,2180047
NPL,2021-03-15,3311,2183358
NPL,2021-03-16,2790,2186148
NPL,2021-03-17,2781,2188929
NPL,2021-03-18,3254,2192183
NPL,2021-03-19,3161,2195344
NPL,2021-03-20,2637,2197981
NPL,2021-03-21,3181,2201162
NPL,2021-03-22,4472,2205634
NPL,2021-03-23,4032,2209666
NPL,2021-03-24,3963,2213629
NPL,2021-03-25,2891,2216520
NPL,2021-03-26,4416,2220936
NPL,2021-03-27,2745,2223681
NPL,2021-03-28,2101,2225782
NPL,2021-03-29,3122,2228904
NPL,2021-03-30,3140,2232044
NPL,2021-03-31,3919,2235963
NPL,2021-04-01,4213,2240176
NPL,2021-04-02,3565,2243741
NPL,2021-04-03,2727,2246468
NPL,2021-04-04,3456,2249924
NPL,2021-04-05,4536,2254460
NPL,2021-04-06,4243,2258703
NPL,2021-04-07,4100,2262803
NPL,2021-04-08,4006,2266809
NPL,2021-04-09,4071,2270880
NPL,2021-04-10,3532,2274412
NPL,2021-04-11,3125,2277537
NPL,2021-04-12,4383,2281920
NPL,2021-04-13,4386,2286306
NPL,2021-04-14,4289,2290595
NPL,2021-04-15,3588,2294183
NPL,2021-04-16,5537,2299720
NPL,2021-04-17,5333,2305053
NPL,2021-04-18,5084,2310137
NPL,2021-04-19,7001,2317138
NPL,2021-04-20,8055,2325193
NPL,2021-04-21,8844,2334037
NPL,2021-04-22,10001,2344038
NPL,2021-04-23,8798,2352836
NPL,2021-04-24,7525,2360361
NPL,2021-04-25,9292,2369653
NPL,2021-04-26,12400,2382053
NPL,2021-04-27,14672,2396725
NPL,2021-04-28,13879,2410604
NPL,2021-04-29,12597,2423201
NPL,2021-04-30,0,2423201
NPL,2021-05-01,0,2423201
NPL,2021-05-02,16117,2439318
NPL,2021-05-03,16688,2456006
NPL,2021-05-04,16131,2472137
NPL,2021-05-05,20756,2492893
NPL,2021-05-06,20367,2513260
NPL,2021-05-07,19987,2533247
NPL,2021-05-08,0,2533247
NPL,2021-05-09,0,2533247
NPL,2021-05-10,17626,2550873
NPL,2021-05-11,20596,2571469
NPL,2021-05-12,20362,2591831
NPL,2021-05-13,19474,2611305
NPL,2021-05-14,20948,2632253
NPL,2021-05-15,17971,2650224
NPL,2021-05-16,19499,2669723
NPL,2021-05-17,21693,2691416
NPL,2021-05-18,20286,2711702
NPL,2021-05-19,21139,2732841
NPL,2021-05-20,21695,2754536
NPL,2021-05-21,22353,2776889
NPL,2021-05-22,19357,2796246
NPL,2021-05-23,18965,2815211
NPL,2021-05-24,19846,2835057
NPL,2021-05-25,22306,2857363
NPL,2021-05-26,19030,2876393
NPL,2021-05-27,20414,2896807
NPL,2021-05-28,19313,2916120
NPL,2021-05-29,14006,2930126
NPL,2021-05-30,10986,2941112
NPL,2021-05-31,15055,2956167
NPL,2021-06-01,17147,2973314
NPL,2021-06-02,13805,2987119
NPL,2021-06-03,18562,3005681
NPL,2021-06-04,14182,3019863
NPL,2021-06-05,11471,3031334
NPL,2021-06-06,10471,3041805
NPL,2021-06-07,12002,3053807
NPL,2021-06-08,12065,3065872
NPL,2021-06-09,12074,3077946
NPL,2021-06-10,9901,3087847
NPL,2021-06-11,9598,3097445
NPL,2021-06-12,8506,3105951
NPL,2021-06-13,7517,3113468
NPL,2021-06-14,9438,3122906
NPL,2021-06-15,7449,3130355
NPL,2021-06-16,8687,3139042
NPL,2021-06-17,7711,3146753
NPL,2021-06-18,7569,3154322
NPL,2021-06-19,7010,3161332
NPL,2021-06-20,6677,3168009
NPL,2021-06-21,6583,3174592
NPL,2021-06-22,12204,3186796
NPL,2021-06-23,7461,3194257
NPL,2021-06-24,7235,3201492
NLD,2020-03-15,0,0
NLD,2020-03-16,0,0
NLD,2020-03-17,0,0
NLD,2020-03-18,0,0
NLD,2020-03-19,0,0
NLD,2020-03-20,0,0
NLD,2020-03-21,0,0
NLD,2020-03-22,0,0
NLD,2020-03-23,0,0
NLD,2020-03-24,0,0
NLD,2020-03-25,0,0
NLD,2020-03-26,0,0
NLD,2020-03-27,0,0
NLD,2020-03-28,0,0
NLD,2020-03-29,0,0
NLD,2020-03-30,0,0
NLD,2020-03-31,0,0
NLD,2020-04-01,0,0
NLD,2020-04-02,0,0
NLD,2020-04-03,0,0
NLD,2020-04-04,0,0
NLD,2020-04-05,0,0
NLD,2020-04-06,0,0
NLD,2020-04-07,0,0
NLD,2020-04-08,0,0
NLD,2020-04-09,0,0
NLD,2020-04-10,0,0
NLD,2020-04-11,0,0
NLD,2020-04-12,0,0
NLD,2020-04-13,0,0
NLD,2020-04-14,0,0
NLD,2020-04-15,0,0
NLD,2020-04-16,0,0
NLD,2020-04-17,0,0
NLD,2020-04-18,0,0
NLD,2020-04-19,0,0
NLD,2020-04-20,0,0
NLD,2020-04-21,0,0
NLD,2020-04-22,0,0
NLD,2020-04-23,0,0
NLD,2020-04-24,0,0
NLD,2020-04-25,0,0
NLD,2020-04-26,0,0
NLD,2020-04-27,0,0
NLD,2020-04-28,0,0
NLD,2020-04-29,0,0
NLD,2020-04-30,0,0
NLD,2020-05-01,0,0
NLD,2020-05-02,0,0
NLD,2020-05-03,0,0
NLD,2020-05-04,0,0
NLD,2020-05-05,0,0
NLD,2020-05-06,0,0
NLD,2020-05-07,0,0
NLD,2020-05-08,0,0
NLD,2020-05-09,0,0
NLD,2020-05-10,0,0
NLD,2020-05-11,0,0
NLD,2020-05-12,0,0
NLD,2020-05-13,0,0
NLD,2020-05-14,0,0
NLD,2020-05-15,0,0
NLD,2020-05-16,0,0
NLD,2020-05-17,0,0
NLD,2020-05-18,0,0
NLD,2020-05-19,0,0
NLD,2020-05-20,0,0
NLD,2020-05-21,0,0
NLD,2020-05-22,0,0
NLD,2020-05-23,0,0
NLD,2020-05-24,0,0
NLD,2020-05-25,0,0
NLD,2020-05-26,0,0
NLD,2020-05-27,0,0
NLD,2020-05-28,0,0
NLD,2020-05-29,0,0
NLD,2020-05-30,0,0
NLD,2020-05-31,0,0
NLD,2020-06-01,0,0
NLD,2020-06-02,0,0
NLD,2020-06-03,0,0
NLD,2020-06-04,0,0
NLD,2020-06-05,0,0
NLD,2020-06-06,0,0
NLD,2020-06-07,0,0
NLD,2020-06-08,0,0
NLD,2020-06-09,0,0
NLD,2020-06-10,0,0
NLD,2020-06-11,0,0
NLD,2020-06-12,0,0
NLD,2020-06-13,0,0
NLD,2020-06-14,0,0
NLD,2020-06-15,0,0
NLD,2020-06-16,0,0
NLD,2020-06-17,0,0
NLD,2020-06-18,0,0
NLD,2020-06-19,0,0
NLD,2020-06-20,0,0
NLD,2020-06-21,0,0
NLD,2020-06-22,0,0
NLD,2020-06-23,0,0
NLD,2020-06-24,0,0
NLD,2020-06-25,0,0
NLD,2020-06-26,0,0
NLD,2020-06-27,0,0
NLD,2020-06-28,0,0
NLD,2020-06-29,0,0
NLD,2020-06-30,0,0
NLD,2020-07-01,0,0
NLD,2020-07-02,0,0
NLD,2020-07-03,0,0
NLD,2020-07-04,0,0
NLD,2020-07-05,0,0
NLD,2020-07-06,0,0
NLD,2020-07-07,0,0
NLD,2020-07-08,0,0
NLD,2020-07-09,0,0
NLD,2020-07-10,0,0
NLD,2020-07-11,0,0
NLD,2020-07-12,0,0
NLD,2020-07-13,0,0
NLD,2020-07-14,0,0
NLD,2020-07-15,0,0
NLD,2020-07-16,0,0
NLD,2020-07-17,0,0
NLD,2020-07-18,0,0
NLD,2020-07-19,0,0
NLD,2020-07-20,0,0
NLD,2020-07-21,0,0
NLD,2020-07-22,0,0
NLD,2020-07-23,0,0
NLD,2020-07-24,0,0
NLD,2020-07-25,0,0
NLD,2020-07-26,0,0
NLD,2020-07-27,0,0
NLD,2020-07-28,0,0
NLD,2020-07-29,0,0
NLD,2020-07-30,0,0
NLD,2020-07-31,0,0
NLD,2020-08-01,0,0
NLD,2020-08-02,0,0
NLD,2020-08-03,0,0
NLD,2020-08-04,0,0
NLD,2020-08-05,0,0
NLD,2020-08-06,0,0
NLD,2020-08-07,0,0
NLD,2020-08-08,0,0
NLD,2020-08-09,0,0
NLD,2020-08-10,0,0
NLD,2020-08-11,0,0
NLD,2020-08-12,0,0
NLD,2020-08-13,0,0
NLD,2020-08-14,0,0
NLD,2020-08-15,0,0
NLD,2020-08-16,0,0
NLD,2020-08-17,0,0
NLD,2020-08-18,0,0
NLD,2020-08-19,0,0
NLD,2020-08-20,0,0
NLD,2020-08-21,0,0
NLD,2020-08-22,0,0
NLD,2020-08-23,0,0
NLD,2020-08-24,0,0
NLD,2020-08-25,0,0
NLD,2020-08-26,0,0
NLD,2020-08-27,0,0
NLD,2020-08-28,0,0
NLD,2020-08-29,0,0
NLD,2020-08-30,0,0
NLD,2020-08-31,0,0
NLD,2020-09-01,0,0
NLD,2020-09-02,0,0
NLD,2020-09-03,0,0
NLD,2020-09-04,0,0
NLD,2020-09-05,0,0
NLD,2020-09-06,0,0
NLD,2020-09-07,0,0
NLD,2020-09-08,0,0
NLD,2020-09-09,0,0
NLD,2020-09-10,0,0
NLD,2020-09-11,0,0
NLD,2020-09-12,0,0
NLD,2020-09-13,0,0
NLD,2020-09-14,0,0
NLD,2020-09-15,0,0
NLD,2020-09-16,0,0
NLD,2020-09-17,0,0
NLD,2020-09-18,0,0
NLD,2020-09-19,0,0
NLD,2020-09-20,0,0
NLD,2020-09-21,0,0
NLD,2020-09-22,0,0
NLD,2020-09-23,0,0
NLD,2020-09-24,0,0
NLD,2020-09-25,0,0
NLD,2020-09-26,0,0
NLD,2020-09-27,0,0
NLD,2020-09-28,0,0
NLD,2020-09-29,0,0
NLD,2020-09-30,0,0
NLD,2020-10-01,0,0
NLD,2020-10-02,0,0
NLD,2020-10-03,0,0
NLD,2020-10-04,0,0
NLD,2020-10-05,0,0
NLD,2020-10-06,0,0
NLD,2020-10-07,0,0
NLD,2020-10-08,0,0
NLD,2020-10-09,0,0
NLD,2020-10-10,0,0
NLD,2020-10-11,0,0
NLD,2020-10-12,0,0
NLD,2020-10-13,0,0
NLD,2020-10-14,0,0
NLD,2020-10-15,0,0
NLD,2020-10-16,0,0
NLD,2020-10-17,0,0
NLD,2020-10-18,0,0
NLD,2020-10-19,0,0
NLD,2020-10-20,0,0
NLD,2020-10-21,0,0
NLD,2020-10-22,0,0
NLD,2020-10-23,0,0
NLD,2020-10-24,0,0
NLD,2020-10-25,0,0
NLD,2020-10-26,0,0
NLD,2020-10-27,0,0
NLD,2020-10-28,0,0
NLD,2020-10-29,0,0
NLD,2020-10-30,0,0
NLD,2020-10-31,0,0
NLD,2020-11-01,0,0
NLD,2020-11-02,0,0
NLD,2020-11-03,0,0
NLD,2020-11-04,0,0
NLD,2020-11-05,0,0
NLD,2020-11-06,0,0
NLD,2020-11-07,0,0
NLD,2020-11-08,0,0
NLD,2020-11-09,0,0
NLD,2020-11-10,0,0
NLD,2020-11-11,0,0
NLD,2020-11-12,0,0
NLD,2020-11-13,0,0
NLD,2020-11-14,0,0
NLD,2020-11-15,0,0
NLD,2020-11-16,0,0
NLD,2020-11-17,0,0
NLD,2020-11-18,0,0
NLD,2020-11-19,0,0
NLD,2020-11-20,0,0
NLD,2020-11-21,0,0
NLD,2020-11-22,0,0
NLD,2020-11-23,0,0
NLD,2020-11-24,0,0
NLD,2020-11-25,0,0
NLD,2020-11-26,0,0
NLD,2020-11-27,0,0
NLD,2020-11-28,0,0
NLD,2020-11-29,0,0
NLD,2020-11-30,0,0
NLD,2020-12-01,0,0
NLD,2020-12-02,0,0
NLD,2020-12-03,0,0
NLD,2020-12-04,0,0
NLD,2020-12-05,0,0
NLD,2020-12-06,0,0
NLD,2020-12-07,0,0
NLD,2020-12-08,0,0
NLD,2020-12-09,0,0
NLD,2020-12-10,0,0
NLD,2020-12-11,0,0
NLD,2020-12-12,0,0
NLD,2020-12-13,0,0
NLD,2020-12-14,0,0
NLD,2020-12-15,0,0
NLD,2020-12-16,0,0
NLD,2020-12-17,0,0
NLD,2020-12-18,0,0
NLD,2020-12-19,0,0
NLD,2020-12-20,0,0
NLD,2020-12-21,0,0
NLD,2020-12-22,0,0
NLD,2020-12-23,0,0
NLD,2020-12-24,0,0
NLD,2020-12-25,0,0
NLD,2020-12-26,0,0
NLD,2020-12-27,0,0
NLD,2020-12-28,0,0
NLD,2020-12-29,0,0
NLD,2020-12-30,0,0
NLD,2020-12-31,0,0
NLD,2021-01-01,0,0
NLD,2021-01-02,0,0
NLD,2021-01-03,0,0
NLD,2021-01-04,0,0
NLD,2021-01-05,0,0
NLD,2021-01-06,0,0
NLD,2021-01-07,0,0
NLD,2021-01-08,0,0
NLD,2021-01-09,0,0
NLD,2021-01-10,0,0
NLD,2021-01-11,0,0
NLD,2021-01-12,0,0
NLD,2021-01-13,0,0
NLD,2021-01-14,0,0
NLD,2021-01-15,0,0
NLD,2021-01-16,0,0
NLD,2021-01-17,0,0
NLD,2021-01-18,0,0
NLD,2021-01-19,0,0
NLD,2021-01-20,0,0
NLD,2021-01-21,0,0
NLD,2021-01-22,0,0
NLD,2021-01-23,0,0
NLD,2021-01-24,0,0
NLD,2021-01-25,0,0
NLD,2021-01-26,0,0
NLD,2021-01-27,0,0
NLD,2021-01-28,0,0
NLD,2021-01-29,0,0
NLD,2021-01-30,0,0
NLD,2021-01-31,0,0
NLD,2021-02-01,0,0
NLD,2021-02-02,0,0
NLD,2021-02-03,0,0
NLD,2021-02-04,0,0
NLD,2021-02-05,0,0
NLD,2021-02-06,0,0
NLD,2021-02-07,0,0
NLD,2021-02-08,0,0
NLD,2021-02-09,0,0
NLD,2021-02-10,0,0
NLD,2021-02-11,0,0
NLD,2021-02-12,0,0
NLD,2021-02-13,0,0
NLD,2021-02-14,0,0
NLD,2021-02-15,0,0
NLD,2021-02-16,0,0
NLD,2021-02-17,0,0
NLD,2021-02-18,0,0
NLD,2021-02-19,0,0
NLD,2021-02-20,0,0
NLD,2021-02-21,0,0
NLD,2021-02-22,0,0
NLD,2021-02-23,0,0
NLD,2021-02-24,0,0
NLD,2021-02-25,0,0
NLD,2021-02-26,0,0
NLD,2021-02-27,0,0
NLD,2021-02-28,0,0
NLD,2021-03-01,0,0
NLD,2021-03-02,0,0
NLD,2021-03-03,0,0
NLD,2021-03-04,0,0
NLD,2021-03-05,0,0
NLD,2021-03-06,0,0
NLD,2021-03-07,0,0
NLD,2021-03-08,0,0
NLD,2021-03-09,0,0
NLD,2021-03-10,0,0
NLD,2021-03-11,0,0
NLD,2021-03-12,0,0
NLD,2021-03-13,0,0
NLD,2021-03-14,0,0
NLD,2021-03-15,0,0
NLD,2021-03-16,0,0
NLD,2021-03-17,0,0
NLD,2021-03-18,0,0
NLD,2021-03-19,0,0
NLD,2021-03-20,0,0
NLD,2021-03-21,0,0
NLD,2021-03-22,0,0
NLD,2021-03-23,0,0
NLD,2021-03-24,0,0
NLD,2021-03-25,0,0
NLD,2021-03-26,0,0
NLD,2021-03-27,0,0
NLD,2021-03-28,0,0
NLD,2021-03-29,0,0
NLD,2021-03-30,0,0
NLD,2021-03-31,0,0
NLD,2021-04-01,0,0
NLD,2021-04-02,0,0
NLD,2021-04-03,0,0
NLD,2021-04-04,0,0
NLD,2021-04-05,0,0
NLD,2021-04-06,0,0
NLD,2021-04-07,0,0
NLD,2021-04-08,0,0
NLD,2021-04-09,0,0
NLD,2021-04-10,0,0
NLD,2021-04-11,0,0
NLD,2021-04-12,0,0
NLD,2021-04-13,0,0
NLD,2021-04-14,0,0
NLD,2021-04-15,0,0
NLD,2021-04-16,0,0
NLD,2021-04-17,0,0
NLD,2021-04-18,0,0
NLD,2021-04-19,0,0
NLD,2021-04-20,0,0
NLD,2021-04-21,0,0
NLD,2021-04-22,0,0
NLD,2021-04-23,0,0
NLD,2021-04-24,0,0
NLD,2021-04-25,0,0
NLD,2021-04-26,0,0
NLD,2021-04-27,0,0
NLD,2021-04-28,0,0
NLD,2021-04-29,0,0
NLD,2021-04-30,0,0
NLD,2021-05-01,0,0
NLD,2021-05-02,0,0
NLD,2021-05-03,0,0
NLD,2021-05-04,0,0
NLD,2021-05-05,0,0
NLD,2021-05-06,0,0
NLD,2021-05-07,0,0
NLD,2021-05-08,0,0
NLD,2021-05-09,0,0
NLD,2021-05-10,0,0
NLD,2021-05-11,0,0
NLD,2021-05-12,0,0
NLD,2021-05-13,0,0
NLD,2021-05-14,0,0
NLD,2021-05-15,0,0
NLD,2021-05-16,0,0
NLD,2021-05-17,0,0
NLD,2021-05-18,0,0
NLD,2021-05-19,0,0
NLD,2021-05-20,0,0
NLD,2021-05-21,0,0
NLD,2021-05-22,0,0
NLD,2021-05-23,0,0
NLD,2021-05-24,0,0
NLD,2021-05-25,0,0
NLD,2021-05-26,0,0
NLD,2021-05-27,0,0
NLD,2021-05-28,0,0
NLD,2021-05-29,0,0
NLD,2021-05-30,0,0
NLD,2021-05-31,0,0
NLD,2021-06-01,0,0
NLD,2021-06-02,0,0
NLD,2021-06-03,0,0
NLD,2021-06-04,0,0
NLD,2021-06-05,0,0
NLD,2021-06-06,0,0
NLD,2021-06-07,0,0
NLD,2021-06-08,0,0
NLD,2021-06-09,0,0
NLD,2021-06-10,0,0
NLD,2021-06-11,0,0
NLD,2021-06-12,0,0
NLD,2021-06-13,0,0
NLD,2021-06-14,0,0
NLD,2021-06-15,0,0
NLD,2021-06-16,0,0
NLD,2021-06-17,0,0
NLD,2021-06-18,0,0
NLD,2021-06-19,0,0
NLD,2021-06-20,0,0
NZL,2020-03-01,0,0
NZL,2020-03-02,29,29
NZL,2020-03-03,26,55
NZL,2020-03-04,25,80
NZL,2020-03-05,27,107
NZL,2020-03-06,66,173
NZL,2020-03-07,44,217
NZL,2020-03-08,28,245
NZL,2020-03-09,79,324
NZL,2020-03-10,88,412
NZL,2020-03-11,83,495
NZL,2020-03-12,97,592
NZL,2020-03-13,120,712
NZL,2020-03-14,128,840
NZL,2020-03-15,88,928
NZL,2020-03-16,404,1332
NZL,2020-03-17,921,2253
NZL,2020-03-18,1010,3263
NZL,2020-03-19,1384,4647
NZL,2020-03-20,1734,6381
NZL,2020-03-21,1281,7662
NZL,2020-03-22,873,8535
NZL,2020-03-23,1898,10433
NZL,2020-03-24,2192,12625
NZL,2020-03-25,1952,14577
NZL,2020-03-26,2088,16665
NZL,2020-03-27,1853,18518
NZL,2020-03-28,1366,19884
NZL,2020-03-29,982,20866
NZL,2020-03-30,1959,22825
NZL,2020-03-31,2036,24861
NZL,2020-04-01,3662,28523
NZL,2020-04-02,4057,32580
NZL,2020-04-03,4361,36941
NZL,2020-04-04,2603,39544
NZL,2020-04-05,2541,42085
NZL,2020-04-06,3378,45463
NZL,2020-04-07,4834,50297
NZL,2020-04-08,3705,54002
NZL,2020-04-09,3788,57790
NZL,2020-04-10,1716,59506
NZL,2020-04-11,1794,61300
NZL,2020-04-12,1350,62650
NZL,2020-04-13,1482,64132
NZL,2020-04-14,3123,67255
NZL,2020-04-15,4021,71276
NZL,2020-04-16,4396,75672
NZL,2020-04-17,4850,80522
NZL,2020-04-18,3206,83728
NZL,2020-04-19,2306,86034
NZL,2020-04-20,5732,91766
NZL,2020-04-21,7124,98890
NZL,2020-04-22,6243,105133
NZL,2020-04-23,6640,111773
NZL,2020-04-24,6543,118316
NZL,2020-04-25,2741,121057
NZL,2020-04-26,2098,123155
NZL,2020-04-27,2034,125189
NZL,2020-04-28,5102,130291
NZL,2020-04-29,5351,135642
NZL,2020-04-30,5474,141116
NZL,2020-05-01,5653,146769
NZL,2020-05-02,2803,149572
NZL,2020-05-03,1660,151232
NZL,2020-05-04,5237,156469
NZL,2020-05-05,6864,163333
NZL,2020-05-06,7282,170615
NZL,2020-05-07,7814,178429
NZL,2020-05-08,8435,186864
NZL,2020-05-09,3435,190299
NZL,2020-05-10,1745,192044
NZL,2020-05-11,5427,197471
NZL,2020-05-12,7495,204966
NZL,2020-05-13,6857,211823
NZL,2020-05-14,6582,218405
NZL,2020-05-15,5780,224185
NZL,2020-05-16,2379,226564
NZL,2020-05-17,1552,228116
NZL,2020-05-18,5397,233513
NZL,2020-05-19,5701,239214
NZL,2020-05-20,5640,244854
NZL,2020-05-21,5657,250511
NZL,2020-05-22,4727,255238
NZL,2020-05-23,1472,256710
NZL,2020-05-24,1119,257829
NZL,2020-05-25,4428,262257
NZL,2020-05-26,4017,266274
NZL,2020-05-27,3482,269756
NZL,2020-05-28,3052,272808
NZL,2020-05-29,2413,275221
NZL,2020-05-30,769,275990
NZL,2020-05-31,177,276167
NZL,2020-06-01,671,276838
NZL,2020-06-02,1149,277987
NZL,2020-06-03,2720,280707
NZL,2020-06-04,2717,283424
NZL,2020-06-05,2993,286417
NZL,2020-06-06,2076,288493
NZL,2020-06-07,794,289287
NZL,2020-06-08,990,290277
NZL,2020-06-09,2641,292918
NZL,2020-06-10,3427,296345
NZL,2020-06-11,2915,299260
NZL,2020-06-12,2934,302194
NZL,2020-06-13,2484,304678
NZL,2020-06-14,760,305438
NZL,2020-06-15,1460,306898
NZL,2020-06-16,3567,310465
NZL,2020-06-17,4832,315297
NZL,2020-06-18,6310,321607
NZL,2020-06-19,7704,329311
NZL,2020-06-20,6058,335369
NZL,2020-06-21,3451,338820
NZL,2020-06-22,4151,342971
NZL,2020-06-23,8968,351939
NZL,2020-06-24,10359,362298
NZL,2020-06-25,10006,372304
NZL,2020-06-26,9091,381395
NZL,2020-06-27,5465,386860
NZL,2020-06-28,2809,389669
NZL,2020-06-29,1815,391484
NZL,2020-06-30,4733,396217
NZL,2020-07-01,3404,399621
NZL,2020-07-02,3728,403349
NZL,2020-07-03,2091,405440
NZL,2020-07-04,587,406027
NZL,2020-07-05,2611,408638
NZL,2020-07-06,1850,410488
NZL,2020-07-07,2188,412676
NZL,2020-07-08,3003,415679
NZL,2020-07-09,2665,418344
NZL,2020-07-10,2102,420446
NZL,2020-07-11,1721,422167
NZL,2020-07-12,1091,423258
NZL,2020-07-13,1534,424792
NZL,2020-07-14,2791,427583
NZL,2020-07-15,2827,430410
NZL,2020-07-16,2351,432761
NZL,2020-07-17,2575,435336
NZL,2020-07-18,1436,436772
NZL,2020-07-19,704,437476
NZL,2020-07-20,955,438431
NZL,2020-07-21,2196,440627
NZL,2020-07-22,2366,442993
NZL,2020-07-23,2746,445739
NZL,2020-07-24,2394,448133
NZL,2020-07-25,1682,449815
NZL,2020-07-26,645,450460
NZL,2020-07-27,1606,452066
NZL,2020-07-28,2401,454467
NZL,2020-07-29,2414,456881
NZL,2020-07-30,2396,459277
NZL,2020-07-31,3077,462354
NZL,2020-08-01,2409,464763
NZL,2020-08-02,1689,466452
NZL,2020-08-03,1702,468154
NZL,2020-08-04,4114,472268
NZL,2020-08-05,4889,477157
NZL,2020-08-06,4070,481227
NZL,2020-08-07,3365,484592
NZL,2020-08-08,4090,488682
NZL,2020-08-09,2338,491020
NZL,2020-08-10,1687,492707
NZL,2020-08-11,4164,496871
NZL,2020-08-12,5978,502849
NZL,2020-08-13,15653,518502
NZL,2020-08-14,23378,541880
NZL,2020-08-15,23991,565871
NZL,2020-08-16,25005,590876
NZL,2020-08-17,18436,609312
NZL,2020-08-18,22699,632011
NZL,2020-08-19,17598,649609
NZL,2020-08-20,14662,664271
NZL,2020-08-21,12009,676280
NZL,2020-08-22,7271,683551
NZL,2020-08-23,4477,688028
NZL,2020-08-24,4194,692222
NZL,2020-08-25,8498,700720
NZL,2020-08-26,8786,709506
NZL,2020-08-27,10410,719916
NZL,2020-08-28,10178,730094
NZL,2020-08-29,10500,740594
NZL,2020-08-30,6566,747160
NZL,2020-08-31,8939,756099
NZL,2020-09-01,11149,767248
NZL,2020-09-02,10523,777771
NZL,2020-09-03,9589,787360
NZL,2020-09-04,8860,796220
NZL,2020-09-05,7775,803995
NZL,2020-09-06,3999,807994
NZL,2020-09-07,4695,812689
NZL,2020-09-08,8016,820705
NZL,2020-09-09,7707,828412
NZL,2020-09-10,8551,836963
NZL,2020-09-11,8915,845878
NZL,2020-09-12,7485,853363
NZL,2020-09-13,3862,857225
NZL,2020-09-14,3931,861156
NZL,2020-09-15,8598,869754
NZL,2020-09-16,8345,878099
NZL,2020-09-17,0,878099
NZL,2020-09-18,0,878099
NZL,2020-09-19,5537,883636
NZL,2020-09-20,3367,887003
NZL,2020-09-21,3507,890510
NZL,2020-09-22,6842,897352
NZL,2020-09-23,6080,903432
NZL,2020-09-24,6435,909867
NZL,2020-09-25,5875,915742
NZL,2020-09-26,5077,920819
NZL,2020-09-27,3612,924431
NZL,2020-09-28,3244,927675
NZL,2020-09-29,4995,932670
NZL,2020-09-30,5607,938277
NZL,2020-10-01,4749,943026
NZL,2020-10-02,6359,949385
NZL,2020-10-03,4010,953395
NZL,2020-10-04,2579,955974
NZL,2020-10-05,3038,959012
NZL,2020-10-06,5669,964681
NZL,2020-10-07,6152,970833
NZL,2020-10-08,5597,976430
NZL,2020-10-09,4814,981244
NZL,2020-10-10,3809,985053
NZL,2020-10-11,2026,987079
NZL,2020-10-12,3017,990096
NZL,2020-10-13,5849,995945
NZL,2020-10-14,5196,1001141
NZL,2020-10-15,5078,1006219
NZL,2020-10-16,4794,1011013
NZL,2020-10-17,3390,1014403
NZL,2020-10-18,1773,1016176
NZL,2020-10-19,2715,1018891
NZL,2020-10-20,6308,1025199
NZL,2020-10-21,7083,1032282
NZL,2020-10-22,6053,1038335
NZL,2020-10-23,7700,1046035
NZL,2020-10-24,5396,1051431
NZL,2020-10-25,3038,1054469
NZL,2020-10-26,2311,1056780
NZL,2020-10-27,3335,1060115
NZL,2020-10-28,7403,1067518
NZL,2020-10-29,7472,1074990
NZL,2020-10-30,5964,1080954
NZL,2020-10-31,4401,1085355
NZL,2020-11-01,3046,1088401
NZL,2020-11-02,2455,1090856
NZL,2020-11-03,7171,1098027
NZL,2020-11-04,0,1098027
NZL,2020-11-05,0,1098027
NZL,2020-11-06,0,1098027
NZL,2020-11-07,5834,1103861
NZL,2020-11-08,4116,1107977
NZL,2020-11-09,3042,1111019
NZL,2020-11-10,2960,1113979
NZL,2020-11-11,5995,1119974
NZL,2020-11-12,6581,1126555
NZL,2020-11-13,7226,1133781
NZL,2020-11-14,6322,1140103
NZL,2020-11-15,10525,1150628
NZL,2020-11-16,5298,1155926
NZL,2020-11-17,6149,1162075
NZL,2020-11-18,8392,1170467
NZL,2020-11-19,8665,1179132
NZL,2020-11-20,9292,1188424
NZL,2020-11-21,7014,1195438
NZL,2020-11-22,6504,1201942
NZL,2020-11-23,3274,1205216
NZL,2020-11-24,3561,1208777
NZL,2020-11-25,5782,1214559
NZL,2020-11-26,9083,1223642
NZL,2020-11-27,7454,1231096
NZL,2020-11-28,6889,1237985
NZL,2020-11-29,0,1237985
NZL,2020-11-30,0,1237985
NZL,2020-12-01,3165,1241150
NZL,2020-12-02,7076,1248226
NZL,2020-12-03,5843,1254069
NZL,2020-12-04,6846,1260915
NZL,2020-12-05,6047,1266962
NZL,2020-12-06,5490,1272452
NZL,2020-12-07,2315,1274767
NZL,2020-12-08,2894,1277661
NZL,2020-12-09,6397,1284058
NZL,2020-12-10,0,1284058
NZL,2020-12-11,0,1284058
NZL,2020-12-12,0,1284058
NZL,2020-12-13,0,1284058
NZL,2020-12-14,2214,1286272
NZL,2020-12-15,0,1286272
NZL,2020-12-16,0,1286272
NZL,2020-12-17,0,1286272
NZL,2020-12-18,0,1286272
NZL,2020-12-19,0,1286272
NZL,2020-12-20,0,1286272
NZL,2020-12-21,2161,1288433
NZL,2020-12-22,0,1288433
NZL,2020-12-23,0,1288433
NZL,2020-12-24,0,1288433
NZL,2020-12-25,0,1288433
NZL,2020-12-26,0,1288433
NZL,2020-12-27,0,1288433
NZL,2020-12-28,0,1288433
NZL,2020-12-29,0,1288433
NZL,2020-12-30,0,1288433
NZL,2020-12-31,0,1288433
NZL,2021-01-01,0,1288433
NZL,2021-01-02,0,1288433
NZL,2021-01-03,0,1288433
NZL,2021-01-04,0,1288433
NZL,2021-01-05,0,1288433
NZL,2021-01-06,0,1288433
NZL,2021-01-07,0,1288433
NZL,2021-01-08,0,1288433
NZL,2021-01-09,0,1288433
NZL,2021-01-10,0,1288433
NZL,2021-01-11,2717,1291150
NZL,2021-01-12,0,1291150
NZL,2021-01-13,0,1291150
NZL,2021-01-14,0,1291150
NZL,2021-01-15,0,1291150
NZL,2021-01-16,0,1291150
NZL,2021-01-17,0,1291150
NZL,2021-01-18,1868,1293018
NZL,2021-01-19,0,1293018
NZL,2021-01-20,0,1293018
NZL,2021-01-21,0,1293018
NZL,2021-01-22,0,1293018
NZL,2021-01-23,0,1293018
NZL,2021-01-24,0,1293018
NZL,2021-01-25,2679,1295697
NZL,2021-01-26,3582,1299279
NZL,2021-01-27,10814,1310093
NZL,2021-01-28,8307,1318400
NZL,2021-01-29,6121,1324521
NZL,2021-01-30,7871,1332392
NZL,2021-01-31,5667,1338059
NZL,2021-02-01,3017,1341076
NZL,2021-02-02,2302,1343378
NZL,2021-02-03,4107,1347485
NZL,2021-02-04,5131,1352616
NZL,2021-02-05,4875,1357491
NZL,2021-02-06,0,1357491
NZL,2021-02-07,0,1357491
NZL,2021-02-08,0,1357491
NZL,2021-02-09,0,1357491
NZL,2021-02-10,0,1357491
NZL,2021-02-11,0,1357491
NZL,2021-02-12,5090,1362581
NZL,2021-02-13,0,1362581
NZL,2021-02-14,0,1362581
NZL,2021-02-15,3133,1365714
NZL,2021-02-16,5821,1371535
NZL,2021-02-17,17441,1388976
NZL,2021-02-18,16642,1405618
NZL,2021-02-19,10833,1416451
NZL,2021-02-20,10349,1426800
NZL,2021-02-21,7394,1434194
NZL,2021-02-22,3892,1438086
NZL,2021-02-23,4125,1442211
NZL,2021-02-24,7836,1450047
NZL,2021-02-25,9269,1459316
NZL,2021-02-26,10128,1469444
NZL,2021-02-27,7683,1477127
NZL,2021-02-28,6018,1483145
NZL,2021-03-01,4649,1487794
NZL,2021-03-02,8880,1496674
NZL,2021-03-03,16022,1512696
NZL,2021-03-04,14674,1527370
NZL,2021-03-05,11403,1538773
NZL,2021-03-06,9472,1548245
NZL,2021-03-07,6733,1554978
NZL,2021-03-08,3965,1558943
NZL,2021-03-09,0,1558943
NZL,2021-03-10,0,1558943
NZL,2021-03-11,0,1558943
NZL,2021-03-12,0,1558943
NZL,2021-03-13,0,1558943
NZL,2021-03-14,0,1558943
NZL,2021-03-15,0,1558943
NZL,2021-03-16,0,1558943
NZL,2021-03-17,0,1558943
NZL,2021-03-18,0,1558943
NZL,2021-03-19,0,1558943
NZL,2021-03-20,0,1558943
NZL,2021-03-21,0,1558943
NZL,2021-03-22,0,1558943
NZL,2021-03-23,2758,1561701
NZL,2021-03-24,0,1561701
NZL,2021-03-25,0,1561701
NZL,2021-03-26,7120,1568821
NZL,2021-03-27,4921,1573742
NZL,2021-03-28,4322,1578064
NZL,2021-03-29,2750,1580814
NZL,2021-03-30,3730,1584544
NZL,2021-03-31,6155,1590699
NZL,2021-04-01,5951,1596650
NZL,2021-04-02,0,1596650
NZL,2021-04-03,0,1596650
NZL,2021-04-04,0,1596650
NZL,2021-04-05,0,1596650
NZL,2021-04-06,0,1596650
NZL,2021-04-07,3392,1600042
NZL,2021-04-08,6647,1606689
NZL,2021-04-09,0,1606689
NZL,2021-04-10,0,1606689
NZL,2021-04-11,4320,1611009
NZL,2021-04-12,2742,1613751
NZL,2021-04-13,3340,1617091
NZL,2021-04-14,5600,1622691
NZL,2021-04-15,5459,1628150
NZL,2021-04-16,4700,1632850
NZL,2021-04-17,0,1632850
NZL,2021-04-18,0,1632850
NZL,2021-04-19,0,1632850
NZL,2021-04-20,3256,1636106
NZL,2021-04-21,4773,1640879
NZL,2021-04-22,5174,1646053
NZL,2021-04-23,4749,1650802
NZL,2021-04-24,4512,1655314
NZL,2021-04-25,3623,1658937
NZL,2021-04-26,0,1658937
NZL,2021-04-27,0,1658937
NZL,2021-04-28,3381,1662318
NZL,2021-04-29,5340,1667658
NZL,2021-04-30,5306,1672964
NZL,2021-05-01,0,1672964
NZL,2021-05-02,0,1672964
NZL,2021-05-03,2248,1675212
NZL,2021-05-04,2729,1677941
NZL,2021-05-05,5424,1683365
NZL,2021-05-06,0,1683365
NZL,2021-05-07,0,1683365
NZL,2021-05-08,4684,1688049
NZL,2021-05-09,3048,1691097
NZL,2021-05-10,2336,1693433
NZL,2021-05-11,2740,1696173
NZL,2021-05-12,5183,1701356
NZL,2021-05-13,4902,1706258
NZL,2021-05-14,3710,1709968
NZL,2021-05-15,0,1709968
NZL,2021-05-16,0,1709968
NZL,2021-05-17,2217,1712185
NZL,2021-05-18,2728,1714913
NZL,2021-05-19,5324,1720237
NZL,2021-05-20,4799,1725036
NZL,2021-05-21,4747,1729783
NZL,2021-05-22,0,1729783
NZL,2021-05-23,0,1729783
NZL,2021-05-24,1981,1731764
NZL,2021-05-25,2950,1734714
NZL,2021-05-26,4778,1739492
NZL,2021-05-27,4996,1744488
NZL,2021-05-28,5131,1749619
NZL,2021-05-29,0,1749619
NZL,2021-05-30,0,1749619
NZL,2021-05-31,2925,1752544
NZL,2021-06-01,3056,1755600
NZL,2021-06-02,5619,1761219
NZL,2021-06-03,5917,1767136
NZL,2021-06-04,4771,1771907
NZL,2021-06-05,0,1771907
NZL,2021-06-06,0,1771907
NZL,2021-06-07,0,1771907
NZL,2021-06-08,0,1771907
NZL,2021-06-09,3726,1775633
NZL,2021-06-10,5618,1781251
NZL,2021-06-11,4924,1786175
NZL,2021-06-12,0,1786175
NZL,2021-06-13,0,1786175
NZL,2021-06-14,2164,1788339
NZL,2021-06-15,2695,1791034
NZL,2021-06-16,5475,1796509
NZL,2021-06-17,5499,1802008
NZL,2021-06-18,5248,1807256
NZL,2021-06-19,0,1807256
NZL,2021-06-20,0,1807256
NZL,2021-06-21,2526,1809782
NZL,2021-06-22,2858,1812640
NZL,2021-06-23,5931,1818571
NZL,2021-06-24,6999,1825570
NZL,2021-06-25,10753,1836323
NZL,2021-06-26,8595,1844918
NZL,2021-06-27,6124,1851042
NZL,2021-06-28,3531,1854573
NZL,2021-06-29,7247,1861820
NGA,2020-04-08,0,0
NGA,2020-04-09,0,0
NGA,2020-04-10,0,0
NGA,2020-04-11,0,0
NGA,2020-04-12,0,0
NGA,2020-04-13,0,0
NGA,2020-04-14,0,0
NGA,2020-04-15,0,0
NGA,2020-04-16,0,0
NGA,2020-04-17,504,504
NGA,2020-04-18,0,504
NGA,2020-04-19,0,504
NGA,2020-04-20,0,504
NGA,2020-04-21,0,504
NGA,2020-04-22,0,504
NGA,2020-04-23,0,504
NGA,2020-04-24,0,504
NGA,2020-04-25,0,504
NGA,2020-04-26,0,504
NGA,2020-04-27,0,504
NGA,2020-04-28,0,504
NGA,2020-04-29,824,1328
NGA,2020-04-30,0,1328
NGA,2020-05-01,0,1328
NGA,2020-05-02,0,1328
NGA,2020-05-03,0,1328
NGA,2020-05-04,1948,3276
NGA,2020-05-05,976,4252
NGA,2020-05-06,1696,5948
NGA,2020-05-07,1284,7232
NGA,2020-05-08,1343,8575
NGA,2020-05-09,0,8575
NGA,2020-05-10,0,8575
NGA,2020-05-11,0,8575
NGA,2020-05-12,1340,9915
NGA,2020-05-13,990,10905
NGA,2020-05-14,1249,12154
NGA,2020-05-15,0,12154
NGA,2020-05-16,0,12154
NGA,2020-05-17,1028,13182
NGA,2020-05-18,1375,14557
NGA,2020-05-19,1554,16111
NGA,2020-05-20,1332,17443
NGA,2020-05-21,0,17443
NGA,2020-05-22,0,17443
NGA,2020-05-23,1421,18864
NGA,2020-05-24,1130,19994
NGA,2020-05-25,1225,21219
NGA,2020-05-26,1120,22339
NGA,2020-05-27,1741,24080
NGA,2020-05-28,1422,25502
NGA,2020-05-29,8760,34262
NGA,2020-05-30,2099,36361
NGA,2020-05-31,0,36361
NGA,2020-06-01,0,36361
NGA,2020-06-02,2003,38364
NGA,2020-06-03,3916,42280
NGA,2020-06-04,1535,43815
NGA,2020-06-05,1728,45543
NGA,2020-06-06,1935,47478
NGA,2020-06-07,1803,49281
NGA,2020-06-08,1442,50723
NGA,2020-06-09,1704,52427
NGA,2020-06-10,2987,55414
NGA,2020-06-11,2440,57854
NGA,2020-06-12,0,57854
NGA,2020-06-13,0,57854
NGA,2020-06-14,2460,60314
NGA,2020-06-15,1399,61713
NGA,2020-06-16,2079,63792
NGA,2020-06-17,0,63792
NGA,2020-06-18,0,63792
NGA,2020-06-19,2542,66334
NGA,2020-06-20,2504,68838
NGA,2020-06-21,2523,71361
NGA,2020-06-22,2185,73546
NGA,2020-06-23,1809,75355
NGA,2020-06-24,2539,77894
NGA,2020-06-25,2047,79941
NGA,2020-06-26,0,79941
NGA,2020-06-27,0,79941
NGA,2020-06-28,3006,82947
NGA,2020-06-29,2140,85087
NGA,2020-06-30,1953,87040
NGA,2020-07-01,4205,91245
NGA,2020-07-02,3063,94308
NGA,2020-07-03,3308,97616
NGA,2020-07-04,3355,100971
NGA,2020-07-05,2933,103904
NGA,2020-07-06,1831,105735
NGA,2020-07-07,0,105735
NGA,2020-07-08,0,105735
NGA,2020-07-09,2302,108037
NGA,2020-07-10,3725,111762
NGA,2020-07-11,2609,114371
NGA,2020-07-12,2983,117354
NGA,2020-07-13,2046,119400
NGA,2020-07-14,0,119400
NGA,2020-07-15,0,119400
NGA,2020-07-16,3081,122481
NGA,2020-07-17,4325,126806
NGA,2020-07-18,3024,129830
NGA,2020-07-19,2755,132585
NGA,2020-07-20,0,132585
NGA,2020-07-21,0,132585
NGA,2020-07-22,29602,162187
NGA,2020-07-23,4068,166255
NGA,2020-07-24,4145,170400
NGA,2020-07-25,3478,173878
NGA,2020-07-26,3063,176941
NGA,2020-07-27,5263,182204
NGA,2020-07-28,4906,187110
NGA,2020-07-29,3305,190415
NGA,2020-07-30,3622,194037
NGA,2020-07-31,0,194037
NGA,2020-08-01,0,194037
NGA,2020-08-02,1441,195478
NGA,2020-08-03,1601,197079
NGA,2020-08-04,15088,212167
NGA,2020-08-05,0,212167
NGA,2020-08-06,0,212167
NGA,2020-08-07,3835,216002
NGA,2020-08-08,3903,219905
NGA,2020-08-09,2864,222769
NGA,2020-08-10,2355,225124
NGA,2020-08-11,0,225124
NGA,2020-08-12,0,225124
NGA,2020-08-13,3337,228461
NGA,2020-08-14,2976,231437
NGA,2020-08-15,0,231437
NGA,2020-08-16,0,231437
NGA,2020-08-17,2036,233473
NGA,2020-08-18,2571,236044
NGA,2020-08-19,8135,244179
NGA,2020-08-20,2913,247092
NGA,2020-08-21,3660,250752
NGA,2020-08-22,4173,254925
NGA,2020-08-23,3946,258871
NGA,2020-08-24,1519,260390
NGA,2020-08-25,3588,263978
NGA,2020-08-26,5216,269194
NGA,2020-08-27,3156,272350
NGA,2020-08-28,3022,275372
NGA,2020-08-29,3780,279152
NGA,2020-08-30,3766,282918
NGA,2020-08-31,1277,284195
NGA,2020-09-01,0,284195
NGA,2020-09-02,0,284195
NGA,2020-09-03,2188,286383
NGA,2020-09-04,0,286383
NGA,2020-09-05,0,286383
NGA,2020-09-06,3145,289528
NGA,2020-09-07,3643,293171
NGA,2020-09-08,2617,295788
NGA,2020-09-09,3909,299697
NGA,2020-09-10,2494,302191
NGA,2020-09-11,3025,305216
NGA,2020-09-12,1904,307120
NGA,2020-09-13,2113,309233
NGA,2020-09-14,1827,311060
NGA,2020-09-15,1912,312972
NGA,2020-09-16,0,312972
NGA,2020-09-17,0,312972
NGA,2020-09-18,0,312972
NGA,2020-09-19,0,312972
NGA,2020-09-20,0,312972
NGA,2020-09-21,0,312972
NGA,2020-09-22,0,312972
NGA,2020-09-23,0,312972
NGA,2020-09-24,0,312972
NGA,2020-09-25,0,312972
NGA,2020-09-26,7968,320940
NGA,2020-09-27,0,320940
NGA,2020-09-28,0,320940
NGA,2020-09-29,2549,323489
NGA,2020-09-30,0,323489
NGA,2020-10-01,0,323489
NGA,2020-10-02,0,323489
NGA,2020-10-03,0,323489
NGA,2020-10-04,11968,335457
NGA,2020-10-05,3930,339387
NGA,2020-10-06,0,339387
NGA,2020-10-07,0,339387
NGA,2020-10-08,1949,341336
NGA,2020-10-09,0,341336
NGA,2020-10-10,0,341336
NGA,2020-10-11,1675,343011
NGA,2020-10-12,969,343980
NGA,2020-10-13,4307,348287
NGA,2020-10-14,6623,354910
NGA,2020-10-15,2921,357831
NGA,2020-10-16,4848,362679
NGA,2020-10-17,3479,366158
NGA,2020-10-18,2657,368815
NGA,2020-10-19,0,368815
NGA,2020-10-20,0,368815
NGA,2020-10-21,4648,373463
NGA,2020-10-22,0,373463
NGA,2020-10-23,0,373463
NGA,2020-10-24,0,373463
NGA,2020-10-25,0,373463
NGA,2020-10-26,8543,382006
NGA,2020-10-27,2326,384332
NGA,2020-10-28,3270,387602
NGA,2020-10-29,3008,390610
NGA,2020-10-30,0,390610
NGA,2020-10-31,0,390610
NGA,2020-11-01,2090,392700
NGA,2020-11-02,0,392700
NGA,2020-11-03,0,392700
NGA,2020-11-04,0,392700
NGA,2020-11-05,4454,397154
NGA,2020-11-06,0,397154
NGA,2020-11-07,0,397154
NGA,2020-11-08,4796,401950
NGA,2020-11-09,1557,403507
NGA,2020-11-10,0,403507
NGA,2020-11-11,0,403507
NGA,2020-11-12,0,403507
NGA,2020-11-13,0,403507
NGA,2020-11-14,0,403507
NGA,2020-11-15,0,403507
NGA,2020-11-16,0,403507
NGA,2020-11-17,0,403507
NGA,2020-11-18,0,403507
NGA,2020-11-19,3278,406785
NGA,2020-11-20,3334,410119
NGA,2020-11-21,11088,421207
NGA,2020-11-22,4082,425289
NGA,2020-11-23,0,425289
NGA,2020-11-24,0,425289
NGA,2020-11-25,0,425289
NGA,2020-11-26,0,425289
NGA,2020-11-27,0,425289
NGA,2020-11-28,0,425289
NGA,2020-11-29,0,425289
NGA,2020-11-30,0,425289
NGA,2020-12-01,0,425289
NGA,2020-12-02,0,425289
NGA,2020-12-03,0,425289
NGA,2020-12-04,0,425289
NGA,2020-12-05,0,425289
NGA,2020-12-06,0,425289
NGA,2020-12-07,0,425289
NGA,2020-12-08,14292,439581
NGA,2020-12-09,4318,443899
NGA,2020-12-10,7512,451411
NGA,2020-12-11,4012,455423
NGA,2020-12-12,4578,460001
NGA,2020-12-13,7125,467126
NGA,2020-12-14,2736,469862
NGA,2020-12-15,0,469862
NGA,2020-12-16,0,469862
NGA,2020-12-17,4747,474609
NGA,2020-12-18,5258,479867
NGA,2020-12-19,5255,485122
NGA,2020-12-20,0,485122
NGA,2020-12-21,0,485122
NGA,2020-12-22,10210,495332
NGA,2020-12-23,0,495332
NGA,2020-12-24,0,495332
NGA,2020-12-25,0,495332
NGA,2020-12-26,0,495332
NGA,2020-12-27,0,495332
NGA,2020-12-28,0,495332
NGA,2020-12-29,5385,500717
NGA,2020-12-30,890,501607
NGA,2020-12-31,9446,511053
NGA,2021-01-01,0,511053
NGA,2021-01-02,0,511053
NGA,2021-01-03,2454,513507
NGA,2021-01-04,3482,516989
NGA,2021-01-05,21135,538124
NGA,2021-01-06,0,538124
NGA,2021-01-07,0,538124
NGA,2021-01-08,6669,544793
NGA,2021-01-09,6477,551270
NGA,2021-01-10,7499,558769
NGA,2021-01-11,8298,567067
NGA,2021-01-12,0,567067
NGA,2021-01-13,0,567067
NGA,2021-01-14,0,567067
NGA,2021-01-15,5612,572679
NGA,2021-01-16,6376,579055
NGA,2021-01-17,6615,585670
NGA,2021-01-18,18096,603766
NGA,2021-01-19,19632,623398
NGA,2021-01-20,6892,630290
NGA,2021-01-21,4355,634645
NGA,2021-01-22,22066,656711
NGA,2021-01-23,16051,672762
NGA,2021-01-24,17304,690066
NGA,2021-01-25,11989,702055
NGA,2021-01-26,0,702055
NGA,2021-01-27,0,702055
NGA,2021-01-28,0,702055
NGA,2021-01-29,0,702055
NGA,2021-01-30,0,702055
NGA,2021-01-31,0,702055
NGA,2021-02-01,0,702055
NGA,2021-02-02,0,702055
NGA,2021-02-03,0,702055
NGA,2021-02-04,0,702055
NGA,2021-02-05,0,702055
NGA,2021-02-06,0,702055
NGA,2021-02-07,0,702055
NGA,2021-02-08,0,702055
NGA,2021-02-09,0,702055
NGA,2021-02-10,0,702055
NGA,2021-02-11,0,702055
NGA,2021-02-12,0,702055
NGA,2021-02-13,0,702055
NGA,2021-02-14,0,702055
NGA,2021-02-15,0,702055
NGA,2021-02-16,0,702055
NGA,2021-02-17,0,702055
NGA,2021-02-18,0,702055
NGA,2021-02-19,0,702055
NGA,2021-02-20,0,702055
NGA,2021-02-21,0,702055
NGA,2021-02-22,0,702055
NGA,2021-02-23,0,702055
NGA,2021-02-24,0,702055
NGA,2021-02-25,0,702055
NGA,2021-02-26,0,702055
NGA,2021-02-27,0,702055
NGA,2021-02-28,0,702055
NGA,2021-03-01,0,702055
NGA,2021-03-02,0,702055
NGA,2021-03-03,0,702055
NGA,2021-03-04,0,702055
NGA,2021-03-05,0,702055
NGA,2021-03-06,0,702055
NGA,2021-03-07,0,702055
NGA,2021-03-08,0,702055
NGA,2021-03-09,0,702055
NGA,2021-03-10,0,702055
NGA,2021-03-11,0,702055
NGA,2021-03-12,0,702055
NGA,2021-03-13,0,702055
NGA,2021-03-14,0,702055
NGA,2021-03-15,0,702055
NGA,2021-03-16,0,702055
NGA,2021-03-17,0,702055
NGA,2021-03-18,0,702055
NGA,2021-03-19,0,702055
NGA,2021-03-20,0,702055
NGA,2021-03-21,0,702055
NGA,2021-03-22,0,702055
NGA,2021-03-23,0,702055
NGA,2021-03-24,0,702055
NGA,2021-03-25,0,702055
NGA,2021-03-26,0,702055
NGA,2021-03-27,0,702055
NGA,2021-03-28,0,702055
NGA,2021-03-29,0,702055
NGA,2021-03-30,0,702055
NGA,2021-03-31,0,702055
NGA,2021-04-01,0,702055
NGA,2021-04-02,0,702055
NGA,2021-04-03,0,702055
NGA,2021-04-04,0,702055
NGA,2021-04-05,0,702055
NGA,2021-04-06,0,702055
NGA,2021-04-07,0,702055
NGA,2021-04-08,0,702055
NGA,2021-04-09,0,702055
NGA,2021-04-10,0,702055
NGA,2021-04-11,0,702055
NGA,2021-04-12,0,702055
NGA,2021-04-13,0,702055
NGA,2021-04-14,0,702055
NGA,2021-04-15,0,702055
NGA,2021-04-16,0,702055
NGA,2021-04-17,0,702055
NGA,2021-04-18,0,702055
NGA,2021-04-19,0,702055
NGA,2021-04-20,0,702055
NGA,2021-04-21,0,702055
NGA,2021-04-22,0,702055
NGA,2021-04-23,0,702055
NGA,2021-04-24,0,702055
NGA,2021-04-25,0,702055
NGA,2021-04-26,0,702055
NGA,2021-04-27,0,702055
NGA,2021-04-28,0,702055
NGA,2021-04-29,0,702055
NGA,2021-04-30,0,702055
NGA,2021-05-01,0,702055
NGA,2021-05-02,0,702055
NGA,2021-05-03,0,702055
NGA,2021-05-04,0,702055
NGA,2021-05-05,0,702055
NGA,2021-05-06,0,702055
NGA,2021-05-07,0,702055
NGA,2021-05-08,0,702055
NGA,2021-05-09,0,702055
NGA,2021-05-10,0,702055
NGA,2021-05-11,0,702055
NGA,2021-05-12,0,702055
NGA,2021-05-13,0,702055
NGA,2021-05-14,0,702055
NGA,2021-05-15,0,702055
NGA,2021-05-16,0,702055
NGA,2021-05-17,0,702055
NGA,2021-05-18,0,702055
NGA,2021-05-19,0,702055
NGA,2021-05-20,0,702055
NGA,2021-05-21,0,702055
NGA,2021-05-22,0,702055
NGA,2021-05-23,0,702055
NGA,2021-05-24,0,702055
NGA,2021-05-25,0,702055
NGA,2021-05-26,0,702055
NGA,2021-05-27,0,702055
NGA,2021-05-28,0,702055
NGA,2021-05-29,0,702055
NGA,2021-05-30,0,702055
NGA,2021-05-31,0,702055
NGA,2021-06-01,0,702055
NGA,2021-06-02,0,702055
NGA,2021-06-03,0,702055
NGA,2021-06-04,0,702055
NGA,2021-06-05,0,702055
NGA,2021-06-06,0,702055
NGA,2021-06-07,0,702055
NGA,2021-06-08,0,702055
NGA,2021-06-09,0,702055
NGA,2021-06-10,0,702055
NGA,2021-06-11,0,702055
NGA,2021-06-12,0,702055
NGA,2021-06-13,0,702055
NGA,2021-06-14,0,702055
NGA,2021-06-15,0,702055
NGA,2021-06-16,0,702055
NGA,2021-06-17,0,702055
NGA,2021-06-18,0,702055
NGA,2021-06-19,0,702055
NGA,2021-06-20,0,702055
NGA,2021-06-21,0,702055
NGA,2021-06-22,0,702055
NGA,2021-06-23,0,702055
NGA,2021-06-24,0,702055
NGA,2021-06-25,0,702055
NGA,2021-06-26,0,702055
NGA,2021-06-27,0,702055
NGA,2021-06-28,0,702055
MKD,2020-03-30,0,0
MKD,2020-03-31,392,392
MKD,2020-04-01,256,648
MKD,2020-04-02,343,991
MKD,2020-04-03,389,1380
MKD,2020-04-04,414,1794
MKD,2020-04-05,353,2147
MKD,2020-04-06,220,2367
MKD,2020-04-07,386,2753
MKD,2020-04-08,351,3104
MKD,2020-04-09,341,3445
MKD,2020-04-10,496,3941
MKD,2020-04-11,586,4527
MKD,2020-04-12,404,4931
MKD,2020-04-13,705,5636
MKD,2020-04-14,500,6136
MKD,2020-04-15,500,6636
MKD,2020-04-16,660,7296
MKD,2020-04-17,447,7743
MKD,2020-04-18,687,8430
MKD,2020-04-19,314,8744
MKD,2020-04-20,236,8980
MKD,2020-04-21,234,9214
MKD,2020-04-22,660,9874
MKD,2020-04-23,649,10523
MKD,2020-04-24,408,10931
MKD,2020-04-25,701,11632
MKD,2020-04-26,362,11994
MKD,2020-04-27,289,12283
MKD,2020-04-28,362,12645
MKD,2020-04-29,279,12924
MKD,2020-04-30,386,13310
MKD,2020-05-01,362,13672
MKD,2020-05-02,199,13871
MKD,2020-05-03,249,14120
MKD,2020-05-04,113,14233
MKD,2020-05-05,185,14418
MKD,2020-05-06,292,14710
MKD,2020-05-07,332,15042
MKD,2020-05-08,242,15284
MKD,2020-05-09,411,15695
MKD,2020-05-10,275,15970
MKD,2020-05-11,145,16115
MKD,2020-05-12,189,16304
MKD,2020-05-13,309,16613
MKD,2020-05-14,349,16962
MKD,2020-05-15,460,17422
MKD,2020-05-16,462,17884
MKD,2020-05-17,426,18310
MKD,2020-05-18,286,18596
MKD,2020-05-19,533,19129
MKD,2020-05-20,512,19641
MKD,2020-05-21,549,20190
MKD,2020-05-22,702,20892
MKD,2020-05-23,744,21636
MKD,2020-05-24,508,22144
MKD,2020-05-25,258,22402
MKD,2020-05-26,314,22716
MKD,2020-05-27,622,23338
MKD,2020-05-28,560,23898
MKD,2020-05-29,660,24558
MKD,2020-05-30,1120,25678
MKD,2020-05-31,771,26449
MKD,2020-06-01,727,27176
MKD,2020-06-02,885,28061
MKD,2020-06-03,974,29035
MKD,2020-06-04,953,29988
MKD,2020-06-05,1272,31260
MKD,2020-06-06,1085,32345
MKD,2020-06-07,854,33199
MKD,2020-06-08,702,33901
MKD,2020-06-09,987,34888
MKD,2020-06-10,1019,35907
MKD,2020-06-11,971,36878
MKD,2020-06-12,1045,37923
MKD,2020-06-13,1213,39136
MKD,2020-06-14,778,39914
MKD,2020-06-15,841,40755
MKD,2020-06-16,1173,41928
MKD,2020-06-17,1391,43319
MKD,2020-06-18,1348,44667
MKD,2020-06-19,1227,45894
MKD,2020-06-20,1364,47258
MKD,2020-06-21,776,48034
MKD,2020-06-22,665,48699
MKD,2020-06-23,1363,50062
MKD,2020-06-24,1208,51270
MKD,2020-06-25,1279,52549
MKD,2020-06-26,1074,53623
MKD,2020-06-27,1086,54709
MKD,2020-06-28,870,55579
MKD,2020-06-29,868,56447
MKD,2020-06-30,1140,57587
MKD,2020-07-01,954,58541
MKD,2020-07-02,1653,60194
MKD,2020-07-03,1517,61711
MKD,2020-07-04,1296,63007
MKD,2020-07-05,1032,64039
MKD,2020-07-06,894,64933
MKD,2020-07-07,1367,66300
MKD,2020-07-08,1794,68094
MKD,2020-07-09,1470,69564
MKD,2020-07-10,1728,71292
MKD,2020-07-11,1751,73043
MKD,2020-07-12,991,74034
MKD,2020-07-13,973,75007
MKD,2020-07-14,1259,76266
MKD,2020-07-15,1382,77648
MKD,2020-07-16,830,78478
MKD,2020-07-17,1612,80090
MKD,2020-07-18,1700,81790
MKD,2020-07-19,904,82694
MKD,2020-07-20,724,83418
MKD,2020-07-21,1722,85140
MKD,2020-07-22,1437,86577
MKD,2020-07-23,1312,87889
MKD,2020-07-24,1535,89424
MKD,2020-07-25,1542,90966
MKD,2020-07-26,1077,92043
MKD,2020-07-27,1057,93100
MKD,2020-07-28,1356,94456
MKD,2020-07-29,1971,96427
MKD,2020-07-30,1325,97752
MKD,2020-07-31,1377,99129
MKD,2020-08-01,1621,100750
MKD,2020-08-02,1419,102169
MKD,2020-08-03,689,102858
MKD,2020-08-04,830,103688
MKD,2020-08-05,1507,105195
MKD,2020-08-06,1543,106738
MKD,2020-08-07,1845,108583
MKD,2020-08-08,1828,110411
MKD,2020-08-09,1188,111599
MKD,2020-08-10,762,112361
MKD,2020-08-11,1885,114246
MKD,2020-08-12,1627,115873
MKD,2020-08-13,1848,117721
MKD,2020-08-14,2172,119893
MKD,2020-08-15,2006,121899
MKD,2020-08-16,1156,123055
MKD,2020-08-17,912,123967
MKD,2020-08-18,1902,125869
MKD,2020-08-19,1653,127522
MKD,2020-08-20,1825,129347
MKD,2020-08-21,1733,131080
MKD,2020-08-22,1414,132494
MKD,2020-08-23,860,133354
MKD,2020-08-24,1768,135122
MKD,2020-08-25,2065,137187
MKD,2020-08-26,1529,138716
MKD,2020-08-27,2018,140734
MKD,2020-08-28,1297,142031
MKD,2020-08-29,817,142848
MKD,2020-08-30,450,143298
MKD,2020-08-31,1665,144963
MKD,2020-09-01,1772,146735
MKD,2020-09-02,1756,148491
MKD,2020-09-03,1486,149977
MKD,2020-09-04,1574,151551
MKD,2020-09-05,997,152548
MKD,2020-09-06,484,153032
MKD,2020-09-07,1384,154416
MKD,2020-09-08,793,155209
MKD,2020-09-09,1410,156619
MKD,2020-09-10,1542,158161
MKD,2020-09-11,1507,159668
MKD,2020-09-12,1253,160921
MKD,2020-09-13,464,161385
MKD,2020-09-14,1404,162789
MKD,2020-09-15,1721,164510
MKD,2020-09-16,1674,166184
MKD,2020-09-17,1545,167729
MKD,2020-09-18,1397,169126
MKD,2020-09-19,1368,170494
MKD,2020-09-20,552,171046
MKD,2020-09-21,1618,172664
MKD,2020-09-22,1769,174433
MKD,2020-09-23,1630,176063
MKD,2020-09-24,1504,177567
MKD,2020-09-25,1559,179126
MKD,2020-09-26,1224,180350
MKD,2020-09-27,387,180737
MKD,2020-09-28,1372,182109
MKD,2020-09-29,1697,183806
MKD,2020-09-30,1350,185156
MKD,2020-10-01,1694,186850
MKD,2020-10-02,1831,188681
MKD,2020-10-03,1350,190031
MKD,2020-10-04,539,190570
MKD,2020-10-05,1841,192411
MKD,2020-10-06,1990,194401
MKD,2020-10-07,2140,196541
MKD,2020-10-08,2267,198808
MKD,2020-10-09,2464,201272
MKD,2020-10-10,1648,202920
MKD,2020-10-11,778,203698
MKD,2020-10-12,680,204378
MKD,2020-10-13,2441,206819
MKD,2020-10-14,2445,209264
MKD,2020-10-15,2306,211570
MKD,2020-10-16,2617,214187
MKD,2020-10-17,1853,216040
MKD,2020-10-18,771,216811
MKD,2020-10-19,2140,218951
MKD,2020-10-20,4535,223486
MKD,2020-10-21,2634,226120
MKD,2020-10-22,2367,228487
MKD,2020-10-23,1524,230011
MKD,2020-10-24,1901,231912
MKD,2020-10-25,737,232649
MKD,2020-10-26,2236,234885
MKD,2020-10-27,2647,237532
MKD,2020-10-28,2699,240231
MKD,2020-10-29,2748,242979
MKD,2020-10-30,3294,246273
MKD,2020-10-31,2449,248722
MKD,2020-11-01,1325,250047
MKD,2020-11-02,2731,252778
MKD,2020-11-03,3211,255989
MKD,2020-11-04,3331,259320
MKD,2020-11-05,3082,262402
MKD,2020-11-06,3404,265806
MKD,2020-11-07,2667,268473
MKD,2020-11-08,1293,269766
MKD,2020-11-09,3042,272808
MKD,2020-11-10,3836,276644
MKD,2020-11-11,3315,279959
MKD,2020-11-12,3096,283055
MKD,2020-11-13,3353,286408
MKD,2020-11-14,2655,289063
MKD,2020-11-15,1683,290746
MKD,2020-11-16,2930,293676
MKD,2020-11-17,3398,297074
MKD,2020-11-18,3081,300155
MKD,2020-11-19,3200,303355
MKD,2020-11-20,3109,306464
MKD,2020-11-21,2553,309017
MKD,2020-11-22,1176,310193
MKD,2020-11-23,3143,313336
MKD,2020-11-24,3349,316685
MKD,2020-11-25,2864,319549
MKD,2020-11-26,3084,322633
MKD,2020-11-27,3127,325760
MKD,2020-11-28,2019,327779
MKD,2020-11-29,1181,328960
MKD,2020-11-30,3012,331972
MKD,2020-12-01,2564,334536
MKD,2020-12-02,3399,337935
MKD,2020-12-03,2824,340759
MKD,2020-12-04,2995,343754
MKD,2020-12-05,1715,345469
MKD,2020-12-06,947,346416
MKD,2020-12-07,2993,349409
MKD,2020-12-08,1470,350879
MKD,2020-12-09,2758,353637
MKD,2020-12-10,3114,356751
MKD,2020-12-11,2805,359556
MKD,2020-12-12,1837,361393
MKD,2020-12-13,741,362134
MKD,2020-12-14,2902,365036
MKD,2020-12-15,2889,367925
MKD,2020-12-16,2347,370272
MKD,2020-12-17,2827,373099
MKD,2020-12-18,2664,375763
MKD,2020-12-19,1387,377150
MKD,2020-12-20,591,377741
MKD,2020-12-21,2562,380303
MKD,2020-12-22,2510,382813
MKD,2020-12-23,2206,385019
MKD,2020-12-24,1892,386911
MKD,2020-12-25,1999,388910
MKD,2020-12-26,1253,390163
MKD,2020-12-27,700,390863
MKD,2020-12-28,2467,393330
MKD,2020-12-29,2366,395696
MKD,2020-12-30,1662,397358
MKD,2020-12-31,1619,398977
MKD,2021-01-01,378,399355
MKD,2021-01-02,1525,400880
MKD,2021-01-03,761,401641
MKD,2021-01-04,2431,404072
MKD,2021-01-05,2452,406524
MKD,2021-01-06,1049,407573
MKD,2021-01-07,764,408337
MKD,2021-01-08,2953,411290
MKD,2021-01-09,2455,413745
MKD,2021-01-10,918,414663
MKD,2021-01-11,3023,417686
MKD,2021-01-12,2543,420229
MKD,2021-01-13,2192,422421
MKD,2021-01-14,2118,424539
MKD,2021-01-15,2176,426715
MKD,2021-01-16,1530,428245
MKD,2021-01-17,529,428774
MKD,2021-01-18,2327,431101
MKD,2021-01-19,793,431894
MKD,2021-01-20,1906,433800
MKD,2021-01-21,1854,435654
MKD,2021-01-22,2013,437667
MKD,2021-01-23,1466,439133
MKD,2021-01-24,677,439810
MKD,2021-01-25,2518,442328
MKD,2021-01-26,2236,444564
MKD,2021-01-27,1964,446528
MKD,2021-01-28,2024,448552
MKD,2021-01-29,2589,451141
MKD,2021-01-30,1733,452874
MKD,2021-01-31,678,453552
MKD,2021-02-01,2540,456092
MKD,2021-02-02,2291,458383
MKD,2021-02-03,2107,460490
MKD,2021-02-04,2161,462651
MKD,2021-02-05,2727,465378
MKD,2021-02-06,1846,467224
MKD,2021-02-07,726,467950
MKD,2021-02-08,2863,470813
MKD,2021-02-09,2445,473258
MKD,2021-02-10,2705,475963
MKD,2021-02-11,2596,478559
MKD,2021-02-12,3121,481680
MKD,2021-02-13,1814,483494
MKD,2021-02-14,755,484249
MKD,2021-02-15,2275,486524
MKD,2021-02-16,2383,488907
MKD,2021-02-17,2345,491252
MKD,2021-02-18,2549,493801
MKD,2021-02-19,3283,497084
MKD,2021-02-20,2160,499244
MKD,2021-02-21,854,500098
MKD,2021-02-22,2813,502911
MKD,2021-02-23,3342,506253
MKD,2021-02-24,2972,509225
MKD,2021-02-25,3477,512702
MKD,2021-02-26,3816,516518
MKD,2021-02-27,2533,519051
MKD,2021-02-28,1208,520259
MKD,2021-03-01,3144,523403
MKD,2021-03-02,3312,526715
MKD,2021-03-03,3323,530038
MKD,2021-03-04,3519,533557
MKD,2021-03-05,3701,537258
MKD,2021-03-06,2259,539517
MKD,2021-03-07,1562,541079
MKD,2021-03-08,3394,544473
MKD,2021-03-09,3707,548180
MKD,2021-03-10,3450,551630
MKD,2021-03-11,3654,555284
MKD,2021-03-12,4373,559657
MKD,2021-03-13,2789,562446
MKD,2021-03-14,1258,563704
MKD,2021-03-15,3627,567331
MKD,2021-03-16,4094,571425
MKD,2021-03-17,3761,575186
MKD,2021-03-18,3566,578752
MKD,2021-03-19,5057,583809
MKD,2021-03-20,2730,586539
MKD,2021-03-21,1682,588221
MKD,2021-03-22,3728,591949
MKD,2021-03-23,4096,596045
MKD,2021-03-24,3897,599942
MKD,2021-03-25,4277,604219
MKD,2021-03-26,4738,608957
MKD,2021-03-27,2763,611720
MKD,2021-03-28,1405,613125
MKD,2021-03-29,3948,617073
MKD,2021-03-30,4445,621518
MKD,2021-03-31,3978,625496
MKD,2021-04-01,4174,629670
MKD,2021-04-02,4920,634590
MKD,2021-04-03,3246,637836
MKD,2021-04-04,1431,639267
MKD,2021-04-05,4555,643822
MKD,2021-04-06,4438,648260
MKD,2021-04-07,3927,652187
MKD,2021-04-08,4598,656785
MKD,2021-04-09,5569,662354
MKD,2021-04-10,3050,665404
MKD,2021-04-11,1192,666596
MKD,2021-04-12,4045,670641
MKD,2021-04-13,3610,674251
MKD,2021-04-14,3284,677535
MKD,2021-04-15,3616,681151
MKD,2021-04-16,3988,685139
MKD,2021-04-17,2379,687518
MKD,2021-04-18,841,688359
MKD,2021-04-19,3171,691530
MKD,2021-04-20,2865,694395
MKD,2021-04-21,2596,696991
MKD,2021-04-22,2841,699832
MKD,2021-04-23,3526,703358
MKD,2021-04-24,2362,705720
MKD,2021-04-25,808,706528
MKD,2021-04-26,2874,709402
MKD,2021-04-27,3034,712436
MKD,2021-04-28,2453,714889
MKD,2021-04-29,2820,717709
MKD,2021-04-30,2276,719985
MKD,2021-05-01,946,720931
MKD,2021-05-02,572,721503
MKD,2021-05-03,1169,722672
MKD,2021-05-04,2928,725600
MKD,2021-05-05,0,725600
MKD,2021-05-06,0,725600
MKD,2021-05-07,0,725600
MKD,2021-05-08,0,725600
MKD,2021-05-09,0,725600
MKD,2021-05-10,0,725600
MKD,2021-05-11,0,725600
MKD,2021-05-12,0,725600
MKD,2021-05-13,0,725600
MKD,2021-05-14,0,725600
MKD,2021-05-15,0,725600
MKD,2021-05-16,0,725600
MKD,2021-05-17,0,725600
MKD,2021-05-18,0,725600
MKD,2021-05-19,0,725600
MKD,2021-05-20,0,725600
MKD,2021-05-21,0,725600
MKD,2021-05-22,0,725600
MKD,2021-05-23,0,725600
MKD,2021-05-24,0,725600
MKD,2021-05-25,0,725600
MKD,2021-05-26,0,725600
MKD,2021-05-27,0,725600
MKD,2021-05-28,0,725600
MKD,2021-05-29,0,725600
MKD,2021-05-30,0,725600
MKD,2021-05-31,0,725600
MKD,2021-06-01,0,725600
MKD,2021-06-02,0,725600
MKD,2021-06-03,0,725600
MKD,2021-06-04,0,725600
MKD,2021-06-05,0,725600
MKD,2021-06-06,3856,729456
MKD,2021-06-07,4200,733656
MKD,2021-06-08,0,733656
MKD,2021-06-09,0,733656
MKD,2021-06-10,2619,736275
MKD,2021-06-11,2411,738686
MKD,2021-06-12,0,738686
MKD,2021-06-13,0,738686
MKD,2021-06-14,0,738686
MKD,2021-06-15,1337,740023
MKD,2021-06-16,2887,742910
MKD,2021-06-17,0,742910
MKD,2021-06-18,0,742910
MKD,2021-06-19,0,742910
MKD,2021-06-20,0,742910
MKD,2021-06-21,0,742910
MKD,2021-06-22,0,742910
MKD,2021-06-23,0,742910
MKD,2021-06-24,0,742910
MKD,2021-06-25,0,742910
MKD,2021-06-26,0,742910
MKD,2021-06-27,0,742910
MKD,2021-06-28,0,742910
NOR,2020-04-01,3937,3937
NOR,2020-04-02,3561,7498
NOR,2020-04-03,3556,11054
NOR,2020-04-04,1386,12440
NOR,2020-04-05,1118,13558
NOR,2020-04-06,3532,17090
NOR,2020-04-07,2972,20062
NOR,2020-04-08,2276,22338
NOR,2020-04-09,1330,23668
NOR,2020-04-10,1355,25023
NOR,2020-04-11,1422,26445
NOR,2020-04-12,1245,27690
NOR,2020-04-13,1318,29008
NOR,2020-04-14,3369,32377
NOR,2020-04-15,3428,35805
NOR,2020-04-16,3110,38915
NOR,2020-04-17,3132,42047
NOR,2020-04-18,1176,43223
NOR,2020-04-19,1143,44366
NOR,2020-04-20,3777,48143
NOR,2020-04-21,3582,51725
NOR,2020-04-22,3346,55071
NOR,2020-04-23,2976,58047
NOR,2020-04-24,3281,61328
NOR,2020-04-25,1132,62460
NOR,2020-04-26,973,63433
NOR,2020-04-27,4104,67537
NOR,2020-04-28,4113,71650
NOR,2020-04-29,3955,75605
NOR,2020-04-30,4439,80044
NOR,2020-05-01,1512,81556
NOR,2020-05-02,1555,83111
NOR,2020-05-03,1260,84371
NOR,2020-05-04,4729,89100
NOR,2020-05-05,4316,93416
NOR,2020-05-06,4284,97700
NOR,2020-05-07,3753,101453
NOR,2020-05-08,3806,105259
NOR,2020-05-09,1305,106564
NOR,2020-05-10,1004,107568
NOR,2020-05-11,4402,111970
NOR,2020-05-12,4798,116768
NOR,2020-05-13,4472,121240
NOR,2020-05-14,4207,125447
NOR,2020-05-15,4180,129627
NOR,2020-05-16,1312,130939
NOR,2020-05-17,667,131606
NOR,2020-05-18,4413,136019
NOR,2020-05-19,4663,140682
NOR,2020-05-20,3956,144638
NOR,2020-05-21,1150,145788
NOR,2020-05-22,3349,149137
NOR,2020-05-23,1042,150179
NOR,2020-05-24,902,151081
NOR,2020-05-25,4072,155153
NOR,2020-05-26,3458,158611
NOR,2020-05-27,3288,161899
NOR,2020-05-28,2787,164686
NOR,2020-05-29,2595,167281
NOR,2020-05-30,812,168093
NOR,2020-05-31,636,168729
NOR,2020-06-01,746,169475
NOR,2020-06-02,3849,173324
NOR,2020-06-03,3140,176464
NOR,2020-06-04,2931,179395
NOR,2020-06-05,2935,182330
NOR,2020-06-06,952,183282
NOR,2020-06-07,948,184230
NOR,2020-06-08,5755,189985
NOR,2020-06-09,5660,195645
NOR,2020-06-10,4562,200207
NOR,2020-06-11,4870,205077
NOR,2020-06-12,4635,209712
NOR,2020-06-13,1249,210961
NOR,2020-06-14,1135,212096
NOR,2020-06-15,5854,217950
NOR,2020-06-16,5458,223408
NOR,2020-06-17,4985,228393
NOR,2020-06-18,4565,232958
NOR,2020-06-19,3813,236771
NOR,2020-06-20,1065,237836
NOR,2020-06-21,1034,238870
NOR,2020-06-22,5039,243909
NOR,2020-06-23,4666,248575
NOR,2020-06-24,4634,253209
NOR,2020-06-25,4180,257389
NOR,2020-06-26,3936,261325
NOR,2020-06-27,1116,262441
NOR,2020-06-28,994,263435
NOR,2020-06-29,5945,269380
NOR,2020-06-30,5031,274411
NOR,2020-07-01,5124,279535
NOR,2020-07-02,4747,284282
NOR,2020-07-03,4544,288826
NOR,2020-07-04,1430,290256
NOR,2020-07-05,1199,291455
NOR,2020-07-06,6330,297785
NOR,2020-07-07,5350,303135
NOR,2020-07-08,5306,308441
NOR,2020-07-09,4820,313261
NOR,2020-07-10,4704,317965
NOR,2020-07-11,1397,319362
NOR,2020-07-12,1201,320563
NOR,2020-07-13,6375,326938
NOR,2020-07-14,5267,332205
NOR,2020-07-15,5411,337616
NOR,2020-07-16,4560,342176
NOR,2020-07-17,4145,346321
NOR,2020-07-18,1421,347742
NOR,2020-07-19,1350,349092
NOR,2020-07-20,6024,355116
NOR,2020-07-21,4826,359942
NOR,2020-07-22,4931,364873
NOR,2020-07-23,4485,369358
NOR,2020-07-24,4530,373888
NOR,2020-07-25,1709,375597
NOR,2020-07-26,1473,377070
NOR,2020-07-27,6879,383949
NOR,2020-07-28,5895,389844
NOR,2020-07-29,5900,395744
NOR,2020-07-30,5567,401311
NOR,2020-07-31,5474,406785
NOR,2020-08-01,2116,408901
NOR,2020-08-02,1907,410808
NOR,2020-08-03,9327,420135
NOR,2020-08-04,8444,428579
NOR,2020-08-05,8766,437345
NOR,2020-08-06,8692,446037
NOR,2020-08-07,8451,454488
NOR,2020-08-08,3304,457792
NOR,2020-08-09,3176,460968
NOR,2020-08-10,13508,474476
NOR,2020-08-11,12979,487455
NOR,2020-08-12,13448,500903
NOR,2020-08-13,13274,514177
NOR,2020-08-14,13783,527960
NOR,2020-08-15,6038,533998
NOR,2020-08-16,5302,539300
NOR,2020-08-17,18276,557576
NOR,2020-08-18,16994,574570
NOR,2020-08-19,16541,591111
NOR,2020-08-20,15670,606781
NOR,2020-08-21,15277,622058
NOR,2020-08-22,6818,628876
NOR,2020-08-23,6967,635843
NOR,2020-08-24,21198,657041
NOR,2020-08-25,19395,676436
NOR,2020-08-26,18870,695306
NOR,2020-08-27,17356,712662
NOR,2020-08-28,16518,729180
NOR,2020-08-29,6399,735579
NOR,2020-08-30,6802,742381
NOR,2020-08-31,22745,765126
NOR,2020-09-01,20449,785575
NOR,2020-09-02,19200,804775
NOR,2020-09-03,17751,822526
NOR,2020-09-04,15612,838138
NOR,2020-09-05,6022,844160
NOR,2020-09-06,6430,850590
NOR,2020-09-07,21037,871627
NOR,2020-09-08,18887,890514
NOR,2020-09-09,17961,908475
NOR,2020-09-10,15698,924173
NOR,2020-09-11,14987,939160
NOR,2020-09-12,7118,946278
NOR,2020-09-13,6776,953054
NOR,2020-09-14,21549,974603
NOR,2020-09-15,19027,993630
NOR,2020-09-16,17710,1011340
NOR,2020-09-17,15294,1026634
NOR,2020-09-18,14154,1040788
NOR,2020-09-19,5854,1046642
NOR,2020-09-20,5820,1052462
NOR,2020-09-21,20817,1073279
NOR,2020-09-22,16817,1090096
NOR,2020-09-23,16379,1106475
NOR,2020-09-24,14500,1120975
NOR,2020-09-25,13915,1134890
NOR,2020-09-26,6043,1140933
NOR,2020-09-27,5994,1146927
NOR,2020-09-28,19258,1166185
NOR,2020-09-29,15549,1181734
NOR,2020-09-30,15004,1196738
NOR,2020-10-01,12959,1209697
NOR,2020-10-02,13201,1222898
NOR,2020-10-03,5829,1228727
NOR,2020-10-04,6038,1234765
NOR,2020-10-05,19345,1254110
NOR,2020-10-06,15020,1269130
NOR,2020-10-07,14371,1283501
NOR,2020-10-08,13140,1296641
NOR,2020-10-09,12824,1309465
NOR,2020-10-10,5938,1315403
NOR,2020-10-11,6500,1321903
NOR,2020-10-12,19921,1341824
NOR,2020-10-13,15840,1357664
NOR,2020-10-14,15342,1373006
NOR,2020-10-15,13857,1386863
NOR,2020-10-16,13145,1400008
NOR,2020-10-17,5974,1405982
NOR,2020-10-18,6452,1412434
NOR,2020-10-19,20745,1433179
NOR,2020-10-20,17083,1450262
NOR,2020-10-21,16269,1466531
NOR,2020-10-22,15670,1482201
NOR,2020-10-23,15505,1497706
NOR,2020-10-24,7551,1505257
NOR,2020-10-25,7830,1513087
NOR,2020-10-26,23645,1536732
NOR,2020-10-27,21085,1557817
NOR,2020-10-28,21366,1579183
NOR,2020-10-29,21117,1600300
NOR,2020-10-30,20736,1621036
NOR,2020-10-31,9666,1630702
NOR,2020-11-01,9787,1640489
NOR,2020-11-02,28043,1668532
NOR,2020-11-03,27347,1695879
NOR,2020-11-04,25895,1721774
NOR,2020-11-05,27872,1749646
NOR,2020-11-06,27391,1777037
NOR,2020-11-07,12580,1789617
NOR,2020-11-08,11751,1801368
NOR,2020-11-09,31137,1832505
NOR,2020-11-10,25727,1858232
NOR,2020-11-11,23879,1882111
NOR,2020-11-12,23685,1905796
NOR,2020-11-13,22181,1927977
NOR,2020-11-14,9927,1937904
NOR,2020-11-15,10970,1948874
NOR,2020-11-16,28509,1977383
NOR,2020-11-17,21823,1999206
NOR,2020-11-18,21613,2020819
NOR,2020-11-19,19395,2040214
NOR,2020-11-20,18159,2058373
NOR,2020-11-21,8312,2066685
NOR,2020-11-22,8378,2075063
NOR,2020-11-23,25787,2100850
NOR,2020-11-24,19526,2120376
NOR,2020-11-25,19441,2139817
NOR,2020-11-26,18607,2158424
NOR,2020-11-27,15948,2174372
NOR,2020-11-28,7030,2181402
NOR,2020-11-29,7107,2188509
NOR,2020-11-30,23003,2211512
NOR,2020-12-01,18366,2229878
NOR,2020-12-02,17648,2247526
NOR,2020-12-03,17591,2265117
NOR,2020-12-04,15710,2280827
NOR,2020-12-05,6814,2287641
NOR,2020-12-06,7391,2295032
NOR,2020-12-07,23707,2318739
NOR,2020-12-08,19045,2337784
NOR,2020-12-09,18923,2356707
NOR,2020-12-10,19338,2376045
NOR,2020-12-11,17848,2393893
NOR,2020-12-12,9001,2402894
NOR,2020-12-13,9143,2412037
NOR,2020-12-14,26097,2438134
NOR,2020-12-15,22617,2460751
NOR,2020-12-16,23165,2483916
NOR,2020-12-17,23964,2507880
NOR,2020-12-18,24284,2532164
NOR,2020-12-19,13331,2545495
NOR,2020-12-20,12719,2558214
NOR,2020-12-21,31808,2590022
NOR,2020-12-22,26569,2616591
NOR,2020-12-23,18386,2634977
NOR,2020-12-24,6106,2641083
NOR,2020-12-25,6594,2647677
NOR,2020-12-26,10927,2658604
NOR,2020-12-27,10307,2668911
NOR,2020-12-28,21779,2690690
NOR,2020-12-29,19356,2710046
NOR,2020-12-30,19151,2729197
NOR,2020-12-31,9077,2738274
NOR,2021-01-01,7282,2745556
NOR,2021-01-02,15326,2760882
NOR,2021-01-03,15308,2776190
NOR,2021-01-04,37945,2814135
NOR,2021-01-05,31723,2845858
NOR,2021-01-06,29833,2875691
NOR,2021-01-07,29215,2904906
NOR,2021-01-08,27642,2932548
NOR,2021-01-09,15382,2947930
NOR,2021-01-10,14645,2962575
NOR,2021-01-11,32574,2995149
NOR,2021-01-12,23541,3018690
NOR,2021-01-13,22262,3040952
NOR,2021-01-14,20173,3061125
NOR,2021-01-15,18579,3079704
NOR,2021-01-16,8649,3088353
NOR,2021-01-17,8639,3096992
NOR,2021-01-18,23254,3120246
NOR,2021-01-19,17862,3138108
NOR,2021-01-20,17560,3155668
NOR,2021-01-21,15225,3170893
NOR,2021-01-22,15008,3185901
NOR,2021-01-23,8480,3194381
NOR,2021-01-24,9572,3203953
NOR,2021-01-25,27912,3231865
NOR,2021-01-26,21339,3253204
NOR,2021-01-27,20756,3273960
NOR,2021-01-28,20426,3294386
NOR,2021-01-29,17949,3312335
NOR,2021-01-30,7333,3319668
NOR,2021-01-31,7140,3326808
NOR,2021-02-01,22618,3349426
NOR,2021-02-02,17819,3367245
NOR,2021-02-03,17960,3385205
NOR,2021-02-04,17652,3402857
NOR,2021-02-05,16081,3418938
NOR,2021-02-06,7595,3426533
NOR,2021-02-07,6887,3433420
NOR,2021-02-08,22913,3456333
NOR,2021-02-09,20980,3477313
NOR,2021-02-10,19429,3496742
NOR,2021-02-11,17816,3514558
NOR,2021-02-12,18115,3532673
NOR,2021-02-13,8393,3541066
NOR,2021-02-14,6731,3547797
NOR,2021-02-15,22247,3570044
NOR,2021-02-16,19683,3589727
NOR,2021-02-17,19891,3609618
NOR,2021-02-18,18747,3628365
NOR,2021-02-19,18101,3646466
NOR,2021-02-20,8911,3655377
NOR,2021-02-21,7649,3663026
NOR,2021-02-22,20478,3683504
NOR,2021-02-23,17143,3700647
NOR,2021-02-24,18280,3718927
NOR,2021-02-25,18777,3737704
NOR,2021-02-26,19672,3757376
NOR,2021-02-27,10571,3767947
NOR,2021-02-28,11359,3779306
NOR,2021-03-01,26941,3806247
NOR,2021-03-02,23974,3830221
NOR,2021-03-03,24460,3854681
NOR,2021-03-04,24934,3879615
NOR,2021-03-05,26270,3905885
NOR,2021-03-06,15738,3921623
NOR,2021-03-07,15557,3937180
NOR,2021-03-08,35909,3973089
NOR,2021-03-09,31725,4004814
NOR,2021-03-10,31595,4036409
NOR,2021-03-11,30604,4067013
NOR,2021-03-12,29811,4096824
NOR,2021-03-13,17140,4113964
NOR,2021-03-14,16590,4130554
NOR,2021-03-15,35361,4165915
NOR,2021-03-16,30926,4196841
NOR,2021-03-17,32779,4229620
NOR,2021-03-18,31750,4261370
NOR,2021-03-19,30055,4291425
NOR,2021-03-20,17231,4308656
NOR,2021-03-21,15591,4324247
NOR,2021-03-22,36945,4361192
NOR,2021-03-23,32931,4394123
NOR,2021-03-24,34756,4428879
NOR,2021-03-25,33389,4462268
NOR,2021-03-26,33013,4495281
NOR,2021-03-27,17799,4513080
NOR,2021-03-28,14114,4527194
NOR,2021-03-29,30281,4557475
NOR,2021-03-30,21822,4579297
NOR,2021-03-31,18402,4597699
NOR,2021-04-01,10542,4608241
NOR,2021-04-02,11327,4619568
NOR,2021-04-03,10885,4630453
NOR,2021-04-04,11373,4641826
NOR,2021-04-05,16716,4658542
NOR,2021-04-06,31338,4689880
NOR,2021-04-07,26167,4716047
NOR,2021-04-08,23101,4739148
NOR,2021-04-09,24092,4763240
NOR,2021-04-10,13127,4776367
NOR,2021-04-11,11147,4787514
NOR,2021-04-12,27730,4815244
NOR,2021-04-13,21555,4836799
NOR,2021-04-14,21943,4858742
NOR,2021-04-15,19724,4878466
NOR,2021-04-16,18264,4896730
NOR,2021-04-17,9498,4906228
NOR,2021-04-18,8943,4915171
NOR,2021-04-19,22765,4937936
NOR,2021-04-20,18905,4956841
NOR,2021-04-21,19659,4976500
NOR,2021-04-22,19597,4996097
NOR,2021-04-23,20748,5016845
NOR,2021-04-24,9871,5026716
NOR,2021-04-25,9586,5036302
NOR,2021-04-26,24821,5061123
NOR,2021-04-27,21450,5082573
NOR,2021-04-28,21075,5103648
NOR,2021-04-29,19661,5123309
NOR,2021-04-30,19052,5142361
NOR,2021-05-01,8495,5150856
NOR,2021-05-02,9669,5160525
NOR,2021-05-03,24865,5185390
NOR,2021-05-04,21934,5207324
NOR,2021-05-05,22755,5230079
NOR,2021-05-06,20418,5250497
NOR,2021-05-07,19116,5269613
NOR,2021-05-08,9677,5279290
NOR,2021-05-09,10889,5290179
NOR,2021-05-10,25993,5316172
NOR,2021-05-11,21570,5337742
NOR,2021-05-12,19219,5356961
NOR,2021-05-13,11931,5368892
NOR,2021-05-14,17962,5386854
NOR,2021-05-15,9941,5396795
NOR,2021-05-16,9405,5406200
NOR,2021-05-17,5699,5411899
NOR,2021-05-18,26951,5438850
NOR,2021-05-19,26414,5465264
NOR,2021-05-20,26312,5491576
NOR,2021-05-21,26499,5518075
NOR,2021-05-22,13477,5531552
NOR,2021-05-23,13621,5545173
NOR,2021-05-24,16696,5561869
NOR,2021-05-25,28957,5590826
NOR,2021-05-26,23995,5614821
NOR,2021-05-27,20341,5635162
NOR,2021-05-28,19784,5654946
NOR,2021-05-29,8843,5663789
NOR,2021-05-30,9576,5673365
NOR,2021-05-31,23481,5696846
NOR,2021-06-01,19724,5716570
NOR,2021-06-02,21201,5737771
NOR,2021-06-03,19647,5757418
NOR,2021-06-04,17222,5774640
NOR,2021-06-05,7924,5782564
NOR,2021-06-06,7940,5790504
NOR,2021-06-07,21060,5811564
NOR,2021-06-08,17070,5828634
NOR,2021-06-09,17196,5845830
NOR,2021-06-10,16838,5862668
NOR,2021-06-11,16388,5879056
NOR,2021-06-12,8013,5887069
NOR,2021-06-13,8077,5895146
NOR,2021-06-14,21712,5916858
NOR,2021-06-15,17955,5934813
NOR,2021-06-16,17977,5952790
NOR,2021-06-17,17633,5970423
NOR,2021-06-18,16472,5986895
NOR,2021-06-19,9470,5996365
NOR,2021-06-20,8686,6005051
NOR,2021-06-21,19675,6024726
NOR,2021-06-22,16288,6041014
NOR,2021-06-23,16655,6057669
NOR,2021-06-24,16955,6074624
NOR,2021-06-25,16186,6090810
NOR,2021-06-26,7224,6098034
OMN,2020-06-04,2546,2546
OMN,2020-06-05,2463,5009
OMN,2020-06-06,3128,8137
OMN,2020-06-07,2907,11044
OMN,2020-06-08,2697,13741
OMN,2020-06-09,2688,16429
OMN,2020-06-10,2658,19087
OMN,2020-06-11,2747,21834
OMN,2020-06-12,3502,25336
OMN,2020-06-13,3135,28471
OMN,2020-06-14,3596,32067
OMN,2020-06-15,3283,35350
OMN,2020-06-16,2627,37977
OMN,2020-06-17,2797,40774
OMN,2020-06-18,2347,43121
OMN,2020-06-19,3317,46438
OMN,2020-06-20,2448,48886
OMN,2020-06-21,2804,51690
OMN,2020-06-22,4544,56234
OMN,2020-06-23,3940,60174
OMN,2020-06-24,3585,63759
OMN,2020-06-25,3835,67594
OMN,2020-06-26,4013,71607
OMN,2020-06-27,2508,74115
OMN,2020-06-28,3292,77407
OMN,2020-06-29,3191,80598
OMN,2020-06-30,3121,83719
OMN,2020-07-01,3533,87252
OMN,2020-07-02,4049,91301
OMN,2020-07-03,3834,95135
OMN,2020-07-04,2992,98127
OMN,2020-07-05,3515,101642
OMN,2020-07-06,3852,105494
OMN,2020-07-07,4007,109501
OMN,2020-07-08,3987,113488
OMN,2020-07-09,5456,118944
OMN,2020-07-10,4574,123518
OMN,2020-07-11,3833,127351
OMN,2020-07-12,3570,130921
OMN,2020-07-13,6173,137094
OMN,2020-07-14,4044,141138
OMN,2020-07-15,4613,145751
OMN,2020-07-16,4704,150455
OMN,2020-07-17,4721,155176
OMN,2020-07-18,3976,159152
OMN,2020-07-19,3943,163095
OMN,2020-07-20,3957,167052
OMN,2020-07-21,4701,171753
OMN,2020-07-22,4798,176551
OMN,2020-07-23,3344,179895
OMN,2020-07-24,3138,183033
OMN,2020-07-25,3076,186109
OMN,2020-07-26,3187,189296
OMN,2020-07-27,3504,192800
OMN,2020-07-28,1904,194704
OMN,2020-07-29,1314,196018
OMN,2020-07-30,1940,197958
OMN,2020-07-31,0,197958
OMN,2020-08-01,0,197958
OMN,2020-08-02,0,197958
OMN,2020-08-03,0,197958
OMN,2020-08-04,0,197958
OMN,2020-08-05,2682,200640
PAK,2020-03-11,0,0
PAK,2020-03-12,60,60
PAK,2020-03-13,78,138
PAK,2020-03-14,75,213
PAK,2020-03-15,149,362
PAK,2020-03-16,292,654
PAK,2020-03-17,16,670
PAK,2020-03-18,1022,1692
PAK,2020-03-19,1247,2939
PAK,2020-03-20,591,3530
PAK,2020-03-21,1224,4754
PAK,2020-03-22,219,4973
PAK,2020-03-23,413,5386
PAK,2020-03-24,266,5652
PAK,2020-03-25,326,5978
PAK,2020-03-26,1386,7364
PAK,2020-03-27,5396,12760
PAK,2020-03-28,1105,13865
PAK,2020-03-29,412,14277
PAK,2020-03-30,935,15212
PAK,2020-03-31,284,15496
PAK,2020-04-01,1357,16853
PAK,2020-04-02,12984,29837
PAK,2020-04-03,2622,32459
PAK,2020-04-04,1955,34414
PAK,2020-04-05,990,35404
PAK,2020-04-06,3308,38712
PAK,2020-04-07,2976,41688
PAK,2020-04-08,2737,44425
PAK,2020-04-09,9810,54235
PAK,2020-04-10,3130,57365
PAK,2020-04-11,3965,61330
PAK,2020-04-12,3313,64643
PAK,2020-04-13,4814,69457
PAK,2020-04-14,3511,72968
PAK,2020-04-15,5540,78508
PAK,2020-04-16,5725,84233
PAK,2020-04-17,7844,92077
PAK,2020-04-18,5974,98051
PAK,2020-04-19,5780,103831
PAK,2020-04-20,0,103831
PAK,2020-04-21,0,103831
PAK,2020-04-22,6214,110045
PAK,2020-04-23,6529,116574
PAK,2020-04-24,6816,123390
PAK,2020-04-25,6782,130172
PAK,2020-04-26,6218,136390
PAK,2020-04-27,6391,142781
PAK,2020-04-28,6467,149248
PAK,2020-04-29,8688,157936
PAK,2020-04-30,8249,166185
PAK,2020-05-01,7971,174156
PAK,2020-05-02,11728,185884
PAK,2020-05-03,9166,195050
PAK,2020-05-04,9486,204536
PAK,2020-05-05,9893,214429
PAK,2020-05-06,10178,224607
PAK,2020-05-07,12196,236803
PAK,2020-05-08,12469,249272
PAK,2020-05-09,12778,262050
PAK,2020-05-10,13492,275542
PAK,2020-05-11,11377,286919
PAK,2020-05-12,10957,297876
PAK,2020-05-13,11848,309724
PAK,2020-05-14,13051,322775
PAK,2020-05-15,13700,336475
PAK,2020-05-16,14814,351289
PAK,2020-05-17,14146,365435
PAK,2020-05-18,13925,379360
PAK,2020-05-19,12957,392317
PAK,2020-05-20,13962,406279
PAK,2020-05-21,15346,421625
PAK,2020-05-22,16387,438012
PAK,2020-05-23,14705,452717
PAK,2020-05-24,12915,465632
PAK,2020-05-25,10049,475681
PAK,2020-05-26,7252,482933
PAK,2020-05-27,8491,491424
PAK,2020-05-28,8687,500111
PAK,2020-05-29,11931,512042
PAK,2020-05-30,12020,524062
PAK,2020-05-31,14993,539055
PAK,2020-06-01,14106,553161
PAK,2020-06-02,16838,569999
PAK,2020-06-03,17370,587369
PAK,2020-06-04,20167,607536
PAK,2020-06-05,22812,630348
PAK,2020-06-06,22185,652533
PAK,2020-06-07,23100,675633
PAK,2020-06-08,22225,697858
PAK,2020-06-09,24620,722478
PAK,2020-06-10,23799,746277
PAK,2020-06-11,26573,772850
PAK,2020-06-12,28344,801194
PAK,2020-06-13,29850,831044
PAK,2020-06-14,29546,860590
PAK,2020-06-15,29085,889675
PAK,2020-06-16,25015,914690
PAK,2020-06-17,28117,942807
PAK,2020-06-18,31230,974037
PAK,2020-06-19,29094,1003131
PAK,2020-06-20,31681,1034812
PAK,2020-06-21,28855,1063667
PAK,2020-06-22,30520,1094187
PAK,2020-06-23,24599,1118786
PAK,2020-06-24,23380,1142166
PAK,2020-06-25,21835,1164001
PAK,2020-06-26,21041,1185042
PAK,2020-06-27,21123,1206165
PAK,2020-06-28,25013,1231178
PAK,2020-06-29,23009,1254187
PAK,2020-06-30,20930,1275117
PAK,2020-07-01,22418,1297535
PAK,2020-07-02,22128,1319663
PAK,2020-07-03,23135,1342798
PAK,2020-07-04,22052,1364850
PAK,2020-07-05,25527,1390377
PAK,2020-07-06,22271,1412648
PAK,2020-07-07,24530,1437178
PAK,2020-07-08,21951,1459129
PAK,2020-07-09,24333,1483462
PAK,2020-07-10,23421,1506883
PAK,2020-07-11,23569,1530452
PAK,2020-07-12,24211,1554663
PAK,2020-07-13,22532,1577195
PAK,2020-07-14,21020,1598215
PAK,2020-07-15,21749,1619964
PAK,2020-07-16,24244,1644208
PAK,2020-07-17,23907,1668115
PAK,2020-07-18,23011,1691126
PAK,2020-07-19,22559,1713685
PAK,2020-07-20,19108,1732793
PAK,2020-07-21,17783,1750576
PAK,2020-07-22,18331,1768907
PAK,2020-07-23,22408,1791315
PAK,2020-07-24,22006,1813321
PAK,2020-07-25,23630,1836951
PAK,2020-07-26,23254,1860205
PAK,2020-07-27,41666,1901871
PAK,2020-07-28,21256,1923127
PAK,2020-07-29,21628,1944755
PAK,2020-07-30,20507,1965262
PAK,2020-07-31,0,1965262
PAK,2020-08-01,0,1965262
PAK,2020-08-02,11026,1976288
PAK,2020-08-03,10759,1987047
PAK,2020-08-04,11915,1998962
PAK,2020-08-05,0,1998962
PAK,2020-08-06,0,1998962
PAK,2020-08-07,20461,2019423
PAK,2020-08-08,24366,2043789
PAK,2020-08-09,23390,2067179
PAK,2020-08-10,20495,2087674
PAK,2020-08-11,18227,2105901
PAK,2020-08-12,20631,2126532
PAK,2020-08-13,19222,2145754
PAK,2020-08-14,23745,2169499
PAK,2020-08-15,23722,2193221
PAK,2020-08-16,24022,2217243
PAK,2020-08-17,22448,2239691
PAK,2020-08-18,17612,2257303
PAK,2020-08-19,22859,2280162
PAK,2020-08-20,23680,2303842
PAK,2020-08-21,25613,2329455
PAK,2020-08-22,25537,2354992
PAK,2020-08-23,24956,2379948
PAK,2020-08-24,23655,2403603
PAK,2020-08-25,24231,2427834
PAK,2020-08-26,24593,2452427
PAK,2020-08-27,23441,2475868
PAK,2020-08-28,23483,2499351
PAK,2020-08-29,22434,2521785
PAK,2020-08-30,21434,2543219
PAK,2020-08-31,18017,2561236
PAK,2020-09-01,20922,2582158
PAK,2020-09-02,20440,2602598
PAK,2020-09-03,21744,2624342
PAK,2020-09-04,23218,2647560
PAK,2020-09-05,24855,2672415
PAK,2020-09-06,25384,2697799
PAK,2020-09-07,20980,2718779
PAK,2020-09-08,23521,2742300
PAK,2020-09-09,22830,2765130
PAK,2020-09-10,25081,2790211
PAK,2020-09-11,29534,2819745
PAK,2020-09-12,28724,2848469
PAK,2020-09-13,31411,2879880
PAK,2020-09-14,28823,2908703
PAK,2020-09-15,27277,2935980
PAK,2020-09-16,29097,2965077
PAK,2020-09-17,31808,2996885
PAK,2020-09-18,33865,3030750
PAK,2020-09-19,35720,3066470
PAK,2020-09-20,34544,3101014
PAK,2020-09-21,33393,3134407
PAK,2020-09-22,36155,3170562
PAK,2020-09-23,33744,3204306
PAK,2020-09-24,42299,3246605
PAK,2020-09-25,37504,3284109
PAK,2020-09-26,40167,3324276
PAK,2020-09-27,36468,3360744
PAK,2020-09-28,28887,3389631
PAK,2020-09-29,32665,3422296
PAK,2020-09-30,32031,3454327
PAK,2020-10-01,34239,3488566
PAK,2020-10-02,31697,3520263
PAK,2020-10-03,35071,3555334
PAK,2020-10-04,29518,3584852
PAK,2020-10-05,33772,3618624
PAK,2020-10-06,24073,3642697
PAK,2020-10-07,27614,3670311
PAK,2020-10-08,31168,3701479
PAK,2020-10-09,33898,3735377
PAK,2020-10-10,33665,3769042
PAK,2020-10-11,28893,3797935
PAK,2020-10-12,26951,3824886
PAK,2020-10-13,30022,3854908
PAK,2020-10-14,28916,3883824
PAK,2020-10-15,31862,3915686
PAK,2020-10-16,33901,3949587
PAK,2020-10-17,32465,3982052
PAK,2020-10-18,32062,4014114
PAK,2020-10-19,27091,4041205
PAK,2020-10-20,20954,4062159
PAK,2020-10-21,26670,4088829
PAK,2020-10-22,28531,4117360
PAK,2020-10-23,27050,4144410
PAK,2020-10-24,31009,4175419
PAK,2020-10-25,28724,4204143
PAK,2020-10-26,26492,4230635
PAK,2020-10-27,27133,4257768
PAK,2020-10-28,29477,4287245
PAK,2020-10-29,29449,4316694
PAK,2020-10-30,32933,4349627
PAK,2020-10-31,21688,4371315
PAK,2020-11-01,27665,4398980
PAK,2020-11-02,27953,4426933
PAK,2020-11-03,27984,4454917
PAK,2020-11-04,26565,4481482
PAK,2020-11-05,32376,4513858
PAK,2020-11-06,35745,4549603
PAK,2020-11-07,34400,4584003
PAK,2020-11-08,32350,4616353
PAK,2020-11-09,33340,4649693
PAK,2020-11-10,31904,4681597
PAK,2020-11-11,31989,4713586
PAK,2020-11-12,36686,4750272
PAK,2020-11-13,36923,4787195
PAK,2020-11-14,34535,4821730
PAK,2020-11-15,39410,4861140
PAK,2020-11-16,29511,4890651
PAK,2020-11-17,29378,4920029
PAK,2020-11-18,38544,4958573
PAK,2020-11-19,36899,4995472
PAK,2020-11-20,42909,5038381
PAK,2020-11-21,43112,5081493
PAK,2020-11-22,38623,5120116
PAK,2020-11-23,36929,5157045
PAK,2020-11-24,39165,5196210
PAK,2020-11-25,41583,5237793
PAK,2020-11-26,45999,5283792
PAK,2020-11-27,43214,5327006
PAK,2020-11-28,48223,5375229
PAK,2020-11-29,40369,5415598
PAK,2020-11-30,33302,5448900
PAK,2020-12-01,40969,5489869
PAK,2020-12-02,35197,5525066
PAK,2020-12-03,42563,5567629
PAK,2020-12-04,44627,5612256
PAK,2020-12-05,41175,5653431
PAK,2020-12-06,41645,5695076
PAK,2020-12-07,39256,5734332
PAK,2020-12-08,33610,5767942
PAK,2020-12-09,38092,5806034
PAK,2020-12-10,40202,5846236
PAK,2020-12-11,42596,5888832
PAK,2020-12-12,41426,5930258
PAK,2020-12-13,42222,5972480
PAK,2020-12-14,31830,6004310
PAK,2020-12-15,0,6004310
PAK,2020-12-16,0,6004310
PAK,2020-12-17,40090,6044400
PAK,2020-12-18,39171,6083571
PAK,2020-12-19,48075,6131646
PAK,2020-12-20,37206,6168852
PAK,2020-12-21,34772,6203624
PAK,2020-12-22,34594,6238218
PAK,2020-12-23,35574,6273792
PAK,2020-12-24,21959,6295751
PAK,2020-12-25,54649,6350400
PAK,2020-12-26,40953,6391353
PAK,2020-12-27,33270,6424623
PAK,2020-12-28,32205,6456828
PAK,2020-12-29,30666,6487494
PAK,2020-12-30,36390,6523884
PAK,2020-12-31,39695,6563579
PAK,2021-01-01,41039,6604618
PAK,2021-01-02,38200,6642818
PAK,2021-01-03,44392,6687210
PAK,2021-01-04,30168,6717378
PAK,2021-01-05,35073,6752451
PAK,2021-01-06,38917,6791368
PAK,2021-01-07,40480,6831848
PAK,2021-01-08,38369,6870217
PAK,2021-01-09,40898,6911115
PAK,2021-01-10,44410,6955525
PAK,2021-01-11,34524,6990049
PAK,2021-01-12,40088,7030137
PAK,2021-01-13,39450,7069587
PAK,2021-01-14,41574,7111161
PAK,2021-01-15,40359,7151520
PAK,2021-01-16,42422,7193942
PAK,2021-01-17,41191,7235133
PAK,2021-01-18,37949,7273082
PAK,2021-01-19,36513,7309595
PAK,2021-01-20,39604,7349199
PAK,2021-01-21,43744,7392943
PAK,2021-01-22,36545,7429488
PAK,2021-01-23,40403,7469891
PAK,2021-01-24,40285,7510176
PAK,2021-01-25,37577,7547753
PAK,2021-01-26,42587,7590340
PAK,2021-01-27,41285,7631625
PAK,2021-01-28,40821,7672446
PAK,2021-01-29,43381,7715827
PAK,2021-01-30,41425,7757252
PAK,2021-01-31,42455,7799707
PAK,2021-02-01,34785,7834492
PAK,2021-02-02,38813,7873305
PAK,2021-02-03,35460,7908765
PAK,2021-02-04,44173,7952938
PAK,2021-02-05,37020,7989958
PAK,2021-02-06,0,7989958
PAK,2021-02-07,0,7989958
PAK,2021-02-08,0,7989958
PAK,2021-02-09,0,7989958
PAK,2021-02-10,0,7989958
PAK,2021-02-11,0,7989958
PAK,2021-02-12,35280,8025238
PAK,2021-02-13,0,8025238
PAK,2021-02-14,0,8025238
PAK,2021-02-15,32019,8057257
PAK,2021-02-16,31905,8089162
PAK,2021-02-17,33196,8122358
PAK,2021-02-18,36543,8158901
PAK,2021-02-19,34754,8193655
PAK,2021-02-20,42332,8235987
PAK,2021-02-21,41395,8277382
PAK,2021-02-22,32313,8309695
PAK,2021-02-23,33978,8343673
PAK,2021-02-24,38453,8382126
PAK,2021-02-25,40906,8423032
PAK,2021-02-26,41849,8464881
PAK,2021-02-27,39177,8504058
PAK,2021-02-28,38920,8542978
PAK,2021-03-01,38338,8581316
PAK,2021-03-02,31948,8613264
PAK,2021-03-03,32945,8646209
PAK,2021-03-04,42344,8688553
PAK,2021-03-05,37980,8726533
PAK,2021-03-06,38200,8764733
PAK,2021-03-07,38887,8803620
PAK,2021-03-08,34347,8837967
PAK,2021-03-09,0,8837967
PAK,2021-03-10,0,8837967
PAK,2021-03-11,0,8837967
PAK,2021-03-12,0,8837967
PAK,2021-03-13,0,8837967
PAK,2021-03-14,0,8837967
PAK,2021-03-15,0,8837967
PAK,2021-03-16,0,8837967
PAK,2021-03-17,0,8837967
PAK,2021-03-18,0,8837967
PAK,2021-03-19,0,8837967
PAK,2021-03-20,0,8837967
PAK,2021-03-21,0,8837967
PAK,2021-03-22,0,8837967
PAK,2021-03-23,39742,8877709
PAK,2021-03-24,0,8877709
PAK,2021-03-25,0,8877709
PAK,2021-03-26,42418,8920127
PAK,2021-03-27,44279,8964406
PAK,2021-03-28,45656,9010062
PAK,2021-03-29,40369,9050431
PAK,2021-03-30,46269,9096700
PAK,2021-03-31,43965,9140665
PAK,2021-04-01,50045,9190710
PAK,2021-04-02,50170,9240880
PAK,2021-04-03,50186,9291066
PAK,2021-04-04,55605,9346671
PAK,2021-04-05,43362,9390033
PAK,2021-04-06,46665,9436698
PAK,2021-04-07,41699,9478397
PAK,2021-04-08,49816,9528213
PAK,2021-04-09,54948,9583161
PAK,2021-04-10,49069,9632230
PAK,2021-04-11,46066,9678296
PAK,2021-04-12,44514,9722810
PAK,2021-04-13,50520,9773330
PAK,2021-04-14,48092,9821422
PAK,2021-04-15,64685,9886107
PAK,2021-04-16,64481,9950588
PAK,2021-04-17,0,9950588
PAK,2021-04-18,0,9950588
PAK,2021-04-19,0,9950588
PAK,2021-04-20,68002,10018590
PAK,2021-04-21,47301,10065891
PAK,2021-04-22,57591,10123482
PAK,2021-04-23,53818,10177300
PAK,2021-04-24,52402,10229702
PAK,2021-04-25,55128,10284830
PAK,2021-04-26,50161,10334991
PAK,2021-04-27,43981,10378972
PAK,2021-04-28,49101,10428073
PAK,2021-04-29,57013,10485086
PAK,2021-04-30,49099,10534185
PAK,2021-05-01,48740,10582925
PAK,2021-05-02,45275,10628200
PAK,2021-05-03,45954,10674154
PAK,2021-05-04,37587,10711741
PAK,2021-05-05,44837,10756578
PAK,2021-05-06,46467,10803045
PAK,2021-05-07,44846,10847891
PAK,2021-05-08,48103,10895994
PAK,2021-05-09,40736,10936730
PAK,2021-05-10,37756,10974486
PAK,2021-05-11,38883,11013369
PAK,2021-05-12,43565,11056934
PAK,2021-05-13,39101,11096035
PAK,2021-05-14,30700,11126735
PAK,2021-05-15,30248,11156983
PAK,2021-05-16,33118,11190101
PAK,2021-05-17,36725,11226826
PAK,2021-05-18,29801,11256627
PAK,2021-05-19,41771,11298398
PAK,2021-05-20,51130,11349528
PAK,2021-05-21,51528,11401056
PAK,2021-05-22,62238,11463294
PAK,2021-05-23,62061,11525355
PAK,2021-05-24,58522,11583877
PAK,2021-05-25,46726,11630603
PAK,2021-05-26,59076,11689679
PAK,2021-05-27,62706,11752385
PAK,2021-05-28,51625,11804010
PAK,2021-05-29,55442,11859452
PAK,2021-05-30,55965,11915417
PAK,2021-05-31,52223,11967640
PAK,2021-06-01,47633,12015273
PAK,2021-06-02,47183,12062456
PAK,2021-06-03,51523,12113979
PAK,2021-06-04,52859,12166838
PAK,2021-06-05,50393,12217231
PAK,2021-06-06,52427,12269658
PAK,2021-06-07,49285,12318943
PAK,2021-06-08,46882,12365825
PAK,2021-06-09,43900,12409725
PAK,2021-06-10,41824,12451549
PAK,2021-06-11,40483,12492032
PAK,2021-06-12,35695,12527727
PAK,2021-06-13,36368,12564095
PAK,2021-06-14,39214,12603309
PAK,2021-06-15,35039,12638348
PAK,2021-06-16,42204,12680552
PAK,2021-06-17,37196,12717748
PAK,2021-06-18,54647,12772395
PAK,2021-06-19,46269,12818664
PAK,2021-06-20,41065,12859729
PAK,2021-06-21,34754,12894483
PAK,2021-06-22,39017,12933500
PAK,2021-06-23,45519,12979019
PAK,2021-06-24,46124,13025143
PAK,2021-06-25,45924,13071067
PAK,2021-06-26,46842,13117909
PAK,2021-06-27,44544,13162453
PAK,2021-06-28,44496,13206949
PAK,2021-06-29,41133,13248082
PSE,2020-08-28,4115,4115
PSE,2020-08-29,7996,12111
PSE,2020-08-30,4135,16246
PSE,2020-08-31,4433,20679
PSE,2020-09-01,4433,25112
PSE,2020-09-02,5418,30530
PSE,2020-09-03,5076,35606
PSE,2020-09-04,5621,41227
PSE,2020-09-05,3697,44924
PSE,2020-09-06,4129,49053
PSE,2020-09-07,5328,54381
PSE,2020-09-08,5560,59941
PSE,2020-09-09,5471,65412
PSE,2020-09-10,5714,71126
PSE,2020-09-11,5981,77107
PSE,2020-09-12,4919,82026
PSE,2020-09-13,6602,88628
PSE,2020-09-14,7000,95628
PSE,2020-09-15,0,95628
PSE,2020-09-16,7113,102741
PSE,2020-09-17,5937,108678
PSE,2020-09-18,6734,115412
PSE,2020-09-19,4494,119906
PSE,2020-09-20,6948,126854
PSE,2020-09-21,6201,133055
PSE,2020-09-22,4978,138033
PSE,2020-09-23,5156,143189
PSE,2020-09-24,5028,148217
PSE,2020-09-25,3283,151500
PSE,2020-09-26,3177,154677
PSE,2020-09-27,3898,158575
PSE,2020-09-28,4516,163091
PSE,2020-09-29,0,163091
PSE,2020-09-30,4009,167100
PSE,2020-10-01,4066,171166
PSE,2020-10-02,3886,175052
PSE,2020-10-03,2885,177937
PSE,2020-10-04,4211,182148
PSE,2020-10-05,4157,186305
PSE,2020-10-06,4493,190798
PSE,2020-10-07,4285,195083
PSE,2020-10-08,3488,198571
PSE,2020-10-09,3892,202463
PSE,2020-10-10,2918,205381
PSE,2020-10-11,2550,207931
PSE,2020-10-12,3767,211698
PSE,2020-10-13,4002,215700
PSE,2020-10-14,4097,219797
PSE,2020-10-15,4661,224458
PSE,2020-10-16,3829,228287
PSE,2020-10-17,2954,231241
PSE,2020-10-18,3536,234777
PSE,2020-10-19,4270,239047
PSE,2020-10-20,3969,243016
PSE,2020-10-21,4036,247052
PSE,2020-10-22,4116,251168
PSE,2020-10-23,3701,254869
PSE,2020-10-24,3470,258339
PSE,2020-10-25,4228,262567
PSE,2020-10-26,4228,266795
PSE,2020-10-27,4212,271007
PSE,2020-10-28,4228,275235
PSE,2020-10-29,4228,279463
PSE,2020-10-30,4228,283691
PSE,2020-10-31,4002,287693
PSE,2020-11-01,4053,291746
PSE,2020-11-02,4485,296231
PSE,2020-11-03,5464,301695
PSE,2020-11-04,5632,307327
PSE,2020-11-05,5448,312775
PSE,2020-11-06,4625,317400
PSE,2020-11-07,2895,320295
PSE,2020-11-08,4427,324722
PSE,2020-11-09,5041,329763
PSE,2020-11-10,4731,334494
PSE,2020-11-11,5106,339600
PSE,2020-11-12,4593,344193
PSE,2020-11-13,4646,348839
PSE,2020-11-14,3922,352761
PSE,2020-11-15,4476,357237
PSE,2020-11-16,4770,362007
PSE,2020-11-17,5389,367396
PSE,2020-11-18,6128,373524
PSE,2020-11-19,5609,379133
PSE,2020-11-20,7256,386389
PSE,2020-11-21,5076,391465
PSE,2020-11-22,5915,397380
PSE,2020-11-23,7189,404569
PSE,2020-11-24,6964,411533
PSE,2020-11-25,7366,418899
PSE,2020-11-26,7642,426541
PSE,2020-11-27,7717,434258
PSE,2020-11-28,5382,439640
PSE,2020-11-29,6380,446020
PSE,2020-11-30,8661,454681
PSE,2020-12-01,8969,463650
PSE,2020-12-02,9567,473217
PSE,2020-12-03,9191,482408
PSE,2020-12-04,804,483212
PSE,2020-12-05,5307,488519
PSE,2020-12-06,6051,494570
PSE,2020-12-07,8204,502774
PSE,2020-12-08,5171,507945
PSE,2020-12-09,6672,514617
PSE,2020-12-10,6229,520846
PSE,2020-12-11,6187,527033
PSE,2020-12-12,4469,531502
PSE,2020-12-13,5654,537156
PSE,2020-12-14,5461,542617
PSE,2020-12-15,7296,549913
PSE,2020-12-16,6937,556850
PSE,2020-12-17,6961,563811
PSE,2020-12-18,4954,568765
PSE,2020-12-19,4695,573460
PSE,2020-12-20,7163,580623
PSE,2020-12-21,5458,586081
PSE,2020-12-22,6242,592323
PSE,2020-12-23,6367,598690
PSE,2020-12-24,5879,604569
PSE,2020-12-25,6134,610703
PSE,2020-12-26,3840,614543
PSE,2020-12-27,4723,619266
PSE,2020-12-28,5059,624325
PSE,2020-12-29,4525,628850
PSE,2020-12-30,4936,633786
PSE,2020-12-31,5336,639122
PSE,2021-01-01,5110,644232
PSE,2021-01-02,3225,647457
PSE,2021-01-03,4539,651996
PSE,2021-01-04,5463,657459
PSE,2021-01-05,4211,661670
PSE,2021-01-06,5104,666774
PSE,2021-01-07,4581,671355
PSE,2021-01-08,4007,675362
PSE,2021-01-09,2913,678275
PSE,2021-01-10,3393,681668
PSE,2021-01-11,4609,686277
PSE,2021-01-12,4086,690363
PSE,2021-01-13,4717,695080
PSE,2021-01-14,4286,699366
PSE,2021-01-15,4184,703550
PSE,2021-01-16,0,703550
PSE,2021-01-17,4086,707636
PSE,2021-01-18,4013,711649
PSE,2021-01-19,3339,714988
PSE,2021-01-20,4193,719181
PSE,2021-01-21,3692,722873
PSE,2021-01-22,4228,727101
PSE,2021-01-23,3069,730170
PSE,2021-01-24,3979,734149
PSE,2021-01-25,4078,738227
PSE,2021-01-26,3579,741806
PSE,2021-01-27,4355,746161
PSE,2021-01-28,4421,750582
PSE,2021-01-29,4524,755106
PSE,2021-01-30,3001,758107
PSE,2021-01-31,3893,762000
PSE,2021-02-01,4230,766230
PSE,2021-02-02,4835,771065
PSE,2021-02-03,4111,775176
PSE,2021-02-04,4771,779947
PSE,2021-02-05,4252,784199
PSE,2021-02-06,2875,787074
PSE,2021-02-07,4303,791377
PSE,2021-02-08,4533,795910
PSE,2021-02-09,4457,800367
PSE,2021-02-10,5204,805571
PSE,2021-02-11,5471,811042
PSE,2021-02-12,5238,816280
PSE,2021-02-13,3163,819443
PSE,2021-02-14,5177,824620
PSE,2021-02-15,5090,829710
PSE,2021-02-16,5510,835220
PSE,2021-02-17,6022,841242
PSE,2021-02-18,4427,845669
PSE,2021-02-19,3788,849457
PSE,2021-02-20,3618,853075
PSE,2021-02-21,5767,858842
PSE,2021-02-22,7182,866024
PSE,2021-02-23,7934,873958
PSE,2021-02-24,8271,882229
PSE,2021-02-25,8216,890445
PSE,2021-02-26,7763,898208
PSE,2021-02-27,5600,903808
PSE,2021-02-28,9101,912909
PSE,2021-03-01,9462,922371
PSE,2021-03-02,9587,931958
PSE,2021-03-03,9437,941395
PSE,2021-03-04,9186,950581
PSE,2021-03-05,9357,959938
PSE,2021-03-06,6763,966701
PSE,2021-03-07,7825,974526
PSE,2021-03-08,8539,983065
PSE,2021-03-09,7905,990970
PSE,2021-03-10,9035,1000005
PSE,2021-03-11,6888,1006893
PSE,2021-03-12,9107,1016000
PSE,2021-03-13,5424,1021424
PSE,2021-03-14,9623,1031047
PSE,2021-03-15,11118,1042165
PSE,2021-03-16,9658,1051823
PSE,2021-03-17,10669,1062492
PSE,2021-03-18,9863,1072355
PSE,2021-03-19,9890,1082245
PSE,2021-03-20,6570,1088815
PSE,2021-03-21,10340,1099155
PSE,2021-03-22,10873,1110028
PSE,2021-03-23,7774,1117802
PSE,2021-03-24,0,1117802
PSE,2021-03-25,8563,1126365
PSE,2021-03-26,6625,1132990
PSE,2021-03-27,5693,1138683
PSE,2021-03-28,7251,1145934
PSE,2021-03-29,8341,1154275
PSE,2021-03-30,8433,1162708
PSE,2021-03-31,9412,1172120
PSE,2021-04-01,9065,1181185
PSE,2021-04-02,9177,1190362
PSE,2021-04-03,5582,1195944
PSE,2021-04-04,8770,1204714
PSE,2021-04-05,10464,1215178
PSE,2021-04-06,9259,1224437
PSE,2021-04-07,9107,1233544
PSE,2021-04-08,10054,1243598
PSE,2021-04-09,8012,1251610
PSE,2021-04-10,5007,1256617
PSE,2021-04-11,7814,1264431
PSE,2021-04-12,9706,1274137
PSE,2021-04-13,7416,1281553
PSE,2021-04-14,7275,1288828
PSE,2021-04-15,5531,1294359
PSE,2021-04-16,6489,1300848
PSE,2021-04-17,4893,1305741
PSE,2021-04-18,3319,1309060
PSE,2021-04-19,5553,1314613
PSE,2021-04-20,6655,1321268
PSE,2021-04-21,6889,1328157
PSE,2021-04-22,6061,1334218
PSE,2021-04-23,5641,1339859
PSE,2021-04-24,4375,1344234
PSE,2021-04-25,3888,1348122
PSE,2021-04-26,4572,1352694
PSE,2021-04-27,5696,1358390
PSE,2021-04-28,5008,1363398
PSE,2021-04-29,4957,1368355
PSE,2021-04-30,4293,1372648
PSE,2021-05-01,2907,1375555
PSE,2021-05-02,3233,1378788
PSE,2021-05-03,2963,1381751
PSE,2021-05-04,3856,1385607
PSE,2021-05-05,4552,1390159
PSE,2021-05-06,3637,1393796
PSE,2021-05-07,3325,1397121
PSE,2021-05-08,2383,1399504
PSE,2021-05-09,2611,1402115
PSE,2021-05-10,3473,1405588
PSE,2021-05-11,3013,1408601
PSE,2021-05-12,2806,1411407
PSE,2021-05-13,0,1411407
PSE,2021-05-14,1639,1413046
PSE,2021-05-15,1155,1414201
PSE,2021-05-16,2999,1417200
PSE,2021-05-17,2924,1420124
PSE,2021-05-18,2375,1422499
PSE,2021-05-19,1375,1423874
PSE,2021-05-20,1591,1425465
PSE,2021-05-21,1725,1427190
PSE,2021-05-22,1725,1428915
PSE,2021-05-23,2267,1431182
PSE,2021-05-24,3126,1434308
PSE,2021-05-25,3568,1437876
PSE,2021-05-26,3244,1441120
PSE,2021-05-27,2997,1444117
PSE,2021-05-28,2440,1446557
PSE,2021-05-29,1631,1448188
PSE,2021-05-30,2605,1450793
PSE,2021-05-31,3178,1453971
PSE,2021-06-01,3320,1457291
PSE,2021-06-02,2751,1460042
PSE,2021-06-03,2382,1462424
PSE,2021-06-04,2047,1464471
PSE,2021-06-05,1507,1465978
PSE,2021-06-06,3156,1469134
PSE,2021-06-07,3156,1472290
PSE,2021-06-08,3066,1475356
PSE,2021-06-09,2761,1478117
PSE,2021-06-10,2409,1480526
PSE,2021-06-11,1713,1482239
PSE,2021-06-12,1673,1483912
PSE,2021-06-13,2559,1486471
PSE,2021-06-14,2559,1489030
PSE,2021-06-15,2924,1491954
PSE,2021-06-16,2658,1494612
PSE,2021-06-17,0,1494612
PSE,2021-06-18,1823,1496435
PSE,2021-06-19,1335,1497770
PSE,2021-06-20,2541,1500311
PSE,2021-06-21,2721,1503032
PSE,2021-06-22,2789,1505821
PSE,2021-06-23,3307,1509128
PSE,2021-06-24,2601,1511729
PAN,2020-03-09,0,0
PAN,2020-03-10,31,31
PAN,2020-03-11,42,73
PAN,2020-03-12,194,267
PAN,2020-03-13,239,506
PAN,2020-03-14,201,707
PAN,2020-03-15,107,814
PAN,2020-03-16,83,897
PAN,2020-03-17,241,1138
PAN,2020-03-18,210,1348
PAN,2020-03-19,313,1661
PAN,2020-03-20,401,2062
PAN,2020-03-21,303,2365
PAN,2020-03-22,627,2992
PAN,2020-03-23,286,3278
PAN,2020-03-24,305,3583
PAN,2020-03-25,558,4141
PAN,2020-03-26,608,4749
PAN,2020-03-27,366,5115
PAN,2020-03-28,540,5655
PAN,2020-03-29,398,6053
PAN,2020-03-30,422,6475
PAN,2020-03-31,362,6837
PAN,2020-04-01,389,7226
PAN,2020-04-02,608,7834
PAN,2020-04-03,753,8587
PAN,2020-04-04,562,9149
PAN,2020-04-05,493,9642
PAN,2020-04-06,548,10190
PAN,2020-04-07,384,10574
PAN,2020-04-08,1095,11669
PAN,2020-04-09,676,12345
PAN,2020-04-10,1046,13391
PAN,2020-04-11,862,14253
PAN,2020-04-12,625,14878
PAN,2020-04-13,412,15290
PAN,2020-04-14,486,15776
PAN,2020-04-15,785,16561
PAN,2020-04-16,962,17523
PAN,2020-04-17,711,18234
PAN,2020-04-18,497,18731
PAN,2020-04-19,1013,19744
PAN,2020-04-20,830,20574
PAN,2020-04-21,871,21445
PAN,2020-04-22,1150,22595
PAN,2020-04-23,442,23037
PAN,2020-04-24,759,23796
PAN,2020-04-25,1021,24817
PAN,2020-04-26,1199,26016
PAN,2020-04-27,1098,27114
PAN,2020-04-28,913,28027
PAN,2020-04-29,1011,29038
PAN,2020-04-30,884,29922
PAN,2020-05-01,1048,30970
PAN,2020-05-02,1467,32437
PAN,2020-05-03,996,33433
PAN,2020-05-04,992,34425
PAN,2020-05-05,915,35340
PAN,2020-05-06,1412,36752
PAN,2020-05-07,1044,37796
PAN,2020-05-08,1197,38993
PAN,2020-05-09,1265,40258
PAN,2020-05-10,827,41085
PAN,2020-05-11,980,42065
PAN,2020-05-12,2389,44454
PAN,2020-05-13,0,44454
PAN,2020-05-14,0,44454
PAN,2020-05-15,868,45322
PAN,2020-05-16,1295,46617
PAN,2020-05-17,1215,47832
PAN,2020-05-18,713,48545
PAN,2020-05-19,697,49242
PAN,2020-05-20,789,50031
PAN,2020-05-21,1250,51281
PAN,2020-05-22,1025,52306
PAN,2020-05-23,1669,53975
PAN,2020-05-24,1456,55431
PAN,2020-05-25,1056,56487
PAN,2020-05-26,1213,57700
PAN,2020-05-27,1253,58953
PAN,2020-05-28,1253,60206
PAN,2020-05-29,1407,61613
PAN,2020-05-30,1487,63100
PAN,2020-05-31,1470,64570
PAN,2020-06-01,928,65498
PAN,2020-06-02,830,66328
PAN,2020-06-03,1619,67947
PAN,2020-06-04,1531,69478
PAN,2020-06-05,1495,70973
PAN,2020-06-06,1744,72717
PAN,2020-06-07,1573,74290
PAN,2020-06-08,1656,75946
PAN,2020-06-09,1419,77365
PAN,2020-06-10,2041,79406
PAN,2020-06-11,2218,81624
PAN,2020-06-12,2029,83653
PAN,2020-06-13,2666,86319
PAN,2020-06-14,1880,88199
PAN,2020-06-15,1984,90183
PAN,2020-06-16,1645,91828
PAN,2020-06-17,2086,93914
PAN,2020-06-18,2449,96363
PAN,2020-06-19,2820,99183
PAN,2020-06-20,2766,101949
PAN,2020-06-21,2410,104359
PAN,2020-06-22,2075,106434
PAN,2020-06-23,1701,108135
PAN,2020-06-24,2295,110430
PAN,2020-06-25,3224,113654
PAN,2020-06-26,3029,116683
PAN,2020-06-27,2351,119034
PAN,2020-06-28,2908,121942
PAN,2020-06-29,3200,125142
PAN,2020-06-30,1977,127119
PAN,2020-07-01,2670,129789
PAN,2020-07-02,2347,132136
PAN,2020-07-03,2261,134397
PAN,2020-07-04,5637,140034
PAN,2020-07-05,1166,141200
PAN,2020-07-06,3172,144372
PAN,2020-07-07,2421,146793
PAN,2020-07-08,2584,149377
PAN,2020-07-09,2498,151875
PAN,2020-07-10,3022,154897
PAN,2020-07-11,2906,157803
PAN,2020-07-12,3435,161238
PAN,2020-07-13,3584,164822
PAN,2020-07-14,2575,167397
PAN,2020-07-15,3278,170675
PAN,2020-07-16,3435,174110
PAN,2020-07-17,2942,177052
PAN,2020-07-18,2477,179529
PAN,2020-07-19,3770,183299
PAN,2020-07-20,2920,186219
PAN,2020-07-21,2213,188432
PAN,2020-07-22,2553,190985
PAN,2020-07-23,3021,194006
PAN,2020-07-24,3472,197478
PAN,2020-07-25,2690,200168
PAN,2020-07-26,4274,204442
PAN,2020-07-27,3450,207892
PAN,2020-07-28,2279,210171
PAN,2020-07-29,3167,213338
PAN,2020-07-30,3218,216556
PAN,2020-07-31,3098,219654
PAN,2020-08-01,3668,223322
PAN,2020-08-02,3220,226542
PAN,2020-08-03,2649,229191
PAN,2020-08-04,2559,231750
PAN,2020-08-05,2557,234307
PAN,2020-08-06,3608,237915
PAN,2020-08-07,3373,241288
PAN,2020-08-08,3174,244462
PAN,2020-08-09,2861,247323
PAN,2020-08-10,2488,249811
PAN,2020-08-11,3129,252940
PAN,2020-08-12,2742,255682
PAN,2020-08-13,3134,258816
PAN,2020-08-14,2692,261508
PAN,2020-08-15,3667,265175
PAN,2020-08-16,3752,268927
PAN,2020-08-17,2198,271125
PAN,2020-08-18,2421,273546
PAN,2020-08-19,5711,279257
PAN,2020-08-20,4321,283578
PAN,2020-08-21,4320,287898
PAN,2020-08-22,5312,293210
PAN,2020-08-23,7584,300794
PAN,2020-08-24,3149,303943
PAN,2020-08-25,4907,308850
PAN,2020-08-26,3612,312462
PAN,2020-08-27,4705,317167
PAN,2020-08-28,5115,322282
PAN,2020-08-29,4786,327068
PAN,2020-08-30,2914,329982
PAN,2020-08-31,5596,335578
PAN,2020-09-01,3514,339092
PAN,2020-09-02,3740,342832
PAN,2020-09-03,3522,346354
PAN,2020-09-04,5100,351454
PAN,2020-09-05,5412,356866
PAN,2020-09-06,4949,361815
PAN,2020-09-07,3290,365105
PAN,2020-09-08,5177,370282
PAN,2020-09-09,4851,375133
PAN,2020-09-10,5075,380208
PAN,2020-09-11,5007,385215
PAN,2020-09-12,5196,390411
PAN,2020-09-13,4469,394880
PAN,2020-09-14,2875,397755
PAN,2020-09-15,4740,402495
PAN,2020-09-16,5453,407948
PAN,2020-09-17,5355,413303
PAN,2020-09-18,5434,418737
PAN,2020-09-19,5788,424525
PAN,2020-09-20,4966,429491
PAN,2020-09-21,3898,433389
PAN,2020-09-22,4543,437932
PAN,2020-09-23,5520,443452
PAN,2020-09-24,6150,449602
PAN,2020-09-25,5532,455134
PAN,2020-09-26,5288,460422
PAN,2020-09-27,3584,464006
PAN,2020-09-28,4476,468482
PAN,2020-09-29,4234,472716
PAN,2020-09-30,5212,477928
PAN,2020-10-01,5803,483731
PAN,2020-10-02,5429,489160
PAN,2020-10-03,5573,494733
PAN,2020-10-04,5249,499982
PAN,2020-10-05,4143,504125
PAN,2020-10-06,5925,510050
PAN,2020-10-07,6215,516265
PAN,2020-10-08,5836,522101
PAN,2020-10-09,6728,528829
PAN,2020-10-10,7029,535858
PAN,2020-10-11,4560,540418
PAN,2020-10-12,4072,544490
PAN,2020-10-13,5135,549625
PAN,2020-10-14,6622,556247
PAN,2020-10-15,6976,563223
PAN,2020-10-16,6472,569695
PAN,2020-10-17,4188,573883
PAN,2020-10-18,4774,578657
PAN,2020-10-19,2847,581504
PAN,2020-10-20,5683,587187
PAN,2020-10-21,8514,595701
PAN,2020-10-22,7748,603449
PAN,2020-10-23,6909,610358
PAN,2020-10-24,6443,616801
PAN,2020-10-25,6657,623458
PAN,2020-10-26,3655,627113
PAN,2020-10-27,6999,634112
PAN,2020-10-28,7896,642008
PAN,2020-10-29,7939,649947
PAN,2020-10-30,8103,658050
PAN,2020-10-31,7446,665496
PAN,2020-11-01,6482,671978
PAN,2020-11-02,4613,676591
PAN,2020-11-03,5790,682381
PAN,2020-11-04,3201,685582
PAN,2020-11-05,4329,689911
PAN,2020-11-06,7409,697320
PAN,2020-11-07,6448,703768
PAN,2020-11-08,7009,710777
PAN,2020-11-09,5347,716124
PAN,2020-11-10,7079,723203
PAN,2020-11-11,6288,729491
PAN,2020-11-12,7093,736584
PAN,2020-11-13,9154,745738
PAN,2020-11-14,5521,751259
PAN,2020-11-15,9906,761165
PAN,2020-11-16,7220,768385
PAN,2020-11-17,8948,777333
PAN,2020-11-18,9205,786538
PAN,2020-11-19,10615,797153
PAN,2020-11-20,9853,807006
PAN,2020-11-21,11090,818096
PAN,2020-11-22,9666,827762
PAN,2020-11-23,6902,834664
PAN,2020-11-24,9620,844284
PAN,2020-11-25,9978,854262
PAN,2020-11-26,10973,865235
PAN,2020-11-27,11038,876273
PAN,2020-11-28,10936,887209
PAN,2020-11-29,8698,895907
PAN,2020-11-30,7061,902968
PAN,2020-12-01,10643,913611
PAN,2020-12-02,9387,922998
PAN,2020-12-03,14947,937945
PAN,2020-12-04,13402,951347
PAN,2020-12-05,14927,966274
PAN,2020-12-06,9498,975772
PAN,2020-12-07,7970,983742
PAN,2020-12-08,11254,994996
PAN,2020-12-09,8286,1003282
PAN,2020-12-10,13299,1016581
PAN,2020-12-11,13769,1030350
PAN,2020-12-12,16400,1046750
PAN,2020-12-13,12032,1058782
PAN,2020-12-14,9570,1068352
PAN,2020-12-15,13424,1081776
PAN,2020-12-16,13981,1095757
PAN,2020-12-17,16162,1111919
PAN,2020-12-18,16263,1128182
PAN,2020-12-19,17484,1145666
PAN,2020-12-20,13830,1159496
PAN,2020-12-21,10346,1169842
PAN,2020-12-22,16341,1186183
PAN,2020-12-23,14239,1200422
PAN,2020-12-24,16375,1216797
PAN,2020-12-25,11380,1228177
PAN,2020-12-26,9781,1237958
PAN,2020-12-27,9831,1247789
PAN,2020-12-28,7722,1255511
PAN,2020-12-29,15991,1271502
PAN,2020-12-30,15791,1287293
PAN,2020-12-31,14423,1301716
PAN,2021-01-01,11297,1313013
PAN,2021-01-02,6855,1319868
PAN,2021-01-03,7838,1327706
PAN,2021-01-04,11022,1338728
PAN,2021-01-05,12268,1350996
PAN,2021-01-06,19830,1370826
PAN,2021-01-07,16136,1386962
PAN,2021-01-08,16170,1403132
PAN,2021-01-09,16825,1419957
PAN,2021-01-10,10389,1430346
PAN,2021-01-11,9112,1439458
PAN,2021-01-12,17137,1456595
PAN,2021-01-13,16267,1472862
PAN,2021-01-14,13269,1486131
PAN,2021-01-15,13111,1499242
PAN,2021-01-16,16130,1515372
PAN,2021-01-17,9663,1525035
PAN,2021-01-18,7703,1532738
PAN,2021-01-19,13046,1545784
PAN,2021-01-20,13584,1559368
PAN,2021-01-21,13197,1572565
PAN,2021-01-22,13302,1585867
PAN,2021-01-23,13177,1599044
PAN,2021-01-24,9279,1608323
PAN,2021-01-25,6385,1614708
PAN,2021-01-26,10790,1625498
PAN,2021-01-27,11277,1636775
PAN,2021-01-28,11030,1647805
PAN,2021-01-29,11985,1659790
PAN,2021-01-30,9916,1669706
PAN,2021-01-31,6692,1676398
PAN,2021-02-01,5057,1681455
PAN,2021-02-02,9005,1690460
PAN,2021-02-03,9879,1700339
PAN,2021-02-04,9759,1710098
PAN,2021-02-05,9789,1719887
PAN,2021-02-06,9446,1729333
PAN,2021-02-07,6316,1735649
PAN,2021-02-08,5521,1741170
PAN,2021-02-09,8030,1749200
PAN,2021-02-10,8983,1758183
PAN,2021-02-11,8293,1766476
PAN,2021-02-12,11625,1778101
PAN,2021-02-13,8965,1787066
PAN,2021-02-14,5024,1792090
PAN,2021-02-15,4164,1796254
PAN,2021-02-16,7239,1803493
PAN,2021-02-17,4113,1807606
PAN,2021-02-18,8758,1816364
PAN,2021-02-19,10649,1827013
PAN,2021-02-20,9031,1836044
PAN,2021-02-21,5881,1841925
PAN,2021-02-22,10191,1852116
PAN,2021-02-23,9276,1861392
PAN,2021-02-24,10078,1871470
PAN,2021-02-25,9909,1881379
PAN,2021-02-26,5942,1887321
PAN,2021-02-27,11701,1899022
PAN,2021-02-28,5109,1904131
PAN,2021-03-01,5121,1909252
PAN,2021-03-02,8418,1917670
PAN,2021-03-03,10080,1927750
PAN,2021-03-04,8505,1936255
PAN,2021-03-05,8900,1945155
PAN,2021-03-06,9594,1954749
PAN,2021-03-07,4905,1959654
PAN,2021-03-08,4225,1963879
PAN,2021-03-09,9002,1972881
PAN,2021-03-10,8897,1981778
PAN,2021-03-11,9275,1991053
PAN,2021-03-12,8431,1999484
PAN,2021-03-13,8310,2007794
PAN,2021-03-14,5220,2013014
PAN,2021-03-15,3574,2016588
PAN,2021-03-16,9148,2025736
PAN,2021-03-17,8707,2034443
PAN,2021-03-18,8946,2043389
PAN,2021-03-19,10580,2053969
PAN,2021-03-20,8829,2062798
PAN,2021-03-21,5029,2067827
PAN,2021-03-22,4486,2072313
PAN,2021-03-23,8987,2081300
PAN,2021-03-24,9599,2090899
PAN,2021-03-25,9692,2100591
PAN,2021-03-26,9140,2109731
PAN,2021-03-27,8961,2118692
PAN,2021-03-28,5923,2124615
PAN,2021-03-29,4491,2129106
PAN,2021-03-30,10218,2139324
PAN,2021-03-31,11317,2150641
PAN,2021-04-01,9730,2160371
PAN,2021-04-02,6887,2167258
PAN,2021-04-03,3876,2171134
PAN,2021-04-04,4934,2176068
PAN,2021-04-05,4856,2180924
PAN,2021-04-06,10381,2191305
PAN,2021-04-07,9981,2201286
PAN,2021-04-08,9237,2210523
PAN,2021-04-09,10369,2220892
PAN,2021-04-10,8872,2229764
PAN,2021-04-11,5445,2235209
PAN,2021-04-12,4251,2239460
PAN,2021-04-13,9166,2248626
PAN,2021-04-14,9084,2257710
PAN,2021-04-15,10840,2268550
PAN,2021-04-16,10727,2279277
PAN,2021-04-17,9345,2288622
PAN,2021-04-18,6092,2294714
PAN,2021-04-19,4554,2299268
PAN,2021-04-20,8778,2308046
PAN,2021-04-21,9072,2317118
PAN,2021-04-22,9021,2326139
PAN,2021-04-23,9036,2335175
PAN,2021-04-24,8769,2343944
PAN,2021-04-25,5634,2349578
PAN,2021-04-26,3988,2353566
PAN,2021-04-27,9059,2362625
PAN,2021-04-28,9134,2371759
PAN,2021-04-29,8556,2380315
PAN,2021-04-30,10128,2390443
PAN,2021-05-01,7979,2398422
PAN,2021-05-02,5698,2404120
PAN,2021-05-03,4243,2408363
PAN,2021-05-04,9224,2417587
PAN,2021-05-05,8724,2426311
PAN,2021-05-06,8708,2435019
PAN,2021-05-07,8806,2443825
PAN,2021-05-08,9992,2453817
PAN,2021-05-09,5924,2459741
PAN,2021-05-10,4677,2464418
PAN,2021-05-11,8616,2473034
PAN,2021-05-12,9659,2482693
PAN,2021-05-13,0,2482693
PAN,2021-05-14,0,2482693
PAN,2021-05-15,8742,2491435
PAN,2021-05-16,6626,2498061
PAN,2021-05-17,5358,2503419
PAN,2021-05-18,9839,2513258
PAN,2021-05-19,10382,2523640
PAN,2021-05-20,10038,2533678
PAN,2021-05-21,9547,2543225
PAN,2021-05-22,9976,2553201
PAN,2021-05-23,6466,2559667
PAN,2021-05-24,4820,2564487
PAN,2021-05-25,11367,2575854
PAN,2021-05-26,10129,2585983
PAN,2021-05-27,11010,2596993
PAN,2021-05-28,11342,2608335
PAN,2021-05-29,10130,2618465
PAN,2021-05-30,6820,2625285
PAN,2021-05-31,5836,2631121
PAN,2021-06-01,10968,2642089
PAN,2021-06-02,10866,2652955
PAN,2021-06-03,11638,2664593
PAN,2021-06-04,12561,2677154
PAN,2021-06-05,12239,2689393
PAN,2021-06-06,7676,2697069
PAN,2021-06-07,6280,2703349
PAN,2021-06-08,11596,2714945
PAN,2021-06-09,12119,2727064
PAN,2021-06-10,11591,2738655
PAN,2021-06-11,12855,2751510
PAN,2021-06-12,0,2751510
PAN,2021-06-13,0,2751510
PAN,2021-06-14,6778,2758288
PAN,2021-06-15,12168,2770456
PAN,2021-06-16,13943,2784399
PAN,2021-06-17,12298,2796697
PAN,2021-06-18,13230,2809927
PAN,2021-06-19,13076,2823003
PAN,2021-06-20,7997,2831000
PAN,2021-06-21,5965,2836965
PAN,2021-06-22,14219,2851184
PAN,2021-06-23,14117,2865301
PNG,2021-02-21,0,0
PNG,2021-02-22,0,0
PNG,2021-02-23,0,0
PNG,2021-02-24,0,0
PNG,2021-02-25,0,0
PNG,2021-02-26,0,0
PNG,2021-02-27,0,0
PNG,2021-02-28,0,0
PNG,2021-03-01,0,0
PNG,2021-03-02,0,0
PNG,2021-03-03,0,0
PNG,2021-03-04,0,0
PNG,2021-03-05,0,0
PNG,2021-03-06,0,0
PNG,2021-03-07,0,0
PNG,2021-03-08,0,0
PNG,2021-03-09,0,0
PNG,2021-03-10,0,0
PNG,2021-03-11,0,0
PNG,2021-03-12,0,0
PNG,2021-03-13,0,0
PNG,2021-03-14,0,0
PNG,2021-03-15,0,0
PNG,2021-03-16,0,0
PNG,2021-03-17,0,0
PNG,2021-03-18,0,0
PNG,2021-03-19,0,0
PNG,2021-03-20,0,0
PNG,2021-03-21,0,0
PNG,2021-03-22,0,0
PNG,2021-03-23,0,0
PNG,2021-03-24,0,0
PNG,2021-03-25,0,0
PNG,2021-03-26,0,0
PNG,2021-03-27,0,0
PNG,2021-03-28,0,0
PNG,2021-03-29,0,0
PNG,2021-03-30,0,0
PNG,2021-03-31,0,0
PNG,2021-04-01,0,0
PNG,2021-04-02,0,0
PNG,2021-04-03,0,0
PNG,2021-04-04,0,0
PNG,2021-04-05,0,0
PNG,2021-04-06,0,0
PNG,2021-04-07,0,0
PNG,2021-04-08,0,0
PNG,2021-04-09,0,0
PNG,2021-04-10,0,0
PNG,2021-04-11,0,0
PNG,2021-04-12,0,0
PNG,2021-04-13,0,0
PNG,2021-04-14,0,0
PNG,2021-04-15,0,0
PNG,2021-04-16,0,0
PNG,2021-04-17,0,0
PNG,2021-04-18,0,0
PRY,2020-03-07,1,1
PRY,2020-03-08,0,1
PRY,2020-03-09,0,1
PRY,2020-03-10,8,9
PRY,2020-03-11,7,16
PRY,2020-03-12,6,22
PRY,2020-03-13,17,39
PRY,2020-03-14,15,54
PRY,2020-03-15,33,87
PRY,2020-03-16,27,114
PRY,2020-03-17,26,140
PRY,2020-03-18,24,164
PRY,2020-03-19,32,196
PRY,2020-03-20,44,240
PRY,2020-03-21,68,308
PRY,2020-03-22,37,345
PRY,2020-03-23,89,434
PRY,2020-03-24,91,525
PRY,2020-03-25,51,576
PRY,2020-03-26,78,654
PRY,2020-03-27,101,755
PRY,2020-03-28,60,815
PRY,2020-03-29,105,920
PRY,2020-03-30,68,988
PRY,2020-03-31,90,1078
PRY,2020-04-01,95,1173
PRY,2020-04-02,116,1289
PRY,2020-04-03,165,1454
PRY,2020-04-04,192,1646
PRY,2020-04-05,200,1846
PRY,2020-04-06,162,2008
PRY,2020-04-07,212,2220
PRY,2020-04-08,242,2462
PRY,2020-04-09,223,2685
PRY,2020-04-10,220,2905
PRY,2020-04-11,230,3135
PRY,2020-04-12,259,3394
PRY,2020-04-13,248,3642
PRY,2020-04-14,246,3888
PRY,2020-04-15,379,4267
PRY,2020-04-16,345,4612
PRY,2020-04-17,338,4950
PRY,2020-04-18,304,5254
PRY,2020-04-19,247,5501
PRY,2020-04-20,377,5878
PRY,2020-04-21,414,6292
PRY,2020-04-22,306,6598
PRY,2020-04-23,319,6917
PRY,2020-04-24,405,7322
PRY,2020-04-25,308,7630
PRY,2020-04-26,295,7925
PRY,2020-04-27,519,8444
PRY,2020-04-28,447,8891
PRY,2020-04-29,563,9454
PRY,2020-04-30,449,9903
PRY,2020-05-01,439,10342
PRY,2020-05-02,424,10766
PRY,2020-05-03,340,11106
PRY,2020-05-04,349,11455
PRY,2020-05-05,458,11913
PRY,2020-05-06,584,12497
PRY,2020-05-07,599,13096
PRY,2020-05-08,750,13846
PRY,2020-05-09,800,14646
PRY,2020-05-10,800,15446
PRY,2020-05-11,709,16155
PRY,2020-05-12,762,16917
PRY,2020-05-13,672,17589
PRY,2020-05-14,595,18184
PRY,2020-05-15,672,18856
PRY,2020-05-16,452,19308
PRY,2020-05-17,816,20124
PRY,2020-05-18,305,20429
PRY,2020-05-19,692,21121
PRY,2020-05-20,421,21542
PRY,2020-05-21,445,21987
PRY,2020-05-22,881,22868
PRY,2020-05-23,937,23805
PRY,2020-05-24,1007,24812
PRY,2020-05-25,404,25216
PRY,2020-05-26,953,26169
PRY,2020-05-27,591,26760
PRY,2020-05-28,665,27425
PRY,2020-05-29,912,28337
PRY,2020-05-30,816,29153
PRY,2020-05-31,851,30004
PRY,2020-06-01,830,30834
PRY,2020-06-02,1272,32106
PRY,2020-06-03,975,33081
PRY,2020-06-04,1159,34240
PRY,2020-06-05,1018,35258
PRY,2020-06-06,1115,36373
PRY,2020-06-07,1159,37532
PRY,2020-06-08,1410,38942
PRY,2020-06-09,1090,40032
PRY,2020-06-10,1670,41702
PRY,2020-06-11,1590,43292
PRY,2020-06-12,1840,45132
PRY,2020-06-13,1476,46608
PRY,2020-06-14,1473,48081
PRY,2020-06-15,648,48729
PRY,2020-06-16,1249,49978
PRY,2020-06-17,1200,51178
PRY,2020-06-18,1471,52649
PRY,2020-06-19,1629,54278
PRY,2020-06-20,1549,55827
PRY,2020-06-21,1165,56992
PRY,2020-06-22,903,57895
PRY,2020-06-23,1559,59454
PRY,2020-06-24,1357,60811
PRY,2020-06-25,1573,62384
PRY,2020-06-26,1590,63974
PRY,2020-06-27,1631,65605
PRY,2020-06-28,1361,66966
PRY,2020-06-29,1061,68027
PRY,2020-06-30,1316,69343
PRY,2020-07-01,1347,70690
PRY,2020-07-02,1629,72319
PRY,2020-07-03,1769,74088
PRY,2020-07-04,1989,76077
PRY,2020-07-05,1802,77879
PRY,2020-07-06,1486,79365
PRY,2020-07-07,2076,81441
PRY,2020-07-08,1533,82974
PRY,2020-07-09,2017,84991
PRY,2020-07-10,2212,87203
PRY,2020-07-11,2141,89344
PRY,2020-07-12,1937,91281
PRY,2020-07-13,1161,92442
PRY,2020-07-14,1886,94328
PRY,2020-07-15,1732,96060
PRY,2020-07-16,2028,98088
PRY,2020-07-17,2227,100315
PRY,2020-07-18,2469,102784
PRY,2020-07-19,2338,105122
PRY,2020-07-20,1223,106345
PRY,2020-07-21,1688,108033
PRY,2020-07-22,1841,109874
PRY,2020-07-23,2165,112039
PRY,2020-07-24,2006,114045
PRY,2020-07-25,1861,115906
PRY,2020-07-26,1656,117562
PRY,2020-07-27,1694,119256
PRY,2020-07-28,1687,120943
PRY,2020-07-29,1886,122829
PRY,2020-07-30,2532,125361
PRY,2020-07-31,2249,127610
PRY,2020-08-01,1099,128709
PRY,2020-08-02,1015,129724
PRY,2020-08-03,1062,130786
PRY,2020-08-04,1325,132111
PRY,2020-08-05,1711,133822
PRY,2020-08-06,1455,135277
PRY,2020-08-07,1002,136279
PRY,2020-08-08,1021,137300
PRY,2020-08-09,1115,138415
PRY,2020-08-10,1821,140236
PRY,2020-08-11,2158,142394
PRY,2020-08-12,2123,144517
PRY,2020-08-13,1767,146284
PRY,2020-08-14,3065,149349
PRY,2020-08-15,2078,151427
PRY,2020-08-16,2965,154392
PRY,2020-08-17,2219,156611
PRY,2020-08-18,3055,159666
PRY,2020-08-19,2657,162323
PRY,2020-08-20,3787,166110
PRY,2020-08-21,3150,169260
PRY,2020-08-22,2292,171552
PRY,2020-08-23,1788,173340
PRY,2020-08-24,2312,175652
PRY,2020-08-25,2119,177771
PRY,2020-08-26,2835,180606
PRY,2020-08-27,2185,182791
PRY,2020-08-28,3130,185921
PRY,2020-08-29,2638,188559
PRY,2020-08-30,1610,190169
PRY,2020-08-31,2296,192465
PRY,2020-09-01,3089,195554
PRY,2020-09-02,3066,198620
PRY,2020-09-03,3130,201750
PRY,2020-09-04,2470,204220
PRY,2020-09-05,2263,206483
PRY,2020-09-06,2719,209202
PRY,2020-09-07,2754,211956
PRY,2020-09-08,3020,214976
PRY,2020-09-09,2667,217643
PRY,2020-09-10,2650,220293
PRY,2020-09-11,3010,223303
PRY,2020-09-12,3708,227011
PRY,2020-09-13,2981,229992
PRY,2020-09-14,2523,232515
PRY,2020-09-15,3105,235620
PRY,2020-09-16,3552,239172
PRY,2020-09-17,2665,241837
PRY,2020-09-18,3434,245271
PRY,2020-09-19,3105,248376
PRY,2020-09-20,2506,250882
PRY,2020-09-21,2061,252943
PRY,2020-09-22,2908,255851
PRY,2020-09-23,2977,258828
PRY,2020-09-24,2735,261563
PRY,2020-09-25,2468,264031
PRY,2020-09-26,3031,267062
PRY,2020-09-27,2648,269710
PRY,2020-09-28,2784,272494
PRY,2020-09-29,2061,274555
PRY,2020-09-30,2937,277492
PRY,2020-10-01,3417,280909
PRY,2020-10-02,2628,283537
PRY,2020-10-03,2725,286262
PRY,2020-10-04,2240,288502
PRY,2020-10-05,2005,290507
PRY,2020-10-06,2867,293374
PRY,2020-10-07,3162,296536
PRY,2020-10-08,3021,299557
PRY,2020-10-09,3100,302657
PRY,2020-10-10,2895,305552
PRY,2020-10-11,2891,308443
PRY,2020-10-12,2883,311326
PRY,2020-10-13,2727,314053
PRY,2020-10-14,3031,317084
PRY,2020-10-15,2922,320006
PRY,2020-10-16,2972,322978
PRY,2020-10-17,2931,325909
PRY,2020-10-18,2691,328600
PRY,2020-10-19,2254,330854
PRY,2020-10-20,3031,333885
PRY,2020-10-21,2754,336639
PRY,2020-10-22,2838,339477
PRY,2020-10-23,2854,342331
PRY,2020-10-24,3005,345336
PRY,2020-10-25,2527,347863
PRY,2020-10-26,2426,350289
PRY,2020-10-27,2422,352711
PRY,2020-10-28,2842,355553
PRY,2020-10-29,3141,358694
PRY,2020-10-30,3002,361696
PRY,2020-10-31,2861,364557
PRY,2020-11-01,2667,367224
PRY,2020-11-02,1535,368759
PRY,2020-11-03,3003,371762
PRY,2020-11-04,2724,374486
PRY,2020-11-05,2823,377309
PRY,2020-11-06,2928,380237
PRY,2020-11-07,2635,382872
PRY,2020-11-08,2581,385453
PRY,2020-11-09,2488,387941
PRY,2020-11-10,2239,390180
PRY,2020-11-11,2696,392876
PRY,2020-11-12,2642,395518
PRY,2020-11-13,2910,398428
PRY,2020-11-14,2589,401017
PRY,2020-11-15,1547,402564
PRY,2020-11-16,3252,405816
PRY,2020-11-17,2901,408717
PRY,2020-11-18,3010,411727
PRY,2020-11-19,3261,414988
PRY,2020-11-20,2522,417510
PRY,2020-11-21,2748,420258
PRY,2020-11-22,2884,423142
PRY,2020-11-23,2760,425902
PRY,2020-11-24,3010,428912
PRY,2020-11-25,3136,432048
PRY,2020-11-26,3619,435667
PRY,2020-11-27,3508,439175
PRY,2020-11-28,3657,442832
PRY,2020-11-29,3154,445986
PRY,2020-11-30,3071,449057
PRY,2020-12-01,3794,452851
PRY,2020-12-02,4065,456916
PRY,2020-12-03,4195,461111
PRY,2020-12-04,4155,465266
PRY,2020-12-05,4080,469346
PRY,2020-12-06,4092,473438
PRY,2020-12-07,3912,477350
PRY,2020-12-08,3830,481180
PRY,2020-12-09,3920,485100
PRY,2020-12-10,3970,489070
PRY,2020-12-11,4010,493080
PRY,2020-12-12,3810,496890
PRY,2020-12-13,3854,500744
PRY,2020-12-14,3540,504284
PRY,2020-12-15,3510,507794
PRY,2020-12-16,3724,511518
PRY,2020-12-17,3627,515145
PRY,2020-12-18,3880,519025
PRY,2020-12-19,3761,522786
PRY,2020-12-20,3244,526030
PRY,2020-12-21,3683,529713
PRY,2020-12-22,3568,533281
PRY,2020-12-23,3549,536830
PRY,2020-12-24,3627,540457
PRY,2020-12-25,3911,544368
PRY,2020-12-26,1745,546113
PRY,2020-12-27,2150,548263
PRY,2020-12-28,2927,551190
PRY,2020-12-29,3297,554487
PRY,2020-12-30,2628,557115
PRY,2020-12-31,3274,560389
PRY,2021-01-01,3107,563496
PRY,2021-01-02,1040,564536
PRY,2021-01-03,1267,565803
PRY,2021-01-04,2568,568371
PRY,2021-01-05,2844,571215
PRY,2021-01-06,3011,574226
PRY,2021-01-07,3003,577229
PRY,2021-01-08,3257,580486
PRY,2021-01-09,3147,583633
PRY,2021-01-10,3008,586641
PRY,2021-01-11,2481,589122
PRY,2021-01-12,2906,592028
PRY,2021-01-13,3119,595147
PRY,2021-01-14,3157,598304
PRY,2021-01-15,3107,601411
PRY,2021-01-16,3402,604813
PRY,2021-01-17,3120,607933
PRY,2021-01-18,3135,611068
PRY,2021-01-19,3239,614307
PRY,2021-01-20,3449,617756
PRY,2021-01-21,3232,620988
PRY,2021-01-22,3412,624400
PRY,2021-01-23,3144,627544
PRY,2021-01-24,2887,630431
PRY,2021-01-25,2717,633148
PRY,2021-01-26,3161,636309
PRY,2021-01-27,3415,639724
PRY,2021-01-28,3113,642837
PRY,2021-01-29,3275,646112
PRY,2021-01-30,3241,649353
PRY,2021-01-31,3232,652585
PRY,2021-02-01,3403,655988
PRY,2021-02-02,3428,659416
PRY,2021-02-03,3358,662774
PRY,2021-02-04,3491,666265
PRY,2021-02-05,3569,669834
PRY,2021-02-06,3547,673381
PRY,2021-02-07,3007,676388
PRY,2021-02-08,3003,679391
PRY,2021-02-09,3539,682930
PRY,2021-02-10,3549,686479
PRY,2021-02-11,3794,690273
PRY,2021-02-12,3530,693803
PRY,2021-02-13,3486,697289
PRY,2021-02-14,3474,700763
PRY,2021-02-15,3443,704206
PRY,2021-02-16,3619,707825
PRY,2021-02-17,3773,711598
PRY,2021-02-18,3796,715394
PRY,2021-02-19,3703,719097
PRY,2021-02-20,3613,722710
PRY,2021-02-21,3754,726464
PRY,2021-02-22,3677,730141
PRY,2021-02-23,3739,733880
PRY,2021-02-24,3309,737189
PRY,2021-02-25,3494,740683
PRY,2021-02-26,3575,744258
PRY,2021-02-27,3532,747790
PRY,2021-02-28,3792,751582
PRY,2021-03-01,3735,755317
PRY,2021-03-02,3463,758780
PRY,2021-03-03,3551,762331
PRY,2021-03-04,3531,765862
PRY,2021-03-05,3814,769676
PRY,2021-03-06,3825,773501
PRY,2021-03-07,4113,777614
PRY,2021-03-08,4302,781916
PRY,2021-03-09,4709,786625
PRY,2021-03-10,0,786625
PRY,2021-03-11,5083,791708
PRY,2021-03-12,5029,796737
PRY,2021-03-13,4961,801698
PRY,2021-03-14,4842,806540
PRY,2021-03-15,5097,811637
PRY,2021-03-16,5118,816755
PRY,2021-03-17,5187,821942
PRY,2021-03-18,5810,827752
PRY,2021-03-19,6035,833787
PRY,2021-03-20,6021,839808
PRY,2021-03-21,6005,845813
PRY,2021-03-22,6070,851883
PRY,2021-03-23,6028,857911
PRY,2021-03-24,6374,864285
PRY,2021-03-25,6104,870389
PRY,2021-03-26,6109,876498
PRY,2021-03-27,6407,882905
PRY,2021-03-28,6477,889382
PRY,2021-03-29,6091,895473
PRY,2021-03-30,6461,901934
PRY,2021-03-31,6169,908103
PRY,2021-04-01,4250,912353
PRY,2021-04-02,5811,918164
PRY,2021-04-03,5779,923943
PRY,2021-04-04,5008,928951
PRY,2021-04-05,5139,934090
PRY,2021-04-06,5022,939112
PRY,2021-04-07,5716,944828
PRY,2021-04-08,5811,950639
PRY,2021-04-09,5958,956597
PRY,2021-04-10,6057,962654
PRY,2021-04-11,6143,968797
PRY,2021-04-12,6494,975291
PRY,2021-04-13,6363,981654
PRY,2021-04-14,6664,988318
PRY,2021-04-15,6450,994768
PRY,2021-04-16,6494,1001262
PRY,2021-04-17,6337,1007599
PRY,2021-04-18,6124,1013723
PRY,2021-04-19,6512,1020235
PRY,2021-04-20,6510,1026745
PRY,2021-04-21,6422,1033167
PRY,2021-04-22,6421,1039588
PRY,2021-04-23,6409,1045997
PRY,2021-04-24,6559,1052556
PRY,2021-04-25,6416,1058972
PRY,2021-04-26,6280,1065252
PRY,2021-04-27,6394,1071646
PRY,2021-04-28,6460,1078106
PRY,2021-04-29,6401,1084507
PRY,2021-04-30,6016,1090523
PRY,2021-05-01,6067,1096590
PRY,2021-05-02,6063,1102653
PRY,2021-05-03,6011,1108664
PRY,2021-05-04,6106,1114770
PRY,2021-05-05,6030,1120800
PRY,2021-05-06,6087,1126887
PRY,2021-05-07,6019,1132906
PRY,2021-05-08,6175,1139081
PRY,2021-05-09,6137,1145218
PRY,2021-05-10,6044,1151262
PRY,2021-05-11,6088,1157350
PRY,2021-05-12,6283,1163633
PRY,2021-05-13,6081,1169714
PRY,2021-05-14,6007,1175721
PRY,2021-05-15,6030,1181751
PRY,2021-05-16,6091,1187842
PRY,2021-05-17,6067,1193909
PRY,2021-05-18,6021,1199930
PRY,2021-05-19,6063,1205993
PRY,2021-05-20,6111,1212104
PRY,2021-05-21,6056,1218160
PRY,2021-05-22,6455,1224615
PRY,2021-05-23,6615,1231230
PRY,2021-05-24,6952,1238182
PRY,2021-05-25,6993,1245175
PRY,2021-05-26,7230,1252405
PRY,2021-05-27,7866,1260271
PRY,2021-05-28,8087,1268358
PRY,2021-05-29,7895,1276253
PRY,2021-05-30,8506,1284759
PRY,2021-05-31,8400,1293159
PRY,2021-06-01,8306,1301465
PRY,2021-06-02,8651,1310116
PRY,2021-06-03,8655,1318771
PRY,2021-06-04,8643,1327414
PRY,2021-06-05,8771,1336185
PRY,2021-06-06,7344,1343529
PRY,2021-06-07,8153,1351682
PRY,2021-06-08,9564,1361246
PRY,2021-06-09,9581,1370827
PRY,2021-06-10,9356,1380183
PRY,2021-06-11,9258,1389441
PRY,2021-06-12,7046,1396487
PRY,2021-06-13,7052,1403539
PRY,2021-06-14,6798,1410337
PRY,2021-06-15,7316,1417653
PRY,2021-06-16,8509,1426162
PRY,2021-06-17,8717,1434879
PRY,2021-06-18,8646,1443525
PRY,2021-06-19,8191,1451716
PRY,2021-06-20,7242,1458958
PRY,2021-06-21,6521,1465479
PRY,2021-06-22,7049,1472528
PRY,2021-06-23,7217,1479745
PRY,2021-06-24,7339,1487084
PER,2020-01-06,1,1
PER,2020-01-07,1,2
PER,2020-01-08,0,2
PER,2020-01-09,0,2
PER,2020-01-10,0,2
PER,2020-01-11,0,2
PER,2020-01-12,0,2
PER,2020-01-13,1,3
PER,2020-01-14,0,3
PER,2020-01-15,1,4
PER,2020-01-16,0,4
PER,2020-01-17,1,5
PER,2020-01-18,0,5
PER,2020-01-19,1,6
PER,2020-01-20,2,8
PER,2020-01-21,0,8
PER,2020-01-22,1,9
PER,2020-01-23,1,10
PER,2020-01-24,0,10
PER,2020-01-25,0,10
PER,2020-01-26,0,10
PER,2020-01-27,4,14
PER,2020-01-28,0,14
PER,2020-01-29,2,16
PER,2020-01-30,2,18
PER,2020-01-31,3,21
PER,2020-02-01,3,24
PER,2020-02-02,2,26
PER,2020-02-03,3,29
PER,2020-02-04,1,30
PER,2020-02-05,1,31
PER,2020-02-06,2,33
PER,2020-02-07,3,36
PER,2020-02-08,0,36
PER,2020-02-09,3,39
PER,2020-02-10,3,42
PER,2020-02-11,1,43
PER,2020-02-12,2,45
PER,2020-02-13,1,46
PER,2020-02-14,1,47
PER,2020-02-15,0,47
PER,2020-02-16,0,47
PER,2020-02-17,1,48
PER,2020-02-18,1,49
PER,2020-02-19,0,49
PER,2020-02-20,0,49
PER,2020-02-21,0,49
PER,2020-02-22,0,49
PER,2020-02-23,4,53
PER,2020-02-24,4,57
PER,2020-02-25,3,60
PER,2020-02-26,11,71
PER,2020-02-27,19,90
PER,2020-02-28,10,100
PER,2020-02-29,8,108
PER,2020-03-01,5,113
PER,2020-03-02,21,134
PER,2020-03-03,14,148
PER,2020-03-04,24,172
PER,2020-03-05,31,203
PER,2020-03-06,74,277
PER,2020-03-07,77,354
PER,2020-03-08,99,453
PER,2020-03-09,243,696
PER,2020-03-10,381,1077
PER,2020-03-11,416,1493
PER,2020-03-12,502,1995
PER,2020-03-13,477,2472
PER,2020-03-14,415,2887
PER,2020-03-15,330,3217
PER,2020-03-16,728,3945
PER,2020-03-17,683,4628
PER,2020-03-18,822,5450
PER,2020-03-19,863,6313
PER,2020-03-20,1264,7577
PER,2020-03-21,893,8470
PER,2020-03-22,598,9068
PER,2020-03-23,1052,10120
PER,2020-03-24,979,11099
PER,2020-03-25,1270,12369
PER,2020-03-26,1048,13417
PER,2020-03-27,1072,14489
PER,2020-03-28,964,15453
PER,2020-03-29,667,16120
PER,2020-03-30,1349,17469
PER,2020-03-31,1278,18747
PER,2020-04-01,1417,20164
PER,2020-04-02,1315,21479
PER,2020-04-03,1289,22768
PER,2020-04-04,1297,24065
PER,2020-04-05,652,24717
PER,2020-04-06,1785,26502
PER,2020-04-07,1594,28096
PER,2020-04-08,1598,29694
PER,2020-04-09,1206,30900
PER,2020-04-10,1045,31945
PER,2020-04-11,1451,33396
PER,2020-04-12,906,34302
PER,2020-04-13,1423,35725
PER,2020-04-14,1366,37091
PER,2020-04-15,1437,38528
PER,2020-04-16,1655,40183
PER,2020-04-17,1846,42029
PER,2020-04-18,1703,43732
PER,2020-04-19,1086,44818
PER,2020-04-20,1975,46793
PER,2020-04-21,2297,49090
PER,2020-04-22,2194,51284
PER,2020-04-23,2836,54120
PER,2020-04-24,2226,56346
PER,2020-04-25,2173,58519
PER,2020-04-26,927,59446
PER,2020-04-27,2433,61879
PER,2020-04-28,2355,64234
PER,2020-04-29,2784,67018
PER,2020-04-30,2497,69515
PER,2020-05-01,1977,71492
PER,2020-05-02,2635,74127
PER,2020-05-03,1052,75179
PER,2020-05-04,2843,78022
PER,2020-05-05,3099,81121
PER,2020-05-06,2782,83903
PER,2020-05-07,2820,86723
PER,2020-05-08,3548,90271
PER,2020-05-09,2683,92954
PER,2020-05-10,955,93909
PER,2020-05-11,3733,97642
PER,2020-05-12,3526,101168
PER,2020-05-13,3813,104981
PER,2020-05-14,3594,108575
PER,2020-05-15,4389,112964
PER,2020-05-16,3216,116180
PER,2020-05-17,1787,117967
PER,2020-05-18,4455,122422
PER,2020-05-19,5593,128015
PER,2020-05-20,4975,132990
PER,2020-05-21,3735,136725
PER,2020-05-22,5538,142263
PER,2020-05-23,3459,145722
PER,2020-05-24,1322,147044
PER,2020-05-25,4916,151960
PER,2020-05-26,5566,157526
PER,2020-05-27,4804,162330
PER,2020-05-28,4935,167265
PER,2020-05-29,5308,172573
PER,2020-05-30,3549,176122
PER,2020-05-31,2363,178485
PER,2020-06-01,4819,183304
PER,2020-06-02,4930,188234
PER,2020-06-03,3883,192117
PER,2020-06-04,4948,197065
PER,2020-06-05,4376,201441
PER,2020-06-06,3304,204745
PER,2020-06-07,1646,206391
PER,2020-06-08,4797,211188
PER,2020-06-09,4518,215706
PER,2020-06-10,4104,219810
PER,2020-06-11,4998,224808
PER,2020-06-12,4727,229535
PER,2020-06-13,3596,233131
PER,2020-06-14,1145,234276
PER,2020-06-15,4853,239129
PER,2020-06-16,4754,243883
PER,2020-06-17,6126,250009
PER,2020-06-18,4911,254920
PER,2020-06-19,5236,260156
PER,2020-06-20,4184,264340
PER,2020-06-21,1859,266199
PER,2020-06-22,5045,271244
PER,2020-06-23,6020,277264
PER,2020-06-24,4676,281940
PER,2020-06-25,5271,287211
PER,2020-06-26,5708,292919
PER,2020-06-27,4464,297383
PER,2020-06-28,2286,299669
PER,2020-06-29,2525,302194
PER,2020-06-30,5624,307818
PER,2020-07-01,6148,313966
PER,2020-07-02,6097,320063
PER,2020-07-03,5721,325784
PER,2020-07-04,4987,330771
PER,2020-07-05,2920,333691
PER,2020-07-06,6066,339757
PER,2020-07-07,5404,345161
PER,2020-07-08,6220,351381
PER,2020-07-09,5669,357050
PER,2020-07-10,5815,362865
PER,2020-07-11,4471,367336
PER,2020-07-12,2572,369908
PER,2020-07-13,6892,376800
PER,2020-07-14,6476,383276
PER,2020-07-15,6379,389655
PER,2020-07-16,6743,396398
PER,2020-07-17,6564,402962
PER,2020-07-18,5425,408387
PER,2020-07-19,3270,411657
PER,2020-07-20,7023,418680
PER,2020-07-21,7446,426126
PER,2020-07-22,7788,433914
PER,2020-07-23,7403,441317
PER,2020-07-24,7001,448318
PER,2020-07-25,5900,454218
PER,2020-07-26,2968,457186
PER,2020-07-27,7268,464454
PER,2020-07-28,2402,466856
PER,2020-07-29,7136,473992
PER,2020-07-30,7096,481088
PER,2020-07-31,7504,488592
PER,2020-08-01,6741,495333
PER,2020-08-02,3585,498918
PER,2020-08-03,7442,506360
PER,2020-08-04,7133,513493
PER,2020-08-05,8249,521742
PER,2020-08-06,7751,529493
PER,2020-08-07,7337,536830
PER,2020-08-08,6717,543547
PER,2020-08-09,3319,546866
PER,2020-08-10,8017,554883
PER,2020-08-11,7275,562158
PER,2020-08-12,7869,570027
PER,2020-08-13,7535,577562
PER,2020-08-14,8712,586274
PER,2020-08-15,7152,593426
PER,2020-08-16,1711,595137
PER,2020-08-17,8662,603799
PER,2020-08-18,8268,612067
PER,2020-08-19,8322,620389
PER,2020-08-20,8081,628470
PER,2020-08-21,9626,638096
PER,2020-08-22,7319,645415
PER,2020-08-23,2098,647513
PER,2020-08-24,8184,655697
PER,2020-08-25,8189,663886
PER,2020-08-26,8632,672518
PER,2020-08-27,8552,681070
PER,2020-08-28,8227,689297
PER,2020-08-29,8177,697474
PER,2020-08-30,1452,698926
PER,2020-08-31,8763,707689
PER,2020-09-01,8262,715951
PER,2020-09-02,8091,724042
PER,2020-09-03,7738,731780
PER,2020-09-04,8948,740728
PER,2020-09-05,6329,747057
PER,2020-09-06,2024,749081
PER,2020-09-07,7754,756835
PER,2020-09-08,9095,765930
PER,2020-09-09,8858,774788
PER,2020-09-10,6809,781597
PER,2020-09-11,7348,788945
PER,2020-09-12,6220,795165
PER,2020-09-13,1588,796753
PER,2020-09-14,10305,807058
PER,2020-09-15,7958,815016
PER,2020-09-16,8169,823185
PER,2020-09-17,8409,831594
PER,2020-09-18,7509,839103
PER,2020-09-19,7274,846377
PER,2020-09-20,2476,848853
PER,2020-09-21,7064,855917
PER,2020-09-22,8543,864460
PER,2020-09-23,6718,871178
PER,2020-09-24,8062,879240
PER,2020-09-25,6738,885978
PER,2020-09-26,5742,891720
PER,2020-09-27,1866,893586
PER,2020-09-28,7600,901186
PER,2020-09-29,8169,909355
PER,2020-09-30,9178,918533
PER,2020-10-01,7539,926072
PER,2020-10-02,7776,933848
PER,2020-10-03,5693,939541
PER,2020-10-04,2323,941864
PER,2020-10-05,8594,950458
PER,2020-10-06,9440,959898
PER,2020-10-07,9289,969187
PER,2020-10-08,8081,977268
PER,2020-10-09,8739,986007
PER,2020-10-10,6438,992445
PER,2020-10-11,3090,995535
PER,2020-10-12,9439,1004974
PER,2020-10-13,9567,1014541
PER,2020-10-14,10615,1025156
PER,2020-10-15,8296,1033452
PER,2020-10-16,9194,1042646
PER,2020-10-17,6862,1049508
PER,2020-10-18,2657,1052165
PER,2020-10-19,8701,1060866
PER,2020-10-20,10499,1071365
PER,2020-10-21,9795,1081160
PER,2020-10-22,11645,1092805
PER,2020-10-23,10795,1103600
PER,2020-10-24,7108,1110708
PER,2020-10-25,2278,1112986
PER,2020-10-26,11684,1124670
PER,2020-10-27,11859,1136529
PER,2020-10-28,11352,1147881
PER,2020-10-29,10886,1158767
PER,2020-10-30,11189,1169956
PER,2020-10-31,7467,1177423
PER,2020-11-01,2422,1179845
PER,2020-11-02,11357,1191202
PER,2020-11-03,11501,1202703
PER,2020-11-04,11037,1213740
PER,2020-11-05,10243,1223983
PER,2020-11-06,10541,1234524
PER,2020-11-07,8147,1242671
PER,2020-11-08,3227,1245898
PER,2020-11-09,10746,1256644
PER,2020-11-10,10156,1266800
PER,2020-11-11,10458,1277258
PER,2020-11-12,11023,1288281
PER,2020-11-13,9880,1298161
PER,2020-11-14,6607,1304768
PER,2020-11-15,2694,1307462
PER,2020-11-16,10881,1318343
PER,2020-11-17,11157,1329500
PER,2020-11-18,12227,1341727
PER,2020-11-19,9801,1351528
PER,2020-11-20,9345,1360873
PER,2020-11-21,6383,1367256
PER,2020-11-22,2660,1369916
PER,2020-11-23,11354,1381270
PER,2020-11-24,10659,1391929
PER,2020-11-25,11578,1403507
PER,2020-11-26,12777,1416284
PER,2020-11-27,11162,1427446
PER,2020-11-28,8678,1436124
PER,2020-11-29,3413,1439537
PER,2020-11-30,10909,1450446
PER,2020-12-01,8419,1458865
PER,2020-12-02,9323,1468188
PER,2020-12-03,11294,1479482
PER,2020-12-04,8878,1488360
PER,2020-12-05,8191,1496551
PER,2020-12-06,3838,1500389
PER,2020-12-07,12496,1512885
PER,2020-12-08,6138,1519023
PER,2020-12-09,12810,1531833
PER,2020-12-10,12418,1544251
PER,2020-12-11,10765,1555016
PER,2020-12-12,7349,1562365
PER,2020-12-13,3783,1566148
PER,2020-12-14,14185,1580333
PER,2020-12-15,11035,1591368
PER,2020-12-16,12909,1604277
PER,2020-12-17,13880,1618157
PER,2020-12-18,11787,1629944
PER,2020-12-19,8908,1638852
PER,2020-12-20,3314,1642166
PER,2020-12-21,13393,1655559
PER,2020-12-22,12808,1668367
PER,2020-12-23,10926,1679293
PER,2020-12-24,5691,1684984
PER,2020-12-25,2635,1687619
PER,2020-12-26,10365,1697984
PER,2020-12-27,4215,1702199
PER,2020-12-28,18352,1720551
PER,2020-12-29,16211,1736762
PER,2020-12-30,12772,1749534
PER,2020-12-31,7575,1757109
PER,2021-01-01,3617,1760726
PER,2021-01-02,11259,1771985
PER,2021-01-03,3175,1775160
PER,2021-01-04,19390,1794550
PER,2021-01-05,18468,1813018
PER,2021-01-06,20781,1833799
PER,2021-01-07,20082,1853881
PER,2021-01-08,19629,1873510
PER,2021-01-09,16909,1890419
PER,2021-01-10,4782,1895201
PER,2021-01-11,21613,1916814
PER,2021-01-12,21152,1937966
PER,2021-01-13,21567,1959533
PER,2021-01-14,22178,1981711
PER,2021-01-15,22526,2004237
PER,2021-01-16,15390,2019627
PER,2021-01-17,4151,2023778
PER,2021-01-18,23833,2047611
PER,2021-01-19,22093,2069704
PER,2021-01-20,21478,2091182
PER,2021-01-21,22404,2113586
PER,2021-01-22,21622,2135208
PER,2021-01-23,16526,2151734
PER,2021-01-24,4405,2156139
PER,2021-01-25,24541,2180680
PER,2021-01-26,22551,2203231
PER,2021-01-27,22531,2225762
PER,2021-01-28,23013,2248775
PER,2021-01-29,22119,2270894
PER,2021-01-30,15599,2286493
PER,2021-01-31,5287,2291780
PER,2021-02-01,20058,2311838
PER,2021-02-02,19378,2331216
PER,2021-02-03,17902,2349118
PER,2021-02-04,20194,2369312
PER,2021-02-05,18759,2388071
PER,2021-02-06,14993,2403064
PER,2021-02-07,5291,2408355
PER,2021-02-08,20570,2428925
PER,2021-02-09,20063,2448988
PER,2021-02-10,20797,2469785
PER,2021-02-11,20084,2489869
PER,2021-02-12,18855,2508724
PER,2021-02-13,13952,2522676
PER,2021-02-14,4031,2526707
PER,2021-02-15,21303,2548010
PER,2021-02-16,18492,2566502
PER,2021-02-17,19864,2586366
PER,2021-02-18,17934,2604300
PER,2021-02-19,16174,2620474
PER,2021-02-20,12725,2633199
PER,2021-02-21,4292,2637491
PER,2021-02-22,19150,2656641
PER,2021-02-23,17627,2674268
PER,2021-02-24,18968,2693236
PER,2021-02-25,19856,2713092
PER,2021-02-26,17061,2730153
PER,2021-02-27,14501,2744654
PER,2021-02-28,5007,2749661
PER,2021-03-01,21032,2770693
PER,2021-03-02,17950,2788643
PER,2021-03-03,19081,2807724
PER,2021-03-04,17756,2825480
PER,2021-03-05,14534,2840014
PER,2021-03-06,13460,2853474
PER,2021-03-07,5936,2859410
PER,2021-03-08,18782,2878192
PER,2021-03-09,16677,2894869
PER,2021-03-10,17996,2912865
PER,2021-03-11,17857,2930722
PER,2021-03-12,17018,2947740
PER,2021-03-13,12849,2960589
PER,2021-03-14,5441,2966030
PER,2021-03-15,20217,2986247
PER,2021-03-16,17169,3003416
PER,2021-03-17,18737,3022153
PER,2021-03-18,16435,3038588
PER,2021-03-19,14459,3053047
PER,2021-03-20,12737,3065784
PER,2021-03-21,4647,3070431
PER,2021-03-22,18117,3088548
PER,2021-03-23,16438,3104986
PER,2021-03-24,19041,3124027
PER,2021-03-25,18094,3142121
PER,2021-03-26,16240,3158361
PER,2021-03-27,14078,3172439
PER,2021-03-28,4842,3177281
PER,2021-03-29,21217,3198498
PER,2021-03-30,18927,3217425
PER,2021-03-31,19344,3236769
PER,2021-04-01,9694,3246463
PER,2021-04-02,5874,3252337
PER,2021-04-03,11242,3263579
PER,2021-04-04,3929,3267508
PER,2021-04-05,23319,3290827
PER,2021-04-06,19983,3310810
PER,2021-04-07,21078,3331888
PER,2021-04-08,19861,3351749
PER,2021-04-09,18533,3370282
PER,2021-04-10,14285,3384567
PER,2021-04-11,5063,3389630
PER,2021-04-12,21876,3411506
PER,2021-04-13,19510,3431016
PER,2021-04-14,22194,3453210
PER,2021-04-15,20477,3473687
PER,2021-04-16,19723,3493410
PER,2021-04-17,15348,3508758
PER,2021-04-18,4854,3513612
PER,2021-04-19,21353,3534965
PER,2021-04-20,18868,3553833
PER,2021-04-21,20178,3574011
PER,2021-04-22,18971,3592982
PER,2021-04-23,18245,3611227
PER,2021-04-24,13179,3624406
PER,2021-04-25,4188,3628594
PER,2021-04-26,21471,3650065
PER,2021-04-27,17286,3667351
PER,2021-04-28,18546,3685897
PER,2021-04-29,17472,3703369
PER,2021-04-30,17724,3721093
PER,2021-05-01,7491,3728584
PER,2021-05-02,3957,3732541
PER,2021-05-03,19653,3752194
PER,2021-05-04,15746,3767940
PER,2021-05-05,17800,3785740
PER,2021-05-06,18582,3804322
PER,2021-05-07,15438,3819760
PER,2021-05-08,11219,3830979
PER,2021-05-09,3297,3834276
PER,2021-05-10,18219,3852495
PER,2021-05-11,17148,3869643
PER,2021-05-12,17015,3886658
PER,2021-05-13,17296,3903954
PER,2021-05-14,14011,3917965
PER,2021-05-15,11787,3929752
PER,2021-05-16,4238,3933990
PER,2021-05-17,17819,3951809
PER,2021-05-18,14100,3965909
PER,2021-05-19,16749,3982658
PER,2021-05-20,14807,3997465
PER,2021-05-21,13335,4010800
PER,2021-05-22,10357,4021157
PER,2021-05-23,3346,4024503
PER,2021-05-24,16917,4041420
PER,2021-05-25,14060,4055480
PER,2021-05-26,15693,4071173
PER,2021-05-27,15094,4086267
PER,2021-05-28,12504,4098771
PER,2021-05-29,9741,4108512
PER,2021-05-30,2945,4111457
PER,2021-05-31,14785,4126242
PER,2021-06-01,11973,4138215
PER,2021-06-02,13906,4152121
PER,2021-06-03,13664,4165785
PER,2021-06-04,12519,4178304
PER,2021-06-05,8955,4187259
PER,2021-06-06,2282,4189541
PER,2021-06-07,14894,4204435
PER,2021-06-08,12893,4217328
PER,2021-06-09,14296,4231624
PER,2021-06-10,13006,4244630
PER,2021-06-11,10791,4255421
PER,2021-06-12,10753,4266174
PER,2021-06-13,3039,4269213
PER,2021-06-14,14526,4283739
PER,2021-06-15,11992,4295731
PER,2021-06-16,12560,4308291
PER,2021-06-17,12344,4320635
PER,2021-06-18,11139,4331774
PER,2021-06-19,8289,4340063
PER,2021-06-20,2771,4342834
PER,2021-06-21,13777,4356611
PER,2021-06-22,10658,4367269
PER,2021-06-23,11264,4378533
PER,2021-06-24,6945,4385478
PHL,2020-04-03,0,0
PHL,2020-04-04,2407,2407
PHL,2020-04-05,344,2751
PHL,2020-04-06,1700,4451
PHL,2020-04-07,1685,6136
PHL,2020-04-08,3125,9261
PHL,2020-04-09,1989,11250
PHL,2020-04-10,1244,12494
PHL,2020-04-11,1302,13796
PHL,2020-04-12,1710,15506
PHL,2020-04-13,2387,17893
PHL,2020-04-14,1829,19722
PHL,2020-04-15,2625,22347
PHL,2020-04-16,3490,25837
PHL,2020-04-17,3421,29258
PHL,2020-04-18,3657,32915
PHL,2020-04-19,2317,35232
PHL,2020-04-20,2323,37555
PHL,2020-04-21,2870,40425
PHL,2020-04-22,3620,44045
PHL,2020-04-23,3726,47771
PHL,2020-04-24,4167,51938
PHL,2020-04-25,4417,56355
PHL,2020-04-26,3876,60231
PHL,2020-04-27,4428,64659
PHL,2020-04-28,4434,69093
PHL,2020-04-29,5019,74112
PHL,2020-04-30,4802,78914
PHL,2020-05-01,3932,82846
PHL,2020-05-02,5208,88054
PHL,2020-05-03,4487,92541
PHL,2020-05-04,5464,98005
PHL,2020-05-05,6555,104560
PHL,2020-05-06,5137,109697
PHL,2020-05-07,5401,115098
PHL,2020-05-08,5532,120630
PHL,2020-05-09,7130,127760
PHL,2020-05-10,8757,136517
PHL,2020-05-11,8514,145031
PHL,2020-05-12,8512,153543
PHL,2020-05-13,8766,162309
PHL,2020-05-14,16620,178929
PHL,2020-05-15,10529,189458
PHL,2020-05-16,9490,198948
PHL,2020-05-17,9095,208043
PHL,2020-05-18,5394,213437
PHL,2020-05-19,7354,220791
PHL,2020-05-20,8215,229006
PHL,2020-05-21,8690,237696
PHL,2020-05-22,8999,246695
PHL,2020-05-23,7691,254386
PHL,2020-05-24,5892,260278
PHL,2020-05-25,5421,265699
PHL,2020-05-26,7290,272989
PHL,2020-05-27,7722,280711
PHL,2020-05-28,9283,289994
PHL,2020-05-29,8530,298524
PHL,2020-05-30,9390,307914
PHL,2020-05-31,8973,316887
PHL,2020-06-01,7453,324340
PHL,2020-06-02,10655,334995
PHL,2020-06-03,10743,345738
PHL,2020-06-04,10306,356044
PHL,2020-06-05,10498,366542
PHL,2020-06-06,11932,378474
PHL,2020-06-07,8127,386601
PHL,2020-06-08,10256,396857
PHL,2020-06-09,10494,407351
PHL,2020-06-10,9913,417264
PHL,2020-06-11,10058,427322
PHL,2020-06-12,12035,439357
PHL,2020-06-13,11631,450988
PHL,2020-06-14,8499,459487
PHL,2020-06-15,8730,468217
PHL,2020-06-16,9895,478112
PHL,2020-06-17,14715,492827
PHL,2020-06-18,11335,504162
PHL,2020-06-19,14933,519095
PHL,2020-06-20,13205,532300
PHL,2020-06-21,11111,543411
PHL,2020-06-22,11731,555142
PHL,2020-06-23,14993,570135
PHL,2020-06-24,13063,583198
PHL,2020-06-25,15083,598281
PHL,2020-06-26,16011,614292
PHL,2020-06-27,16747,631039
PHL,2020-06-28,14395,645434
PHL,2020-06-29,16904,662338
PHL,2020-06-30,14956,677294
PHL,2020-07-01,18338,695632
PHL,2020-07-02,17694,713326
PHL,2020-07-03,18820,732146
PHL,2020-07-04,20868,753014
PHL,2020-07-05,15455,768469
PHL,2020-07-06,17068,785537
PHL,2020-07-07,22319,807856
PHL,2020-07-08,21771,829627
PHL,2020-07-09,23876,853503
PHL,2020-07-10,22078,875581
PHL,2020-07-11,24643,900224
PHL,2020-07-12,16293,916517
PHL,2020-07-13,18463,934980
PHL,2020-07-14,20320,955300
PHL,2020-07-15,22280,977580
PHL,2020-07-16,26932,1004512
PHL,2020-07-17,26921,1031433
PHL,2020-07-18,26696,1058129
PHL,2020-07-19,21579,1079708
PHL,2020-07-20,21774,1101482
PHL,2020-07-21,26087,1127569
PHL,2020-07-22,29353,1156922
PHL,2020-07-23,30745,1187667
PHL,2020-07-24,31965,1219632
PHL,2020-07-25,36295,1255927
PHL,2020-07-26,26893,1282820
PHL,2020-07-27,29625,1312445
PHL,2020-07-28,29318,1341763
PHL,2020-07-29,35951,1377714
PHL,2020-07-30,35962,1413676
PHL,2020-07-31,32070,1445746
PHL,2020-08-01,30260,1476006
PHL,2020-08-02,23668,1499674
PHL,2020-08-03,29835,1529509
PHL,2020-08-04,26461,1555970
PHL,2020-08-05,28331,1584301
PHL,2020-08-06,31835,1616136
PHL,2020-08-07,37803,1653939
PHL,2020-08-08,35690,1689629
PHL,2020-08-09,28776,1718405
PHL,2020-08-10,34328,1752733
PHL,2020-08-11,26929,1779662
PHL,2020-08-12,31435,1811097
PHL,2020-08-13,34631,1845728
PHL,2020-08-14,36674,1882402
PHL,2020-08-15,37567,1919969
PHL,2020-08-16,29997,1949966
PHL,2020-08-17,31500,1981466
PHL,2020-08-18,31625,2013091
PHL,2020-08-19,36171,2049262
PHL,2020-08-20,35380,2084642
PHL,2020-08-21,38376,2123018
PHL,2020-08-22,36168,2159186
PHL,2020-08-23,26607,2185793
PHL,2020-08-24,28417,2214210
PHL,2020-08-25,27875,2242085
PHL,2020-08-26,39685,2281770
PHL,2020-08-27,39922,2321692
PHL,2020-08-28,38722,2360414
PHL,2020-08-29,36107,2396521
PHL,2020-08-30,33613,2430134
PHL,2020-08-31,32481,2462615
PHL,2020-09-01,31616,2494231
PHL,2020-09-02,37297,2531528
PHL,2020-09-03,38395,2569923
PHL,2020-09-04,38935,2608858
PHL,2020-09-05,39279,2648137
PHL,2020-09-06,31890,2680027
PHL,2020-09-07,34766,2714793
PHL,2020-09-08,34679,2749472
PHL,2020-09-09,39055,2788527
PHL,2020-09-10,42625,2831152
PHL,2020-09-11,44825,2875977
PHL,2020-09-12,41933,2917910
PHL,2020-09-13,30093,2948003
PHL,2020-09-14,28902,2976905
PHL,2020-09-15,35000,3011905
PHL,2020-09-16,37347,3049252
PHL,2020-09-17,39308,3088560
PHL,2020-09-18,41522,3130082
PHL,2020-09-19,38369,3168451
PHL,2020-09-20,25781,3194232
PHL,2020-09-21,29400,3223632
PHL,2020-09-22,33895,3257527
PHL,2020-09-23,38274,3295801
PHL,2020-09-24,39861,3335662
PHL,2020-09-25,37213,3372875
PHL,2020-09-26,36939,3409814
PHL,2020-09-27,27989,3437803
PHL,2020-09-28,26321,3464124
PHL,2020-09-29,33171,3497295
PHL,2020-09-30,38075,3535370
PHL,2020-10-01,39611,3574981
PHL,2020-10-02,37984,3612965
PHL,2020-10-03,38849,3651814
PHL,2020-10-04,26911,3678725
PHL,2020-10-05,29702,3708427
PHL,2020-10-06,34578,3743005
PHL,2020-10-07,37496,3780501
PHL,2020-10-08,36303,3816804
PHL,2020-10-09,38679,3855483
PHL,2020-10-10,40231,3895714
PHL,2020-10-11,30138,3925852
PHL,2020-10-12,27484,3953336
PHL,2020-10-13,34602,3987938
PHL,2020-10-14,37868,4025806
PHL,2020-10-15,38354,4064160
PHL,2020-10-16,29705,4093865
PHL,2020-10-17,32383,4126248
PHL,2020-10-18,19258,4145506
PHL,2020-10-19,24980,4170486
PHL,2020-10-20,29247,4199733
PHL,2020-10-21,34185,4233918
PHL,2020-10-22,34409,4268327
PHL,2020-10-23,35720,4304047
PHL,2020-10-24,32845,4336892
PHL,2020-10-25,23892,4360784
PHL,2020-10-26,27283,4388067
PHL,2020-10-27,32581,4420648
PHL,2020-10-28,34256,4454904
PHL,2020-10-29,34137,4489041
PHL,2020-10-30,37638,4526679
PHL,2020-10-31,36226,4562905
PHL,2020-11-01,22650,4585555
PHL,2020-11-02,18437,4603992
PHL,2020-11-03,22293,4626285
PHL,2020-11-04,31480,4657765
PHL,2020-11-05,35990,4693755
PHL,2020-11-06,37773,4731528
PHL,2020-11-07,35136,4766664
PHL,2020-11-08,21569,4788233
PHL,2020-11-09,25417,4813650
PHL,2020-11-10,29874,4843524
PHL,2020-11-11,36373,4879897
PHL,2020-11-12,24701,4904598
PHL,2020-11-13,29096,4933694
PHL,2020-11-14,28839,4962533
PHL,2020-11-15,24190,4986723
PHL,2020-11-16,27439,5014162
PHL,2020-11-17,32048,5046210
PHL,2020-11-18,36029,5082239
PHL,2020-11-19,31448,5113687
PHL,2020-11-20,33968,5147655
PHL,2020-11-21,33231,5180886
PHL,2020-11-22,23699,5204585
PHL,2020-11-23,24522,5229107
PHL,2020-11-24,32745,5261852
PHL,2020-11-25,38154,5300006
PHL,2020-11-26,36493,5336499
PHL,2020-11-27,38788,5375287
PHL,2020-11-28,35009,5410296
PHL,2020-11-29,23042,5433338
PHL,2020-11-30,23606,5456944
PHL,2020-12-01,27153,5484097
PHL,2020-12-02,34333,5518430
PHL,2020-12-03,35960,5554390
PHL,2020-12-04,38297,5592687
PHL,2020-12-05,38983,5631670
PHL,2020-12-06,24955,5656625
PHL,2020-12-07,28997,5685622
PHL,2020-12-08,35583,5721205
PHL,2020-12-09,31663,5752868
PHL,2020-12-10,33235,5786103
PHL,2020-12-11,36583,5822686
PHL,2020-12-12,36226,5858912
PHL,2020-12-13,24616,5883528
PHL,2020-12-14,25978,5909506
PHL,2020-12-15,33771,5943277
PHL,2020-12-16,36154,5979431
PHL,2020-12-17,37974,6017405
PHL,2020-12-18,37060,6054465
PHL,2020-12-19,32281,6086746
PHL,2020-12-20,24379,6111125
PHL,2020-12-21,26032,6137157
PHL,2020-12-22,35001,6172158
PHL,2020-12-23,32926,6205084
PHL,2020-12-24,31898,6236982
PHL,2020-12-25,14430,6251412
PHL,2020-12-26,15827,6267239
PHL,2020-12-27,16208,6283447
PHL,2020-12-28,20564,6304011
PHL,2020-12-29,30397,6334408
PHL,2020-12-30,30280,6364688
PHL,2020-12-31,22464,6387152
PHL,2021-01-01,12039,6399191
PHL,2021-01-02,15074,6414265
PHL,2021-01-03,14466,6428731
PHL,2021-01-04,23588,6452319
PHL,2021-01-05,34801,6487120
PHL,2021-01-06,36327,6523447
PHL,2021-01-07,35920,6559367
PHL,2021-01-08,40433,6599800
PHL,2021-01-09,37954,6637754
PHL,2021-01-10,25029,6662783
PHL,2021-01-11,28664,6691447
PHL,2021-01-12,36445,6727892
PHL,2021-01-13,40624,6768516
PHL,2021-01-14,39178,6807694
PHL,2021-01-15,36870,6844564
PHL,2021-01-16,37968,6882532
PHL,2021-01-17,25464,6907996
PHL,2021-01-18,26822,6934818
PHL,2021-01-19,36160,6970978
PHL,2021-01-20,35845,7006823
PHL,2021-01-21,38421,7045244
PHL,2021-01-22,37793,7083037
PHL,2021-01-23,36544,7119581
PHL,2021-01-24,25918,7145499
PHL,2021-01-25,28583,7174082
PHL,2021-01-26,35540,7209622
PHL,2021-01-27,39000,7248622
PHL,2021-01-28,39081,7287703
PHL,2021-01-29,40350,7328053
PHL,2021-01-30,40326,7368379
PHL,2021-01-31,28436,7396815
PHL,2021-02-01,25693,7422508
PHL,2021-02-02,34775,7457283
PHL,2021-02-03,36610,7493893
PHL,2021-02-04,37601,7531494
PHL,2021-02-05,36689,7568183
PHL,2021-02-06,34701,7602884
PHL,2021-02-07,23903,7626787
PHL,2021-02-08,26132,7652919
PHL,2021-02-09,34437,7687356
PHL,2021-02-10,37208,7724564
PHL,2021-02-11,38373,7762937
PHL,2021-02-12,36925,7799862
PHL,2021-02-13,28438,7828300
PHL,2021-02-14,19702,7848002
PHL,2021-02-15,23128,7871130
PHL,2021-02-16,32927,7904057
PHL,2021-02-17,36895,7940952
PHL,2021-02-18,36538,7977490
PHL,2021-02-19,34340,8011830
PHL,2021-02-20,35883,8047713
PHL,2021-02-21,20911,8068624
PHL,2021-02-22,24970,8093594
PHL,2021-02-23,37923,8131517
PHL,2021-02-24,37151,8168668
PHL,2021-02-25,39907,8208575
PHL,2021-02-26,30688,8239263
PHL,2021-02-27,31003,8270266
PHL,2021-02-28,22896,8293162
PHL,2021-03-01,24880,8318042
PHL,2021-03-02,36122,8354164
PHL,2021-03-03,38325,8392489
PHL,2021-03-04,39548,8432037
PHL,2021-03-05,39106,8471143
PHL,2021-03-06,39804,8510947
PHL,2021-03-07,28119,8539066
PHL,2021-03-08,30093,8569159
PHL,2021-03-09,40038,8609197
PHL,2021-03-10,42701,8651898
PHL,2021-03-11,45470,8697368
PHL,2021-03-12,44253,8741621
PHL,2021-03-13,44592,8786213
PHL,2021-03-14,31412,8817625
PHL,2021-03-15,35402,8853027
PHL,2021-03-16,46972,8899999
PHL,2021-03-17,50061,8950060
PHL,2021-03-18,50303,9000363
PHL,2021-03-19,52465,9052828
PHL,2021-03-20,54001,9106829
PHL,2021-03-21,42065,9148894
PHL,2021-03-22,42572,9191466
PHL,2021-03-23,55616,9247082
PHL,2021-03-24,54156,9301238
PHL,2021-03-25,53805,9355043
PHL,2021-03-26,51835,9406878
PHL,2021-03-27,45481,9452359
PHL,2021-03-28,39218,9491577
PHL,2021-03-29,45733,9537310
PHL,2021-03-30,53341,9590651
PHL,2021-03-31,54808,9645459
PHL,2021-04-01,51503,9696962
PHL,2021-04-02,41409,9738371
PHL,2021-04-03,35750,9774121
PHL,2021-04-04,28413,9802534
PHL,2021-04-05,37479,9840013
PHL,2021-04-06,51270,9891283
PHL,2021-04-07,59032,9950315
PHL,2021-04-08,59802,10010117
PHL,2021-04-09,60071,10070188
PHL,2021-04-10,57265,10127453
PHL,2021-04-11,37963,10165416
PHL,2021-04-12,43960,10209376
PHL,2021-04-13,57869,10267245
PHL,2021-04-14,62466,10329711
PHL,2021-04-15,59558,10389269
PHL,2021-04-16,57406,10446675
PHL,2021-04-17,57691,10504366
PHL,2021-04-18,41655,10546021
PHL,2021-04-19,42365,10588386
PHL,2021-04-20,55772,10644158
PHL,2021-04-21,57228,10701386
PHL,2021-04-22,56042,10757428
PHL,2021-04-23,54016,10811444
PHL,2021-04-24,51163,10862607
PHL,2021-04-25,41864,10904471
PHL,2021-04-26,39743,10944214
PHL,2021-04-27,54515,10998729
PHL,2021-04-28,57669,11056398
PHL,2021-04-29,55064,11111462
PHL,2021-04-30,52904,11164366
PHL,2021-05-01,49028,11213394
PHL,2021-05-02,39048,11252442
PHL,2021-05-03,37761,11290203
PHL,2021-05-04,49272,11339475
PHL,2021-05-05,57569,11397044
PHL,2021-05-06,54688,11451732
PHL,2021-05-07,51558,11503290
PHL,2021-05-08,52197,11555487
PHL,2021-05-09,39198,11594685
PHL,2021-05-10,37064,11631749
PHL,2021-05-11,51348,11683097
PHL,2021-05-12,53973,11737070
PHL,2021-05-13,54815,11791885
PHL,2021-05-14,43468,11835353
PHL,2021-05-15,49261,11884614
PHL,2021-05-16,34272,11918886
PHL,2021-05-17,34277,11953163
PHL,2021-05-18,50386,12003549
PHL,2021-05-19,49329,12052878
PHL,2021-05-20,51598,12104476
PHL,2021-05-21,50508,12154984
PHL,2021-05-22,51272,12206256
PHL,2021-05-23,35629,12241885
PHL,2021-05-24,38229,12280114
PHL,2021-05-25,56646,12336760
PHL,2021-05-26,54188,12390948
PHL,2021-05-27,52591,12443539
PHL,2021-05-28,52419,12495958
PHL,2021-05-29,52242,12548200
PHL,2021-05-30,39176,12587376
PHL,2021-05-31,40039,12627415
PHL,2021-06-01,50143,12677558
PHL,2021-06-02,52419,12729977
PHL,2021-06-03,51421,12781398
PHL,2021-06-04,49239,12830637
PHL,2021-06-05,52207,12882844
PHL,2021-06-06,35623,12918467
PHL,2021-06-07,42622,12961089
PHL,2021-06-08,53989,13015078
PHL,2021-06-09,55846,13070924
PHL,2021-06-10,57756,13128680
PHL,2021-06-11,54922,13183602
PHL,2021-06-12,49213,13232815
PHL,2021-06-13,35593,13268408
PHL,2021-06-14,40472,13308880
PHL,2021-06-15,48247,13357127
PHL,2021-06-16,49140,13406267
PHL,2021-06-17,53530,13459797
PHL,2021-06-18,51707,13511504
PHL,2021-06-19,46457,13557961
PHL,2021-06-20,34259,13592220
PHL,2021-06-21,35469,13627689
PHL,2021-06-22,47200,13674889
PHL,2021-06-23,52811,13727700
PHL,2021-06-24,50722,13778422
PHL,2021-06-25,49897,13828319
PHL,2021-06-26,44381,13872700
PHL,2021-06-27,29501,13902201
POL,2020-04-28,0,0
POL,2020-04-29,12802,12802
POL,2020-04-30,12509,25311
POL,2020-05-01,15651,40962
POL,2020-05-02,10613,51575
POL,2020-05-03,9382,60957
POL,2020-05-04,7304,68261
POL,2020-05-05,9642,77903
POL,2020-05-06,15004,92907
POL,2020-05-07,14382,107289
POL,2020-05-08,16206,123495
POL,2020-05-09,15886,139381
POL,2020-05-10,15473,154854
POL,2020-05-11,13613,168467
POL,2020-05-12,15722,184189
POL,2020-05-13,19193,203382
POL,2020-05-14,21564,224946
POL,2020-05-15,20162,245108
POL,2020-05-16,22897,268005
POL,2020-05-17,17263,285268
POL,2020-05-18,14416,299684
POL,2020-05-19,16254,315938
POL,2020-05-20,20242,336180
POL,2020-05-21,21556,357736
POL,2020-05-22,21277,379013
POL,2020-05-23,26280,405293
POL,2020-05-24,14889,420182
POL,2020-05-25,10706,430888
POL,2020-05-26,21026,451914
POL,2020-05-27,19974,471888
POL,2020-05-28,19950,491838
POL,2020-05-29,24851,516689
POL,2020-05-30,23335,540024
POL,2020-05-31,14487,554511
POL,2020-06-01,14119,568630
POL,2020-06-02,12466,581096
POL,2020-06-03,19024,600120
POL,2020-06-04,21579,621699
POL,2020-06-05,21410,643109
POL,2020-06-06,20752,663861
POL,2020-06-07,15664,679525
POL,2020-06-08,12241,691766
POL,2020-06-09,14798,706564
POL,2020-06-10,19368,725932
POL,2020-06-11,16542,742474
POL,2020-06-12,19378,761852
POL,2020-06-13,15563,777415
POL,2020-06-14,17049,794464
POL,2020-06-15,10676,805140
POL,2020-06-16,16403,821543
POL,2020-06-17,22982,844525
POL,2020-06-18,20906,865431
POL,2020-06-19,23543,888974
POL,2020-06-20,19640,908614
POL,2020-06-21,18231,926845
POL,2020-06-22,11041,937886
POL,2020-06-23,18077,955963
POL,2020-06-24,19251,975214
POL,2020-06-25,21453,996667
POL,2020-06-26,18336,1015003
POL,2020-06-27,19143,1034146
POL,2020-06-28,14818,1048964
POL,2020-06-29,7752,1056716
POL,2020-06-30,17807,1074523
POL,2020-07-01,21064,1095587
POL,2020-07-02,18803,1114390
POL,2020-07-03,23257,1137647
POL,2020-07-04,18415,1156062
POL,2020-07-05,14938,1171000
POL,2020-07-06,12125,1183125
POL,2020-07-07,16307,1199432
POL,2020-07-08,29354,1228786
POL,2020-07-09,18781,1247567
POL,2020-07-10,19352,1266919
POL,2020-07-11,32734,1299653
POL,2020-07-12,13195,1312848
POL,2020-07-13,10709,1323557
POL,2020-07-14,16628,1340185
POL,2020-07-15,19918,1360103
POL,2020-07-16,20016,1380119
POL,2020-07-17,20567,1400686
POL,2020-07-18,18927,1419613
POL,2020-07-19,13956,1433569
POL,2020-07-20,10091,1443660
POL,2020-07-21,16162,1459822
POL,2020-07-22,19656,1479478
POL,2020-07-23,20985,1500463
POL,2020-07-24,18098,1518561
POL,2020-07-25,20010,1538571
POL,2020-07-26,0,1538571
POL,2020-07-27,0,1538571
POL,2020-07-28,16440,1555011
POL,2020-07-29,22969,1577980
POL,2020-07-30,22108,1600088
POL,2020-07-31,22394,1622482
POL,2020-08-01,21262,1643744
POL,2020-08-02,16734,1660478
POL,2020-08-03,11071,1671549
POL,2020-08-04,18888,1690437
POL,2020-08-05,28422,1718859
POL,2020-08-06,21278,1740137
POL,2020-08-07,25244,1765381
POL,2020-08-08,28307,1793688
POL,2020-08-09,20842,1814530
POL,2020-08-10,14399,1828929
POL,2020-08-11,20511,1849440
POL,2020-08-12,23495,1872935
POL,2020-08-13,25177,1898112
POL,2020-08-14,25792,1923904
POL,2020-08-15,23730,1947634
POL,2020-08-16,16004,1963638
POL,2020-08-17,12778,1976416
POL,2020-08-18,19884,1996300
POL,2020-08-19,27734,2024034
POL,2020-08-20,24646,2048680
POL,2020-08-21,28666,2077346
POL,2020-08-22,24793,2102139
POL,2020-08-23,18983,2121122
POL,2020-08-24,15332,2136454
POL,2020-08-25,21982,2158436
POL,2020-08-26,28311,2186747
POL,2020-08-27,27110,2213857
POL,2020-08-28,24782,2238639
POL,2020-08-29,21075,2259714
POL,2020-08-30,18753,2278467
POL,2020-08-31,12010,2290477
POL,2020-09-01,28703,2319180
POL,2020-09-02,24354,2343534
POL,2020-09-03,23972,2367506
POL,2020-09-04,21745,2389251
POL,2020-09-05,24819,2414070
POL,2020-09-06,18226,2432296
POL,2020-09-07,10025,2442321
POL,2020-09-08,18195,2460516
POL,2020-09-09,22779,2483295
POL,2020-09-10,18014,2501309
POL,2020-09-11,18715,2520024
POL,2020-09-12,20291,2540315
POL,2020-09-13,14159,2554474
POL,2020-09-14,12109,2566583
POL,2020-09-15,17925,2584508
POL,2020-09-16,21367,2605875
POL,2020-09-17,21873,2627748
POL,2020-09-18,20190,2647938
POL,2020-09-19,19497,2667435
POL,2020-09-20,18604,2686039
POL,2020-09-21,11842,2697881
POL,2020-09-22,20145,2718026
POL,2020-09-23,21230,2739256
POL,2020-09-24,23370,2762626
POL,2020-09-25,23655,2786281
POL,2020-09-26,22394,2808675
POL,2020-09-27,18530,2827205
POL,2020-09-28,12904,2840109
POL,2020-09-29,22361,2862470
POL,2020-09-30,26074,2888544
POL,2020-10-01,28959,2917503
POL,2020-10-02,26500,2944003
POL,2020-10-03,29446,2973449
POL,2020-10-04,25254,2998703
POL,2020-10-05,17718,3016421
POL,2020-10-06,23296,3039717
POL,2020-10-07,32418,3072135
POL,2020-10-08,42748,3114883
POL,2020-10-09,31036,3145919
POL,2020-10-10,35959,3181878
POL,2020-10-11,30287,3212165
POL,2020-10-12,24229,3236394
POL,2020-10-13,32381,3268775
POL,2020-10-14,42705,3311480
POL,2020-10-15,62215,3373695
POL,2020-10-16,49400,3423095
POL,2020-10-17,47604,3470699
POL,2020-10-18,34873,3505572
POL,2020-10-19,35484,3541056
POL,2020-10-20,39799,3580855
POL,2020-10-21,58085,3638940
POL,2020-10-22,48713,3687653
POL,2020-10-23,59810,3747463
POL,2020-10-24,53920,3801383
POL,2020-10-25,52630,3854013
POL,2020-10-26,49243,3903256
POL,2020-10-27,64096,3967352
POL,2020-10-28,59145,4026497
POL,2020-10-29,68955,4095452
POL,2020-10-30,75559,4171011
POL,2020-10-31,56691,4227702
POL,2020-11-01,48341,4276043
POL,2020-11-02,64101,4340144
POL,2020-11-03,62988,4403132
POL,2020-11-04,67690,4470822
POL,2020-11-05,65416,4536238
POL,2020-11-06,74215,4610453
POL,2020-11-07,65515,4675968
POL,2020-11-08,59764,4735732
POL,2020-11-09,42114,4777846
POL,2020-11-10,53513,4831359
POL,2020-11-11,52019,4883378
POL,2020-11-12,56348,4939726
POL,2020-11-13,55967,4995693
POL,2020-11-14,54972,5050665
POL,2020-11-15,45308,5095973
POL,2020-11-16,34096,5130069
POL,2020-11-17,40956,5171025
POL,2020-11-18,55729,5226754
POL,2020-11-19,56841,5283595
POL,2020-11-20,53690,5337285
POL,2020-11-21,42414,5379699
POL,2020-11-22,41945,5421644
POL,2020-11-23,26866,5448510
POL,2020-11-24,32843,5481353
POL,2020-11-25,47276,5528629
POL,2020-11-26,44193,5572822
POL,2020-11-27,45464,5618286
POL,2020-11-28,40970,5659256
POL,2020-11-29,24164,5683420
POL,2020-11-30,24663,5708083
POL,2020-12-01,37638,5745721
POL,2020-12-02,41100,5786821
POL,2020-12-03,37250,5824071
POL,2020-12-04,39559,5863630
POL,2020-12-05,34846,5898476
POL,2020-12-06,23176,5921652
POL,2020-12-07,18991,5940643
POL,2020-12-08,29217,5969860
POL,2020-12-09,40357,6010217
POL,2020-12-10,37517,6047734
POL,2020-12-11,33236,6080970
POL,2020-12-12,32682,6113652
POL,2020-12-13,21541,6135193
POL,2020-12-14,19456,6154649
POL,2020-12-15,29832,6184481
POL,2020-12-16,41053,6225534
POL,2020-12-17,36011,6261545
POL,2020-12-18,33020,6294565
POL,2020-12-19,29078,6323643
POL,2020-12-20,21767,6345410
POL,2020-12-21,18901,6364311
POL,2020-12-22,28852,6393163
POL,2020-12-23,33225,6426388
POL,2020-12-24,35840,6462228
POL,2020-12-25,20435,6482663
POL,2020-12-26,14066,6496729
POL,2020-12-27,12454,6509183
POL,2020-12-28,15996,6525179
POL,2020-12-29,33110,6558289
POL,2020-12-30,35069,6593358
POL,2020-12-31,39052,6632410
POL,2021-01-01,46724,6679134
POL,2021-01-02,27604,6706738
POL,2021-01-03,29618,6736356
POL,2021-01-04,25436,6761792
POL,2021-01-05,48466,6810258
POL,2021-01-06,51758,6862016
POL,2021-01-07,56757,6918773
POL,2021-01-08,50177,6968950
POL,2021-01-09,58371,7027321
POL,2021-01-10,43731,7071052
POL,2021-01-11,15235,7086287
POL,2021-01-12,49493,7135780
POL,2021-01-13,73373,7209153
POL,2021-01-14,78790,7287943
POL,2021-01-15,72634,7360577
POL,2021-01-16,68554,7429131
POL,2021-01-17,54755,7483886
POL,2021-01-18,24844,7508730
POL,2021-01-19,47570,7556300
POL,2021-01-20,47857,7604157
POL,2021-01-21,46671,7650828
POL,2021-01-22,44455,7695283
POL,2021-01-23,43971,7739254
POL,2021-01-24,30745,7769999
POL,2021-01-25,19736,7789735
POL,2021-01-26,42046,7831781
POL,2021-01-27,46671,7878452
POL,2021-01-28,46873,7925325
POL,2021-01-29,327863,8253188
POL,2021-01-30,-239172,8014016
POL,2021-01-31,32020,8046036
POL,2021-02-01,21372,8067408
POL,2021-02-02,41614,8109022
POL,2021-02-03,46604,8155626
POL,2021-02-04,43574,8199200
POL,2021-02-05,41198,8240398
POL,2021-02-06,43656,8284054
POL,2021-02-07,31005,8315059
POL,2021-02-08,20821,8335880
POL,2021-02-09,42957,8378837
POL,2021-02-10,51599,8430436
POL,2021-02-11,51196,8481632
POL,2021-02-12,48248,8529880
POL,2021-02-13,48994,8578874
POL,2021-02-14,34130,8613004
POL,2021-02-15,22360,8635364
POL,2021-02-16,45741,8681105
POL,2021-02-17,54268,8735373
POL,2021-02-18,53559,8788932
POL,2021-02-19,49069,8838001
POL,2021-02-20,50035,8888036
POL,2021-02-21,37055,8925091
POL,2021-02-22,24708,8949799
POL,2021-02-23,41508,8991307
POL,2021-02-24,61168,9052475
POL,2021-02-25,56873,9109348
POL,2021-02-26,52768,9162116
POL,2021-02-27,56445,9218561
POL,2021-02-28,43518,9262079
POL,2021-03-01,26496,9288575
POL,2021-03-02,49511,9338086
POL,2021-03-03,62059,9400145
POL,2021-03-04,62381,9462526
POL,2021-03-05,58606,9521132
POL,2021-03-06,61859,9582991
POL,2021-03-07,49690,9632681
POL,2021-03-08,31220,9663901
POL,2021-03-09,53393,9717294
POL,2021-03-10,67762,9785056
POL,2021-03-11,72729,9857785
POL,2021-03-12,65330,9923115
POL,2021-03-13,72704,9995819
POL,2021-03-14,59396,10055215
POL,2021-03-15,42052,10097267
POL,2021-03-16,63245,10160512
POL,2021-03-17,84156,10244668
POL,2021-03-18,85645,10330313
POL,2021-03-19,85408,10415721
POL,2021-03-20,86921,10502642
POL,2021-03-21,62407,10565049
POL,2021-03-22,48491,10613540
POL,2021-03-23,71088,10684628
POL,2021-03-24,95192,10779820
POL,2021-03-25,102073,10881893
POL,2021-03-26,106617,10988510
POL,2021-03-27,100299,11088809
POL,2021-03-28,86011,11174820
POL,2021-03-29,54336,11229156
POL,2021-03-30,79315,11308471
POL,2021-03-31,102124,11410595
POL,2021-04-01,108741,11519336
POL,2021-04-02,100323,11619659
POL,2021-04-03,93663,11713322
POL,2021-04-04,71729,11785051
POL,2021-04-05,39054,11824105
POL,2021-04-06,44443,11868548
POL,2021-04-07,89372,11957920
POL,2021-04-08,110625,12068545
POL,2021-04-09,106259,12174804
POL,2021-04-10,104122,12278926
POL,2021-04-11,91067,12369993
POL,2021-04-12,57896,12427889
POL,2021-04-13,80951,12508840
POL,2021-04-14,98064,12606904
POL,2021-04-15,90471,12697375
POL,2021-04-16,82250,12779625
POL,2021-04-17,83884,12863509
POL,2021-04-18,64865,12928374
POL,2021-04-19,47281,12975655
POL,2021-04-20,69704,13045359
POL,2021-04-21,77631,13122990
POL,2021-04-22,71228,13194218
POL,2021-04-23,61993,13256211
POL,2021-04-24,69679,13325890
POL,2021-04-25,50307,13376197
POL,2021-04-26,33446,13409643
POL,2021-04-27,63746,13473389
POL,2021-04-28,70878,13544267
POL,2021-04-29,65120,13609387
POL,2021-04-30,60364,13669751
POL,2021-05-01,62323,13732074
POL,2021-05-02,42878,13774952
POL,2021-05-03,30535,13805487
POL,2021-05-04,30793,13836280
POL,2021-05-05,55450,13891730
POL,2021-05-06,65888,13957618
POL,2021-05-07,64853,14022471
POL,2021-05-08,62806,14085277
POL,2021-05-09,51283,14136560
POL,2021-05-10,36594,14173154
POL,2021-05-11,61895,14235049
POL,2021-05-12,65388,14300437
POL,2021-05-13,56708,14357145
POL,2021-05-14,60191,14417336
POL,2021-05-15,56353,14473689
POL,2021-05-16,48203,14521892
POL,2021-05-17,32722,14554614
POL,2021-05-18,57299,14611913
POL,2021-05-19,57707,14669620
POL,2021-05-20,54911,14724531
POL,2021-05-21,56614,14781145
POL,2021-05-22,57582,14838727
POL,2021-05-23,41666,14880393
POL,2021-05-24,32949,14913342
POL,2021-05-25,60566,14973908
POL,2021-05-26,57290,15031198
POL,2021-05-27,63364,15094562
POL,2021-05-28,54986,15149548
POL,2021-05-29,60762,15210310
POL,2021-05-30,44541,15254851
POL,2021-05-31,32035,15286886
POL,2021-06-01,58921,15345807
POL,2021-06-02,56350,15402157
POL,2021-06-03,54545,15456702
POL,2021-06-04,32907,15489609
POL,2021-06-05,49412,15539021
POL,2021-06-06,43867,15582888
POL,2021-06-07,31764,15614652
POL,2021-06-08,63510,15678162
POL,2021-06-09,109848,15788010
POL,2021-06-10,-52556,15735454
POL,2021-06-11,104550,15840004
POL,2021-06-12,55059,15895063
POL,2021-06-13,47640,15942703
POL,2021-06-14,32916,15975619
POL,2021-06-15,57956,16033575
POL,2021-06-16,54030,16087605
POL,2021-06-17,50867,16138472
POL,2021-06-18,47396,16185868
POL,2021-06-19,51291,16237159
POL,2021-06-20,37820,16274979
POL,2021-06-21,27351,16302330
POL,2021-06-22,64063,16366393
POL,2021-06-23,59054,16425447
POL,2021-06-24,47622,16473069
POL,2020-03-06,0,16473069
POL,2020-03-07,0,16473069
POL,2020-03-08,0,16473069
POL,2020-03-09,230,16473299
POL,2020-03-10,246,16473545
POL,2020-03-11,394,16473939
POL,2020-03-12,210,16474149
POL,2020-03-13,655,16474804
POL,2020-03-14,1525,16476329
POL,2020-03-15,1079,16477408
POL,2020-03-16,0,16477408
POL,2020-03-17,0,16477408
POL,2020-03-18,1616,16479024
POL,2020-03-19,1681,16480705
POL,2020-03-20,1876,16482581
POL,2020-03-21,2012,16484593
POL,2020-03-22,2523,16487116
POL,2020-03-23,2520,16489636
POL,2020-03-24,2771,16492407
POL,2020-03-25,3346,16495753
POL,2020-03-26,3320,16499073
POL,2020-03-27,4503,16503576
POL,2020-03-28,4607,16508183
POL,2020-03-29,4109,16512292
POL,2020-03-30,3824,16516116
POL,2020-03-31,4812,16520928
POL,2020-04-01,4382,16525310
POL,2020-04-02,5377,16530687
POL,2020-04-03,5760,16536447
POL,2020-04-04,5963,16542410
POL,2020-04-05,7856,16550266
POL,2020-04-06,4710,16554976
POL,2020-04-07,6748,16561724
POL,2020-04-08,7069,16568793
POL,2020-04-09,8313,16577106
POL,2020-04-10,10698,16587804
POL,2020-04-11,11265,16599069
POL,2020-04-12,8447,16607516
POL,2020-04-13,5623,16613139
POL,2020-04-14,4691,16617830
POL,2020-04-15,8172,16626002
POL,2020-04-16,12578,16638580
POL,2020-04-17,10583,16649163
POL,2020-04-18,13306,16662469
POL,2020-04-19,11286,16673755
POL,2020-04-20,9990,16683745
POL,2020-04-21,10119,16693864
POL,2020-04-22,14444,16708308
POL,2020-04-23,11920,16720228
POL,2020-04-24,14482,16734710
POL,2020-04-25,13793,16748503
POL,2020-04-26,11639,16760142
POL,2020-04-27,7226,16767368
PRT,2020-03-01,0,0
PRT,2020-03-02,45,45
PRT,2020-03-03,61,106
PRT,2020-03-04,40,146
PRT,2020-03-05,80,226
PRT,2020-03-06,81,307
PRT,2020-03-07,79,386
PRT,2020-03-08,84,470
PRT,2020-03-09,175,645
PRT,2020-03-10,306,951
PRT,2020-03-11,580,1531
PRT,2020-03-12,938,2469
PRT,2020-03-13,1551,4020
PRT,2020-03-14,1253,5273
PRT,2020-03-15,951,6224
PRT,2020-03-16,1683,7907
PRT,2020-03-17,2304,10211
PRT,2020-03-18,2465,12676
PRT,2020-03-19,2498,15174
PRT,2020-03-20,3215,18389
PRT,2020-03-21,2516,20905
PRT,2020-03-22,2109,23014
PRT,2020-03-23,4181,27195
PRT,2020-03-24,5027,32222
PRT,2020-03-25,5319,37541
PRT,2020-03-26,6694,44235
PRT,2020-03-27,7913,52148
PRT,2020-03-28,6893,59041
PRT,2020-03-29,5032,64073
PRT,2020-03-30,7986,72059
PRT,2020-03-31,7962,80021
PRT,2020-04-01,8650,88671
PRT,2020-04-02,9299,97970
PRT,2020-04-03,9479,107449
PRT,2020-04-04,9158,116607
PRT,2020-04-05,6716,123323
PRT,2020-04-06,9369,132692
PRT,2020-04-07,10623,143315
PRT,2020-04-08,11691,155006
PRT,2020-04-09,12209,167215
PRT,2020-04-10,10216,177431
PRT,2020-04-11,9121,186552
PRT,2020-04-12,5210,191762
PRT,2020-04-13,8944,200706
PRT,2020-04-14,11920,212626
PRT,2020-04-15,13649,226275
PRT,2020-04-16,13474,239749
PRT,2020-04-17,14720,254469
PRT,2020-04-18,12795,267264
PRT,2020-04-19,9502,276766
PRT,2020-04-20,11089,287855
PRT,2020-04-21,14930,302785
PRT,2020-04-22,15531,318316
PRT,2020-04-23,15183,333499
PRT,2020-04-24,14817,348316
PRT,2020-04-25,13446,361762
PRT,2020-04-26,8241,370003
PRT,2020-04-27,12207,382210
PRT,2020-04-28,15516,397726
PRT,2020-04-29,14774,412500
PRT,2020-04-30,16438,428938
PRT,2020-05-01,12673,441611
PRT,2020-05-02,10583,452194
PRT,2020-05-03,8440,460634
PRT,2020-05-04,11889,472523
PRT,2020-05-05,16157,488680
PRT,2020-05-06,15774,504454
PRT,2020-05-07,16033,520487
PRT,2020-05-08,15428,535915
PRT,2020-05-09,13522,549437
PRT,2020-05-10,7507,556944
PRT,2020-05-11,12737,569681
PRT,2020-05-12,16644,586325
PRT,2020-05-13,18215,604540
PRT,2020-05-14,18329,622869
PRT,2020-05-15,20598,643467
PRT,2020-05-16,15994,659461
PRT,2020-05-17,8970,668431
PRT,2020-05-18,12108,680539
PRT,2020-05-19,16195,696734
PRT,2020-05-20,15442,712176
PRT,2020-05-21,15346,727522
PRT,2020-05-22,15184,742706
PRT,2020-05-23,10783,753489
PRT,2020-05-24,5814,759303
PRT,2020-05-25,11930,771233
PRT,2020-05-26,15105,786338
PRT,2020-05-27,17221,803559
PRT,2020-05-28,16963,820522
PRT,2020-05-29,16135,836657
PRT,2020-05-30,12650,849307
PRT,2020-05-31,6547,855854
PRT,2020-06-01,11635,867489
PRT,2020-06-02,15640,883129
PRT,2020-06-03,17230,900359
PRT,2020-06-04,17207,917566
PRT,2020-06-05,15309,932875
PRT,2020-06-06,11436,944311
PRT,2020-06-07,6614,950925
PRT,2020-06-08,11210,962135
PRT,2020-06-09,13521,975656
PRT,2020-06-10,7708,983364
PRT,2020-06-11,4764,988128
PRT,2020-06-12,10913,999041
PRT,2020-06-13,7973,1007014
PRT,2020-06-14,4754,1011768
PRT,2020-06-15,11243,1023011
PRT,2020-06-16,14765,1037776
PRT,2020-06-17,15067,1052843
PRT,2020-06-18,13691,1066534
PRT,2020-06-19,14713,1081247
PRT,2020-06-20,9036,1090283
PRT,2020-06-21,6645,1096928
PRT,2020-06-22,12026,1108954
PRT,2020-06-23,15884,1124838
PRT,2020-06-24,13925,1138763
PRT,2020-06-25,13579,1152342
PRT,2020-06-26,15766,1168108
PRT,2020-06-27,10352,1178460
PRT,2020-06-28,6353,1184813
PRT,2020-06-29,12541,1197354
PRT,2020-06-30,15905,1213259
PRT,2020-07-01,16456,1229715
PRT,2020-07-02,15535,1245250
PRT,2020-07-03,14912,1260162
PRT,2020-07-04,12895,1273057
PRT,2020-07-05,7044,1280101
PRT,2020-07-06,12207,1292308
PRT,2020-07-07,16690,1308998
PRT,2020-07-08,17180,1326178
PRT,2020-07-09,15258,1341436
PRT,2020-07-10,15807,1357243
PRT,2020-07-11,12236,1369479
PRT,2020-07-12,6630,1376109
PRT,2020-07-13,13179,1389288
PRT,2020-07-14,18244,1407532
PRT,2020-07-15,16174,1423706
PRT,2020-07-16,15671,1439377
PRT,2020-07-17,16066,1455443
PRT,2020-07-18,12522,1467965
PRT,2020-07-19,7536,1475501
PRT,2020-07-20,13662,1489163
PRT,2020-07-21,17212,1506375
PRT,2020-07-22,15747,1522122
PRT,2020-07-23,15759,1537881
PRT,2020-07-24,15246,1553127
PRT,2020-07-25,11835,1564962
PRT,2020-07-26,6422,1571384
PRT,2020-07-27,13333,1584717
PRT,2020-07-28,16955,1601672
PRT,2020-07-29,16712,1618384
PRT,2020-07-30,14738,1633122
PRT,2020-07-31,15411,1648533
PRT,2020-08-01,12150,1660683
PRT,2020-08-02,7120,1667803
PRT,2020-08-03,14320,1682123
PRT,2020-08-04,17290,1699413
PRT,2020-08-05,17160,1716573
PRT,2020-08-06,14573,1731146
PRT,2020-08-07,14943,1746089
PRT,2020-08-08,10798,1756887
PRT,2020-08-09,8381,1765268
PRT,2020-08-10,13077,1778345
PRT,2020-08-11,17112,1795457
PRT,2020-08-12,16338,1811795
PRT,2020-08-13,14785,1826580
PRT,2020-08-14,16313,1842893
PRT,2020-08-15,10622,1853515
PRT,2020-08-16,8020,1861535
PRT,2020-08-17,14362,1875897
PRT,2020-08-18,18542,1894439
PRT,2020-08-19,16820,1911259
PRT,2020-08-20,14344,1925603
PRT,2020-08-21,14822,1940425
PRT,2020-08-22,11502,1951927
PRT,2020-08-23,8414,1960341
PRT,2020-08-24,13896,1974237
PRT,2020-08-25,17940,1992177
PRT,2020-08-26,16369,2008546
PRT,2020-08-27,14997,2023543
PRT,2020-08-28,16652,2040195
PRT,2020-08-29,12050,2052245
PRT,2020-08-30,8262,2060507
PRT,2020-08-31,15660,2076167
PRT,2020-09-01,18945,2095112
PRT,2020-09-02,18129,2113241
PRT,2020-09-03,17163,2130404
PRT,2020-09-04,17461,2147865
PRT,2020-09-05,13923,2161788
PRT,2020-09-06,9490,2171278
PRT,2020-09-07,15682,2186960
PRT,2020-09-08,21103,2208063
PRT,2020-09-09,21724,2229787
PRT,2020-09-10,19973,2249760
PRT,2020-09-11,22278,2272038
PRT,2020-09-12,16528,2288566
PRT,2020-09-13,12096,2300662
PRT,2020-09-14,19401,2320063
PRT,2020-09-15,23714,2343777
PRT,2020-09-16,23865,2367642
PRT,2020-09-17,21699,2389341
PRT,2020-09-18,22108,2411449
PRT,2020-09-19,16171,2427620
PRT,2020-09-20,11094,2438714
PRT,2020-09-21,19878,2458592
PRT,2020-09-22,23821,2482413
PRT,2020-09-23,22777,2505190
PRT,2020-09-24,21342,2526532
PRT,2020-09-25,24244,2550776
PRT,2020-09-26,17229,2568005
PRT,2020-09-27,11412,2579417
PRT,2020-09-28,20249,2599666
PRT,2020-09-29,26551,2626217
PRT,2020-09-30,26310,2652527
PRT,2020-10-01,24530,2677057
PRT,2020-10-02,24698,2701755
PRT,2020-10-03,17593,2719348
PRT,2020-10-04,11886,2731234
PRT,2020-10-05,11788,2743022
PRT,2020-10-06,23191,2766213
PRT,2020-10-07,29274,2795487
PRT,2020-10-08,27746,2823233
PRT,2020-10-09,28948,2852181
PRT,2020-10-10,21089,2873270
PRT,2020-10-11,13459,2886729
PRT,2020-10-12,23343,2910072
PRT,2020-10-13,31413,2941485
PRT,2020-10-14,32134,2973619
PRT,2020-10-15,31146,3004765
PRT,2020-10-16,32581,3037346
PRT,2020-10-17,23723,3061069
PRT,2020-10-18,15106,3076175
PRT,2020-10-19,26730,3102905
PRT,2020-10-20,34013,3136918
PRT,2020-10-21,34052,3170970
PRT,2020-10-22,32865,3203835
PRT,2020-10-23,33704,3237539
PRT,2020-10-24,25879,3263418
PRT,2020-10-25,17454,3280872
PRT,2020-10-26,28250,3309122
PRT,2020-10-27,36108,3345230
PRT,2020-10-28,36609,3381839
PRT,2020-10-29,37231,3419070
PRT,2020-10-30,38671,3457741
PRT,2020-10-31,31628,3489369
PRT,2020-11-01,22620,3511989
PRT,2020-11-02,30450,3542439
PRT,2020-11-03,41437,3583876
PRT,2020-11-04,41800,3625676
PRT,2020-11-05,42026,3667702
PRT,2020-11-06,42587,3710289
PRT,2020-11-07,33486,3743775
PRT,2020-11-08,22131,3765906
PRT,2020-11-09,33352,3799258
PRT,2020-11-10,41083,3840341
PRT,2020-11-11,43837,3884178
PRT,2020-11-12,44419,3928597
PRT,2020-11-13,49615,3978212
PRT,2020-11-14,33856,4012068
PRT,2020-11-15,23117,4035185
PRT,2020-11-16,37497,4072682
PRT,2020-11-17,45300,4117982
PRT,2020-11-18,48953,4166935
PRT,2020-11-19,47606,4214541
PRT,2020-11-20,46623,4261164
PRT,2020-11-21,34874,4296038
PRT,2020-11-22,26140,4322178
PRT,2020-11-23,33829,4356007
PRT,2020-11-24,47405,4403412
PRT,2020-11-25,46807,4450219
PRT,2020-11-26,44836,4495055
PRT,2020-11-27,45135,4540190
PRT,2020-11-28,31744,4571934
PRT,2020-11-29,16934,4588868
PRT,2020-11-30,32283,4621151
PRT,2020-12-01,24136,4645287
PRT,2020-12-02,37280,4682567
PRT,2020-12-03,43824,4726391
PRT,2020-12-04,43430,4769821
PRT,2020-12-05,27914,4797735
PRT,2020-12-06,15772,4813507
PRT,2020-12-07,34966,4848473
PRT,2020-12-08,26091,4874564
PRT,2020-12-09,34405,4908969
PRT,2020-12-10,41851,4950820
PRT,2020-12-11,39389,4990209
PRT,2020-12-12,27907,5018116
PRT,2020-12-13,17392,5035508
PRT,2020-12-14,32708,5068216
PRT,2020-12-15,41983,5110199
PRT,2020-12-16,42225,5152424
PRT,2020-12-17,42711,5195135
PRT,2020-12-18,43525,5238660
PRT,2020-12-19,31664,5270324
PRT,2020-12-20,18383,5288707
PRT,2020-12-21,40576,5329283
PRT,2020-12-22,53178,5382461
PRT,2020-12-23,59267,5441728
PRT,2020-12-24,33645,5475373
PRT,2020-12-25,8804,5484177
PRT,2020-12-26,19922,5504099
PRT,2020-12-27,17441,5521540
PRT,2020-12-28,34088,5555628
PRT,2020-12-29,44884,5600512
PRT,2020-12-30,44546,5645058
PRT,2020-12-31,36734,5681792
PRT,2021-01-01,13937,5695729
PRT,2021-01-02,32711,5728440
PRT,2021-01-03,20866,5749306
PRT,2021-01-04,45075,5794381
PRT,2021-01-05,55723,5850104
PRT,2021-01-06,55788,5905892
PRT,2021-01-07,54836,5960728
PRT,2021-01-08,56216,6016944
PRT,2021-01-09,43775,6060719
PRT,2021-01-10,24980,6085699
PRT,2021-01-11,47696,6133395
PRT,2021-01-12,58243,6191638
PRT,2021-01-13,58861,6250499
PRT,2021-01-14,60144,6310643
PRT,2021-01-15,62507,6373150
PRT,2021-01-16,50768,6423918
PRT,2021-01-17,31199,6455117
PRT,2021-01-18,53201,6508318
PRT,2021-01-19,72116,6580434
PRT,2021-01-20,75516,6655950
PRT,2021-01-21,70818,6726768
PRT,2021-01-22,77057,6803825
PRT,2021-01-23,63079,6866904
PRT,2021-01-24,38321,6905225
PRT,2021-01-25,55558,6960783
PRT,2021-01-26,74608,7035391
PRT,2021-01-27,71552,7106943
PRT,2021-01-28,69769,7176712
PRT,2021-01-29,68205,7244917
PRT,2021-01-30,51500,7296417
PRT,2021-01-31,25623,7322040
PRT,2021-02-01,47369,7369409
PRT,2021-02-02,57995,7427404
PRT,2021-02-03,53401,7480805
PRT,2021-02-04,50384,7531189
PRT,2021-02-05,49625,7580814
PRT,2021-02-06,30356,7611170
PRT,2021-02-07,15085,7626255
PRT,2021-02-08,34923,7661178
PRT,2021-02-09,38694,7699872
PRT,2021-02-10,37621,7737493
PRT,2021-02-11,37347,7774840
PRT,2021-02-12,38752,7813592
PRT,2021-02-13,21483,7835075
PRT,2021-02-14,12100,7847175
PRT,2021-02-15,33135,7880310
PRT,2021-02-16,32083,7912393
PRT,2021-02-17,34354,7946747
PRT,2021-02-18,33985,7980732
PRT,2021-02-19,33887,8014619
PRT,2021-02-20,21848,8036467
PRT,2021-02-21,10854,8047321
PRT,2021-02-22,31296,8078617
PRT,2021-02-23,31577,8110194
PRT,2021-02-24,31235,8141429
PRT,2021-02-25,30974,8172403
PRT,2021-02-26,32910,8205313
PRT,2021-02-27,20380,8225693
PRT,2021-02-28,11439,8237132
PRT,2021-03-01,26639,8263771
PRT,2021-03-02,29735,8293506
PRT,2021-03-03,29388,8322894
PRT,2021-03-04,28081,8350975
PRT,2021-03-05,28636,8379611
PRT,2021-03-06,19891,8399502
PRT,2021-03-07,9396,8408898
PRT,2021-03-08,25303,8434201
PRT,2021-03-09,24513,8458714
PRT,2021-03-10,26627,8485341
PRT,2021-03-11,24313,8509654
PRT,2021-03-12,27281,8536935
PRT,2021-03-13,21016,8557951
PRT,2021-03-14,9709,8567660
PRT,2021-03-15,26427,8594087
PRT,2021-03-16,41394,8635481
PRT,2021-03-17,48102,8683583
PRT,2021-03-18,52896,8736479
PRT,2021-03-19,53485,8789964
PRT,2021-03-20,33514,8823478
PRT,2021-03-21,10254,8833732
PRT,2021-03-22,30283,8864015
PRT,2021-03-23,31200,8895215
PRT,2021-03-24,29256,8924471
PRT,2021-03-25,27478,8951949
PRT,2021-03-26,30147,8982096
PRT,2021-03-27,22158,9004254
PRT,2021-03-28,10845,9015099
PRT,2021-03-29,30192,9045291
PRT,2021-03-30,29244,9074535
PRT,2021-03-31,28880,9103415
PRT,2021-04-01,28742,9132157
PRT,2021-04-02,14921,9147078
PRT,2021-04-03,23135,9170213
PRT,2021-04-04,12404,9182617
PRT,2021-04-05,59246,9241863
PRT,2021-04-06,63682,9305545
PRT,2021-04-07,63338,9368883
PRT,2021-04-08,58289,9427172
PRT,2021-04-09,60156,9487328
PRT,2021-04-10,31800,9519128
PRT,2021-04-11,12842,9531970
PRT,2021-04-12,38795,9570765
PRT,2021-04-13,41484,9612249
PRT,2021-04-14,41634,9653883
PRT,2021-04-15,42082,9695965
PRT,2021-04-16,47052,9743017
PRT,2021-04-17,31461,9774478
PRT,2021-04-18,14429,9788907
PRT,2021-04-19,78716,9867623
PRT,2021-04-20,96934,9964557
PRT,2021-04-21,98744,10063301
PRT,2021-04-22,98063,10161364
PRT,2021-04-23,88546,10249910
PRT,2021-04-24,41386,10291296
PRT,2021-04-25,14485,10305781
PRT,2021-04-26,53464,10359245
PRT,2021-04-27,57452,10416697
PRT,2021-04-28,53345,10470042
PRT,2021-04-29,54101,10524143
PRT,2021-04-30,64169,10588312
PRT,2021-05-01,31454,10619766
PRT,2021-05-02,17140,10636906
PRT,2021-05-03,52011,10688917
PRT,2021-05-04,52560,10741477
PRT,2021-05-05,49255,10790732
PRT,2021-05-06,48583,10839315
PRT,2021-05-07,47849,10887164
PRT,2021-05-08,31498,10918662
PRT,2021-05-09,15940,10934602
PRT,2021-05-10,39435,10974037
PRT,2021-05-11,41873,11015910
PRT,2021-05-12,43813,11059723
PRT,2021-05-13,40249,11099972
PRT,2021-05-14,46370,11146342
PRT,2021-05-15,30962,11177304
PRT,2021-05-16,15707,11193011
PRT,2021-05-17,43293,11236304
PRT,2021-05-18,41470,11277774
PRT,2021-05-19,44399,11322173
PRT,2021-05-20,44577,11366750
PRT,2021-05-21,45378,11412128
PRT,2021-05-22,33560,11445688
PRT,2021-05-23,16152,11461840
PRT,2021-05-24,42680,11504520
PRT,2021-05-25,43590,11548110
PRT,2021-05-26,50409,11598519
PRT,2021-05-27,53947,11652466
PRT,2021-05-28,59275,11711741
PRT,2021-05-29,43319,11755060
PRT,2021-05-30,20369,11775429
PRT,2021-05-31,49817,11825246
PRT,2021-06-01,58628,11883874
PRT,2021-06-02,56403,11940277
PRT,2021-06-03,34517,11974794
PRT,2021-06-04,52424,12027218
PRT,2021-06-05,47667,12074885
PRT,2021-06-06,20912,12095797
PRT,2021-06-07,48805,12144602
PRT,2021-06-08,53796,12198398
PRT,2021-06-09,52961,12251359
PRT,2021-06-10,27378,12278737
PRT,2021-06-11,47253,12325990
PRT,2021-06-12,39162,12365152
PRT,2021-06-13,18572,12383724
PRT,2021-06-14,49770,12433494
PRT,2021-06-15,55532,12489026
PRT,2021-06-16,54456,12543482
PRT,2021-06-17,65493,12608975
PRT,2021-06-18,75479,12684454
PRT,2021-06-19,47004,12731458
PRT,2021-06-20,20699,12752157
PRT,2021-06-21,55004,12807161
PRT,2021-06-22,63258,12870419
PRT,2021-06-23,65348,12935767
PRT,2021-06-24,59649,12995416
PRT,2021-06-25,72004,13067420
PRT,2021-06-26,48745,13116165
QAT,2020-03-12,0,0
QAT,2020-03-13,0,0
QAT,2020-03-14,0,0
QAT,2020-03-15,1162,1162
QAT,2020-03-16,425,1587
QAT,2020-03-17,172,1759
QAT,2020-03-18,326,2085
QAT,2020-03-19,587,2672
QAT,2020-03-20,456,3128
QAT,2020-03-21,442,3570
QAT,2020-03-22,499,4069
QAT,2020-03-23,497,4566
QAT,2020-03-24,177,4743
QAT,2020-03-25,727,5470
QAT,2020-03-26,1423,6893
QAT,2020-03-27,1164,8057
QAT,2020-03-28,1737,9794
QAT,2020-03-29,2295,12089
QAT,2020-03-30,1181,13270
QAT,2020-03-31,2291,15561
QAT,2020-04-01,2476,18037
QAT,2020-04-02,1435,19472
QAT,2020-04-03,2153,21625
QAT,2020-04-04,3538,25163
QAT,2020-04-05,3806,28969
QAT,2020-04-06,2351,31320
QAT,2020-04-07,3710,35030
QAT,2020-04-08,0,35030
QAT,2020-04-09,0,35030
QAT,2020-04-10,2195,37225
QAT,2020-04-11,2412,39637
QAT,2020-04-12,1351,40988
QAT,2020-04-13,1726,42714
QAT,2020-04-14,1794,44508
QAT,2020-04-15,1862,46370
QAT,2020-04-16,1897,48267
QAT,2020-04-17,1947,50214
QAT,2020-04-18,1811,52025
QAT,2020-04-19,2399,54424
QAT,2020-04-20,2082,56506
QAT,2020-04-21,2105,58611
QAT,2020-04-22,3287,61898
QAT,2020-04-23,3445,65343
QAT,2020-04-24,2431,67774
QAT,2020-04-25,3817,71591
QAT,2020-04-26,2584,74175
QAT,2020-04-27,3420,77595
QAT,2020-04-28,2898,80493
QAT,2020-04-29,2808,83301
QAT,2020-04-30,3085,86386
QAT,2020-05-01,3226,89612
QAT,2020-05-02,4002,93614
QAT,2020-05-03,2707,96321
QAT,2020-05-04,2360,98681
QAT,2020-05-05,2967,101648
QAT,2020-05-06,3201,104849
QAT,2020-05-07,3532,108381
QAT,2020-05-08,3963,112344
QAT,2020-05-09,4096,116440
QAT,2020-05-10,3215,119655
QAT,2020-05-11,3275,122930
QAT,2020-05-12,4250,127180
QAT,2020-05-13,3833,131013
QAT,2020-05-14,4811,135824
QAT,2020-05-15,4235,140059
QAT,2020-05-16,4531,144590
QAT,2020-05-17,4866,149456
QAT,2020-05-18,4125,153581
QAT,2020-05-19,4487,158068
QAT,2020-05-20,4255,162323
QAT,2020-05-21,5045,167368
QAT,2020-05-22,5160,172528
QAT,2020-05-23,4152,176680
QAT,2020-05-24,3349,180029
QAT,2020-05-25,4341,184370
QAT,2020-05-26,3927,188297
QAT,2020-05-27,4769,193066
QAT,2020-05-28,5853,198919
QAT,2020-05-29,5864,204783
QAT,2020-05-30,5091,209874
QAT,2020-05-31,4081,213955
QAT,2020-06-01,3850,217805
QAT,2020-06-02,5179,222984
QAT,2020-06-03,5339,228323
QAT,2020-06-04,4649,232972
QAT,2020-06-05,5276,238248
QAT,2020-06-06,5029,243277
QAT,2020-06-07,4142,247419
QAT,2020-06-08,4113,251532
QAT,2020-06-09,5389,256921
QAT,2020-06-10,4929,261850
QAT,2020-06-11,4829,266679
QAT,2020-06-12,5862,272541
QAT,2020-06-13,6175,278716
QAT,2020-06-14,3884,282600
QAT,2020-06-15,4624,287224
QAT,2020-06-16,5161,292385
QAT,2020-06-17,4302,296687
QAT,2020-06-18,4869,301556
QAT,2020-06-19,3831,305387
QAT,2020-06-20,4193,309580
QAT,2020-06-21,3098,312678
QAT,2020-06-22,3778,316456
QAT,2020-06-23,4371,320827
QAT,2020-06-24,4231,325058
QAT,2020-06-25,4324,329382
QAT,2020-06-26,4418,333800
QAT,2020-06-27,3777,337577
QAT,2020-06-28,3462,341039
QAT,2020-06-29,3506,344545
QAT,2020-06-30,4173,348718
QAT,2020-07-01,3670,352388
QAT,2020-07-02,5593,357981
QAT,2020-07-03,5910,363891
QAT,2020-07-04,4876,368767
QAT,2020-07-05,4553,373320
QAT,2020-07-06,4677,377997
QAT,2020-07-07,4886,382883
QAT,2020-07-08,5202,388085
QAT,2020-07-09,4568,392653
QAT,2020-07-10,4101,396754
QAT,2020-07-11,4251,401005
QAT,2020-07-12,3563,404568
QAT,2020-07-13,3645,408213
QAT,2020-07-14,4322,412535
QAT,2020-07-15,4209,416744
QAT,2020-07-16,5803,422547
QAT,2020-07-17,4923,427470
QAT,2020-07-18,3406,430876
QAT,2020-07-19,2710,433586
QAT,2020-07-20,4336,437922
QAT,2020-07-21,5132,443054
QAT,2020-07-22,4630,447684
QAT,2020-07-23,3525,451209
QAT,2020-07-24,5351,456560
QAT,2020-07-25,4326,460886
QAT,2020-07-26,3442,464328
QAT,2020-07-27,4752,469080
QAT,2020-07-28,4736,473816
QAT,2020-07-29,5505,479321
QAT,2020-07-30,5134,484455
QAT,2020-07-31,2808,487263
QAT,2020-08-01,3289,490552
QAT,2020-08-02,1870,492422
QAT,2020-08-03,2256,494678
QAT,2020-08-04,2356,497034
QAT,2020-08-05,2931,499965
QAT,2020-08-06,2921,502886
QAT,2020-08-07,2930,505816
QAT,2020-08-08,2895,508711
QAT,2020-08-09,3535,512246
QAT,2020-08-10,4106,516352
QAT,2020-08-11,4823,521175
QAT,2020-08-12,4706,525881
QAT,2020-08-13,4607,530488
QAT,2020-08-14,3916,534404
QAT,2020-08-15,3767,538171
QAT,2020-08-16,4988,543159
QAT,2020-08-17,4697,547856
QAT,2020-08-18,5020,552876
QAT,2020-08-19,5023,557899
QAT,2020-08-20,6260,564159
QAT,2020-08-21,4849,569008
QAT,2020-08-22,7001,576009
QAT,2020-08-23,5797,581806
QAT,2020-08-24,4295,586101
QAT,2020-08-25,5232,591333
QAT,2020-08-26,4665,595998
QAT,2020-08-27,5146,601144
QAT,2020-08-28,5096,606240
QAT,2020-08-29,5774,612014
QAT,2020-08-30,4481,616495
QAT,2020-08-31,5222,621717
QAT,2020-09-01,4914,626631
QAT,2020-09-02,4997,631628
QAT,2020-09-03,5162,636790
QAT,2020-09-04,5344,642134
QAT,2020-09-05,4725,646859
QAT,2020-09-06,5035,651894
QAT,2020-09-07,3640,655534
QAT,2020-09-08,4288,659822
QAT,2020-09-09,4163,663985
QAT,2020-09-10,4071,668056
QAT,2020-09-11,4463,672519
QAT,2020-09-12,5206,677725
QAT,2020-09-13,5192,682917
QAT,2020-09-14,4396,687313
QAT,2020-09-15,4987,692300
QAT,2020-09-16,4568,696868
QAT,2020-09-17,4150,701018
QAT,2020-09-18,5051,706069
QAT,2020-09-19,4874,710943
QAT,2020-09-20,5020,715963
QAT,2020-09-21,5468,721431
QAT,2020-09-22,4596,726027
QAT,2020-09-23,4950,730977
QAT,2020-09-24,6039,737016
QAT,2020-09-25,5974,742990
QAT,2020-09-26,4261,747251
QAT,2020-09-27,4902,752153
QAT,2020-09-28,4658,756811
QAT,2020-09-29,5288,762099
QAT,2020-09-30,5701,767800
QAT,2020-10-01,5214,773014
QAT,2020-10-02,5096,778110
QAT,2020-10-03,5200,783310
QAT,2020-10-04,4344,787654
QAT,2020-10-05,4751,792405
QAT,2020-10-06,4846,797251
QAT,2020-10-07,4662,801913
QAT,2020-10-08,4994,806907
QAT,2020-10-09,5347,812254
QAT,2020-10-10,5143,817397
QAT,2020-10-11,6430,823827
QAT,2020-10-12,5545,829372
QAT,2020-10-13,6079,835451
QAT,2020-10-14,6173,841624
QAT,2020-10-15,5416,847040
QAT,2020-10-16,6082,853122
QAT,2020-10-17,8621,861743
QAT,2020-10-18,7485,869228
QAT,2020-10-19,8844,878072
QAT,2020-10-20,6748,884820
QAT,2020-10-21,6505,891325
QAT,2020-10-22,9444,900769
QAT,2020-10-23,9665,910434
QAT,2020-10-24,9032,919466
QAT,2020-10-25,0,919466
QAT,2020-10-26,0,919466
QAT,2020-10-27,6013,925479
QAT,2020-10-28,10044,935523
QAT,2020-10-29,5314,940837
QAT,2020-10-30,5810,946647
QAT,2020-10-31,4331,950978
QAT,2020-11-01,3481,954459
QAT,2020-11-02,5301,959760
QAT,2020-11-03,5680,965440
QAT,2020-11-04,5467,970907
QAT,2020-11-05,6029,976936
QAT,2020-11-06,5562,982498
QAT,2020-11-07,3997,986495
QAT,2020-11-08,4781,991276
QAT,2020-11-09,5288,996564
QAT,2020-11-10,4389,1000953
QAT,2020-11-11,5135,1006088
QAT,2020-11-12,5300,1011388
QAT,2020-11-13,4770,1016158
QAT,2020-11-14,4163,1020321
QAT,2020-11-15,3955,1024276
QAT,2020-11-16,5013,1029289
QAT,2020-11-17,4577,1033866
QAT,2020-11-18,4637,1038503
QAT,2020-11-19,4703,1043206
QAT,2020-11-20,4352,1047558
QAT,2020-11-21,0,1047558
QAT,2020-11-22,0,1047558
QAT,2020-11-23,4194,1051752
QAT,2020-11-24,4151,1055903
QAT,2020-11-25,3709,1059612
QAT,2020-11-26,4755,1064367
QAT,2020-11-27,3612,1067979
QAT,2020-11-28,3877,1071856
QAT,2020-11-29,3212,1075068
QAT,2020-11-30,4352,1079420
QAT,2020-12-01,3651,1083071
QAT,2020-12-02,4625,1087696
QAT,2020-12-03,4962,1092658
QAT,2020-12-04,4017,1096675
QAT,2020-12-05,3390,1100065
QAT,2020-12-06,3350,1103415
QAT,2020-12-07,4030,1107445
QAT,2020-12-08,4529,1111974
QAT,2020-12-09,4700,1116674
QAT,2020-12-10,5235,1121909
QAT,2020-12-11,4847,1126756
QAT,2020-12-12,3354,1130110
QAT,2020-12-13,3897,1134007
QAT,2020-12-14,4912,1138919
QAT,2020-12-15,3904,1142823
QAT,2020-12-16,4205,1147028
QAT,2020-12-17,5266,1152294
QAT,2020-12-18,4470,1156764
QAT,2020-12-19,2521,1159285
QAT,2020-12-20,3899,1163184
QAT,2020-12-21,3611,1166795
QAT,2020-12-22,3467,1170262
QAT,2020-12-23,4087,1174349
QAT,2020-12-24,4454,1178803
QAT,2020-12-25,4097,1182900
QAT,2020-12-26,3507,1186407
QAT,2020-12-27,4080,1190487
QAT,2020-12-28,3991,1194478
QAT,2020-12-29,4402,1198880
QAT,2020-12-30,4303,1203183
QAT,2020-12-31,5213,1208396
QAT,2021-01-01,3449,1211845
QAT,2021-01-02,3511,1215356
QAT,2021-01-03,4067,1219423
QAT,2021-01-04,4764,1224187
QAT,2021-01-05,4759,1228946
QAT,2021-01-06,4706,1233652
QAT,2021-01-07,6104,1239756
QAT,2021-01-08,5587,1245343
QAT,2021-01-09,4001,1249344
QAT,2021-01-10,4313,1253657
QAT,2021-01-11,4667,1258324
QAT,2021-01-12,4726,1263050
QAT,2021-01-13,4993,1268043
QAT,2021-01-14,5424,1273467
QAT,2021-01-15,5283,1278750
QAT,2021-01-16,2664,1281414
QAT,2021-01-17,3545,1284959
QAT,2021-01-18,5203,1290162
QAT,2021-01-19,5075,1295237
QAT,2021-01-20,5578,1300815
QAT,2021-01-21,6221,1307036
QAT,2021-01-22,4426,1311462
QAT,2021-01-23,3159,1314621
QAT,2021-01-24,5153,1319774
QAT,2021-01-25,4873,1324647
QAT,2021-01-26,5124,1329771
QAT,2021-01-27,6183,1335954
QAT,2021-01-28,5478,1341432
QAT,2021-01-29,5224,1346656
QAT,2021-01-30,0,1346656
QAT,2021-01-31,0,1346656
QAT,2021-02-01,5211,1351867
QAT,2021-02-02,5858,1357725
QAT,2021-02-03,6952,1364677
QAT,2021-02-04,7509,1372186
QAT,2021-02-05,5307,1377493
QAT,2021-02-06,2846,1380339
QAT,2021-02-07,5535,1385874
QAT,2021-02-08,5348,1391222
QAT,2021-02-09,5323,1396545
QAT,2021-02-10,5297,1401842
QAT,2021-02-11,5494,1407336
QAT,2021-02-12,6066,1413402
QAT,2021-02-13,4386,1417788
QAT,2021-02-14,5678,1423466
QAT,2021-02-15,5340,1428806
QAT,2021-02-16,5276,1434082
QAT,2021-02-17,5575,1439657
QAT,2021-02-18,5413,1445070
QAT,2021-02-19,4842,1449912
QAT,2021-02-20,3742,1453654
QAT,2021-02-21,4844,1458498
QAT,2021-02-22,5385,1463883
QAT,2021-02-23,4846,1468729
QAT,2021-02-24,5554,1474283
QAT,2021-02-25,5746,1480029
QAT,2021-02-26,5646,1485675
QAT,2021-02-27,4787,1490462
QAT,2021-02-28,5733,1496195
QAT,2021-03-01,6373,1502568
QAT,2021-03-02,6363,1508931
QAT,2021-03-03,6337,1515268
QAT,2021-03-04,6901,1522169
QAT,2021-03-05,5036,1527205
QAT,2021-03-06,4550,1531755
QAT,2021-03-07,5431,1537186
QAT,2021-03-08,6283,1543469
QAT,2021-03-09,5824,1549293
QAT,2021-03-10,6311,1555604
QAT,2021-03-11,6326,1561930
QAT,2021-03-12,6833,1568763
QAT,2021-03-13,4495,1573258
QAT,2021-03-14,7497,1580755
QAT,2021-03-15,6742,1587497
QAT,2021-03-16,5915,1593412
QAT,2021-03-17,7006,1600418
QAT,2021-03-18,6374,1606792
QAT,2021-03-19,6235,1613027
QAT,2021-03-20,5385,1618412
QAT,2021-03-21,6483,1624895
QAT,2021-03-22,5992,1630887
QAT,2021-03-23,7063,1637950
QAT,2021-03-24,7034,1644984
QAT,2021-03-25,7716,1652700
QAT,2021-03-26,6556,1659256
QAT,2021-03-27,5741,1664997
QAT,2021-03-28,6172,1671169
QAT,2021-03-29,6967,1678136
QAT,2021-03-30,7499,1685635
QAT,2021-03-31,7203,1692838
QAT,2021-04-01,7030,1699868
QAT,2021-04-02,7870,1707738
QAT,2021-04-03,4720,1712458
QAT,2021-04-04,6591,1719049
QAT,2021-04-05,5542,1724591
QAT,2021-04-06,7077,1731668
QAT,2021-04-07,7446,1739114
QAT,2021-04-08,5639,1744753
QAT,2021-04-09,5900,1750653
QAT,2021-04-10,4909,1755562
QAT,2021-04-11,5137,1760699
QAT,2021-04-12,6274,1766973
QAT,2021-04-13,5643,1772616
QAT,2021-04-14,5704,1778320
QAT,2021-04-15,4988,1783308
QAT,2021-04-16,5617,1788925
QAT,2021-04-17,4043,1792968
QAT,2021-04-18,5322,1798290
QAT,2021-04-19,4545,1802835
QAT,2021-04-20,4970,1807805
QAT,2021-04-21,4998,1812803
QAT,2021-04-22,7893,1820696
QAT,2021-04-23,7743,1828439
QAT,2021-04-24,5603,1834042
QAT,2021-04-25,0,1834042
QAT,2021-04-26,0,1834042
QAT,2021-04-27,4532,1838574
QAT,2021-04-28,4412,1842986
QAT,2021-04-29,5485,1848471
QAT,2021-04-30,4821,1853292
QAT,2021-05-01,4805,1858097
QAT,2021-05-02,4410,1862507
QAT,2021-05-03,4882,1867389
QAT,2021-05-04,5383,1872772
QAT,2021-05-05,4427,1877199
QAT,2021-05-06,4801,1882000
QAT,2021-05-07,4584,1886584
QAT,2021-05-08,3967,1890551
QAT,2021-05-09,3940,1894491
QAT,2021-05-10,4239,1898730
QAT,2021-05-11,4823,1903553
QAT,2021-05-12,3805,1907358
QAT,2021-05-13,3709,1911067
QAT,2021-05-14,2911,1913978
QAT,2021-05-15,2756,1916734
QAT,2021-05-16,3446,1920180
QAT,2021-05-17,3086,1923266
QAT,2021-05-18,3313,1926579
QAT,2021-05-19,4140,1930719
QAT,2021-05-20,3842,1934561
QAT,2021-05-21,3428,1937989
QAT,2021-05-22,3119,1941108
QAT,2021-05-23,3514,1944622
QAT,2021-05-24,3453,1948075
QAT,2021-05-25,3252,1951327
QAT,2021-05-26,3922,1955249
QAT,2021-05-27,3847,1959096
QAT,2021-05-28,3273,1962369
QAT,2021-05-29,3755,1966124
QAT,2021-05-30,3594,1969718
QAT,2021-05-31,4268,1973986
QAT,2021-06-01,3603,1977589
QAT,2021-06-02,3976,1981565
QAT,2021-06-03,4414,1985979
QAT,2021-06-04,4385,1990364
QAT,2021-06-05,3942,1994306
QAT,2021-06-06,4352,1998658
QAT,2021-06-07,4131,2002789
QAT,2021-06-08,3247,2006036
QAT,2021-06-09,5693,2011729
QAT,2021-06-10,5312,2017041
QAT,2021-06-11,4315,2021356
QAT,2021-06-12,4098,2025454
QAT,2021-06-13,4461,2029915
QAT,2021-06-14,4428,2034343
QAT,2021-06-15,5402,2039745
QAT,2021-06-16,3997,2043742
QAT,2021-06-17,5805,2049547
QAT,2021-06-18,5380,2054927
QAT,2021-06-19,5255,2060182
QAT,2021-06-20,5291,2065473
QAT,2021-06-21,5671,2071144
QAT,2021-06-22,4868,2076012
QAT,2021-06-23,4751,2080763
QAT,2021-06-24,5780,2086543
QAT,2021-06-25,4649,2091192
QAT,2021-06-26,4106,2095298
QAT,2021-06-27,4266,2099564
QAT,2021-06-28,5246,2104810
ROU,2020-03-12,0,0
ROU,2020-03-13,624,624
ROU,2020-03-14,384,1008
ROU,2020-03-15,276,1284
ROU,2020-03-16,503,1787
ROU,2020-03-17,442,2229
ROU,2020-03-18,520,2749
ROU,2020-03-19,303,3052
ROU,2020-03-20,3311,6363
ROU,2020-03-21,631,6994
ROU,2020-03-22,1052,8046
ROU,2020-03-23,1256,9302
ROU,2020-03-24,1401,10703
ROU,2020-03-25,1842,12545
ROU,2020-03-26,1532,14077
ROU,2020-03-27,1455,15532
ROU,2020-03-28,2210,17742
ROU,2020-03-29,1797,19539
ROU,2020-03-30,1643,21182
ROU,2020-03-31,1551,22733
ROU,2020-04-01,1955,24688
ROU,2020-04-02,1874,26562
ROU,2020-04-03,3174,29736
ROU,2020-04-04,4435,34171
ROU,2020-04-05,2531,36702
ROU,2020-04-06,2364,39066
ROU,2020-04-07,2591,41657
ROU,2020-04-08,3629,45286
ROU,2020-04-09,4595,49881
ROU,2020-04-10,3628,53509
ROU,2020-04-11,3842,57351
ROU,2020-04-12,3056,60407
ROU,2020-04-13,4876,65283
ROU,2020-04-14,2893,68176
ROU,2020-04-15,4730,72906
ROU,2020-04-16,4802,77708
ROU,2020-04-17,6176,83884
ROU,2020-04-18,5186,89070
ROU,2020-04-19,2620,91690
ROU,2020-04-20,4880,96570
ROU,2020-04-21,3061,99631
ROU,2020-04-22,4805,104436
ROU,2020-04-23,6979,111415
ROU,2020-04-24,8266,119681
ROU,2020-04-25,5043,124724
ROU,2020-04-26,9873,134597
ROU,2020-04-27,7316,141913
ROU,2020-04-28,6475,148388
ROU,2020-04-29,16684,165072
ROU,2020-04-30,8381,173453
ROU,2020-05-01,8314,181767
ROU,2020-05-02,6852,188619
ROU,2020-05-03,4968,193587
ROU,2020-05-04,3560,197147
ROU,2020-05-05,6774,203921
ROU,2020-05-06,11297,215218
ROU,2020-05-07,9474,224692
ROU,2020-05-08,10667,235359
ROU,2020-05-09,10776,246135
ROU,2020-05-10,8693,254828
ROU,2020-05-11,5470,260298
ROU,2020-05-12,6964,267262
ROU,2020-05-13,8621,275883
ROU,2020-05-14,8413,284296
ROU,2020-05-15,8384,292680
ROU,2020-05-16,9133,301813
ROU,2020-05-17,6673,308486
ROU,2020-05-18,3214,311700
ROU,2020-05-19,8453,320153
ROU,2020-05-20,10413,330566
ROU,2020-05-21,9979,340545
ROU,2020-05-22,10181,350726
ROU,2020-05-23,8919,359645
ROU,2020-05-24,6916,366561
ROU,2020-05-25,8709,375270
ROU,2020-05-26,8537,383807
ROU,2020-05-27,11835,395642
ROU,2020-05-28,12437,408079
ROU,2020-05-29,11451,419530
ROU,2020-05-30,4368,423898
ROU,2020-05-31,13378,437276
ROU,2020-06-01,4055,441331
ROU,2020-06-02,0,441331
ROU,2020-06-03,0,441331
ROU,2020-06-04,13445,454776
ROU,2020-06-05,11932,466708
ROU,2020-06-06,11626,478334
ROU,2020-06-07,6792,485126
ROU,2020-06-08,2915,488041
ROU,2020-06-09,5180,493221
ROU,2020-06-10,9269,502490
ROU,2020-06-11,11055,513545
ROU,2020-06-12,0,513545
ROU,2020-06-13,0,513545
ROU,2020-06-14,7926,521471
ROU,2020-06-15,3682,525153
ROU,2020-06-16,9360,534513
ROU,2020-06-17,11715,546228
ROU,2020-06-18,12343,558571
ROU,2020-06-19,11075,569646
ROU,2020-06-20,11226,580872
ROU,2020-06-21,6333,587205
ROU,2020-06-22,4044,591249
ROU,2020-06-23,8948,600197
ROU,2020-06-24,0,600197
ROU,2020-06-25,0,600197
ROU,2020-06-26,11824,612021
ROU,2020-06-27,1877,613898
ROU,2020-06-28,17650,631548
ROU,2020-06-29,4779,636327
ROU,2020-06-30,10424,646751
ROU,2020-07-01,12585,659336
ROU,2020-07-02,12524,671860
ROU,2020-07-03,12371,684231
ROU,2020-07-04,11445,695676
ROU,2020-07-05,0,695676
ROU,2020-07-06,0,695676
ROU,2020-07-07,16469,712145
ROU,2020-07-08,13147,725292
ROU,2020-07-09,13179,738471
ROU,2020-07-10,14680,753151
ROU,2020-07-11,14610,767761
ROU,2020-07-12,8633,776394
ROU,2020-07-13,6655,783049
ROU,2020-07-14,0,783049
ROU,2020-07-15,0,783049
ROU,2020-07-16,19097,802146
ROU,2020-07-17,18986,821132
ROU,2020-07-18,18732,839864
ROU,2020-07-19,14889,854753
ROU,2020-07-20,8570,863323
ROU,2020-07-21,17204,880527
ROU,2020-07-22,24877,905404
ROU,2020-07-23,21419,926823
ROU,2020-07-24,22964,949787
ROU,2020-07-25,34127,983914
ROU,2020-07-26,15118,999032
ROU,2020-07-27,28798,1027830
ROU,2020-07-28,22529,1050359
ROU,2020-07-29,23402,1073761
ROU,2020-07-30,24977,1098738
ROU,2020-07-31,23451,1122189
ROU,2020-08-01,14215,1136404
ROU,2020-08-02,8045,1144449
ROU,2020-08-03,20581,1165030
ROU,2020-08-04,0,1165030
ROU,2020-08-05,0,1165030
ROU,2020-08-06,24147,1189177
ROU,2020-08-07,23946,1213123
ROU,2020-08-08,21444,1234567
ROU,2020-08-09,13968,1248535
ROU,2020-08-10,6607,1255142
ROU,2020-08-11,19511,1274653
ROU,2020-08-12,22781,1297434
ROU,2020-08-13,22643,1320077
ROU,2020-08-14,27787,1347864
ROU,2020-08-15,23986,1371850
ROU,2020-08-16,11846,1383696
ROU,2020-08-17,6862,1390558
ROU,2020-08-18,21344,1411902
ROU,2020-08-19,24538,1436440
ROU,2020-08-20,24383,1460823
ROU,2020-08-21,25363,1486186
ROU,2020-08-22,22992,1509178
ROU,2020-08-23,13274,1522452
ROU,2020-08-24,6491,1528943
ROU,2020-08-25,20479,1549422
ROU,2020-08-26,25754,1575176
ROU,2020-08-27,25052,1600228
ROU,2020-08-28,26500,1626728
ROU,2020-08-29,24043,1650771
ROU,2020-08-30,14670,1665441
ROU,2020-08-31,7313,1672754
ROU,2020-09-01,22326,1695080
ROU,2020-09-02,26816,1721896
ROU,2020-09-03,23975,1745871
ROU,2020-09-04,0,1745871
ROU,2020-09-05,0,1745871
ROU,2020-09-06,37251,1783122
ROU,2020-09-07,7247,1790369
ROU,2020-09-08,20552,1810921
ROU,2020-09-09,24297,1835218
ROU,2020-09-10,25185,1860403
ROU,2020-09-11,26149,1886552
ROU,2020-09-12,24939,1911491
ROU,2020-09-13,14784,1926275
ROU,2020-09-14,7331,1933606
ROU,2020-09-15,21049,1954655
ROU,2020-09-16,26520,1981175
ROU,2020-09-17,0,1981175
ROU,2020-09-18,0,1981175
ROU,2020-09-19,24148,2005323
ROU,2020-09-20,13391,2018714
ROU,2020-09-21,7940,2026654
ROU,2020-09-22,21978,2048632
ROU,2020-09-23,24745,2073377
ROU,2020-09-24,24703,2098080
ROU,2020-09-25,25494,2123574
ROU,2020-09-26,24328,2147902
ROU,2020-09-27,13528,2161430
ROU,2020-09-28,6162,2167592
ROU,2020-09-29,21330,2188922
ROU,2020-09-30,26021,2214943
ROU,2020-10-01,25797,2240740
ROU,2020-10-02,26011,2266751
ROU,2020-10-03,0,2266751
ROU,2020-10-04,0,2266751
ROU,2020-10-05,6537,2273288
ROU,2020-10-06,0,2273288
ROU,2020-10-07,0,2273288
ROU,2020-10-08,30191,2303479
ROU,2020-10-09,29282,2332761
ROU,2020-10-10,29284,2362045
ROU,2020-10-11,15709,2377754
ROU,2020-10-12,10051,2387805
ROU,2020-10-13,26718,2414523
ROU,2020-10-14,31318,2445841
ROU,2020-10-15,29857,2475698
ROU,2020-10-16,30431,2506129
ROU,2020-10-17,31767,2537896
ROU,2020-10-18,19507,2557403
ROU,2020-10-19,8040,2565443
ROU,2020-10-20,29845,2595288
ROU,2020-10-21,37025,2632313
ROU,2020-10-22,34356,2666669
ROU,2020-10-23,41348,2708017
ROU,2020-10-24,0,2708017
ROU,2020-10-25,0,2708017
ROU,2020-10-26,8709,2716726
ROU,2020-10-27,31828,2748554
ROU,2020-10-28,37283,2785837
ROU,2020-10-29,36169,2822006
ROU,2020-10-30,36589,2858595
ROU,2020-10-31,36181,2894776
ROU,2020-11-01,21556,2916332
ROU,2020-11-02,0,2916332
ROU,2020-11-03,0,2916332
ROU,2020-11-04,36558,2952890
ROU,2020-11-05,0,2952890
ROU,2020-11-06,0,2952890
ROU,2020-11-07,0,2952890
ROU,2020-11-08,0,2952890
ROU,2020-11-09,0,2952890
ROU,2020-11-10,0,2952890
ROU,2020-11-11,0,2952890
ROU,2020-11-12,0,2952890
ROU,2020-11-13,0,2952890
ROU,2020-11-14,37136,2990026
ROU,2020-11-15,60206,3050232
ROU,2020-11-16,11266,3061498
ROU,2020-11-17,31082,3092580
ROU,2020-11-18,37906,3130486
ROU,2020-11-19,36963,3167449
ROU,2020-11-20,36453,3203902
ROU,2020-11-21,33221,3237123
ROU,2020-11-22,20790,3257913
ROU,2020-11-23,9938,3267851
ROU,2020-11-24,30740,3298591
ROU,2020-11-25,35575,3334166
ROU,2020-11-26,36891,3371057
ROU,2020-11-27,36649,3407706
ROU,2020-11-28,33021,3440727
ROU,2020-11-29,0,3440727
ROU,2020-11-30,0,3440727
ROU,2020-12-01,14625,3455352
ROU,2020-12-02,15701,3471053
ROU,2020-12-03,32120,3503173
ROU,2020-12-04,35467,3538640
ROU,2020-12-05,32445,3571085
ROU,2020-12-06,17556,3588641
ROU,2020-12-07,8791,3597432
ROU,2020-12-08,29400,3626832
ROU,2020-12-09,31458,3658290
ROU,2020-12-10,31437,3689727
ROU,2020-12-11,30246,3719973
ROU,2020-12-12,26399,3746372
ROU,2020-12-13,14859,3761231
ROU,2020-12-14,0,3761231
ROU,2020-12-15,0,3761231
ROU,2020-12-16,44601,3805832
ROU,2020-12-17,28281,3834113
ROU,2020-12-18,27529,3861642
ROU,2020-12-19,25826,3887468
ROU,2020-12-20,0,3887468
ROU,2020-12-21,0,3887468
ROU,2020-12-22,23844,3911312
ROU,2020-12-23,25840,3937152
ROU,2020-12-24,0,3937152
ROU,2020-12-25,0,3937152
ROU,2020-12-26,0,3937152
ROU,2020-12-27,0,3937152
ROU,2020-12-28,0,3937152
ROU,2020-12-29,0,3937152
ROU,2020-12-30,24864,3962016
ROU,2020-12-31,0,3962016
ROU,2021-01-01,0,3962016
ROU,2021-01-02,4438,3966454
ROU,2021-01-03,9829,3976283
ROU,2021-01-04,9688,3985971
ROU,2021-01-05,31022,4016993
ROU,2021-01-06,34343,4051336
ROU,2021-01-07,31393,4082729
ROU,2021-01-08,39389,4122118
ROU,2021-01-09,28319,4150437
ROU,2021-01-10,15797,4166234
ROU,2021-01-11,0,4166234
ROU,2021-01-12,0,4166234
ROU,2021-01-13,28592,4194826
ROU,2021-01-14,0,4194826
ROU,2021-01-15,0,4194826
ROU,2021-01-16,0,4194826
ROU,2021-01-17,0,4194826
ROU,2021-01-18,0,4194826
ROU,2021-01-19,23060,4217886
ROU,2021-01-20,26783,4244669
ROU,2021-01-21,24552,4269221
ROU,2021-01-22,23712,4292933
ROU,2021-01-23,0,4292933
ROU,2021-01-24,0,4292933
ROU,2021-01-25,5921,4298854
ROU,2021-01-26,22197,4321051
ROU,2021-01-27,25692,4346743
ROU,2021-01-28,24847,4371590
ROU,2021-01-29,25946,4397536
ROU,2021-01-30,26669,4424205
ROU,2021-01-31,11675,4435880
ROU,2021-02-01,5801,4441681
ROU,2021-02-02,23287,4464968
ROU,2021-02-03,25550,4490518
ROU,2021-02-04,0,4490518
ROU,2021-02-05,0,4490518
ROU,2021-02-06,0,4490518
ROU,2021-02-07,0,4490518
ROU,2021-02-08,0,4490518
ROU,2021-02-09,0,4490518
ROU,2021-02-10,0,4490518
ROU,2021-02-11,0,4490518
ROU,2021-02-12,0,4490518
ROU,2021-02-13,0,4490518
ROU,2021-02-14,0,4490518
ROU,2021-02-15,5945,4496463
ROU,2021-02-16,23978,4520441
ROU,2021-02-17,27551,4547992
ROU,2021-02-18,27599,4575591
ROU,2021-02-19,26842,4602433
ROU,2021-02-20,30408,4632841
ROU,2021-02-21,12962,4645803
ROU,2021-02-22,6279,4652082
ROU,2021-02-23,23599,4675681
ROU,2021-02-24,56447,4732128
ROU,2021-02-25,0,4732128
ROU,2021-02-26,0,4732128
ROU,2021-02-27,23341,4755469
ROU,2021-02-28,12941,4768410
ROU,2021-03-01,6616,4775026
ROU,2021-03-02,23396,4798422
ROU,2021-03-03,26617,4825039
ROU,2021-03-04,26410,4851449
ROU,2021-03-05,27868,4879317
ROU,2021-03-06,25441,4904758
ROU,2021-03-07,13079,4917837
ROU,2021-03-08,7207,4925044
ROU,2021-03-09,0,4925044
ROU,2021-03-10,0,4925044
ROU,2021-03-11,0,4925044
ROU,2021-03-12,0,4925044
ROU,2021-03-13,0,4925044
ROU,2021-03-14,0,4925044
ROU,2021-03-15,0,4925044
ROU,2021-03-16,0,4925044
ROU,2021-03-17,0,4925044
ROU,2021-03-18,0,4925044
ROU,2021-03-19,0,4925044
ROU,2021-03-20,0,4925044
ROU,2021-03-21,0,4925044
ROU,2021-03-22,0,4925044
ROU,2021-03-23,0,4925044
ROU,2021-03-24,0,4925044
ROU,2021-03-25,0,4925044
ROU,2021-03-26,0,4925044
ROU,2021-03-27,25528,4950572
ROU,2021-03-28,15385,4965957
ROU,2021-03-29,8353,4974310
ROU,2021-03-30,27234,5001544
ROU,2021-03-31,29039,5030583
ROU,2021-04-01,29901,5060484
ROU,2021-04-02,29258,5089742
ROU,2021-04-03,26709,5116451
ROU,2021-04-04,15980,5132431
ROU,2021-04-05,8452,5140883
ROU,2021-04-06,24809,5165692
ROU,2021-04-07,28737,5194429
ROU,2021-04-08,29278,5223707
ROU,2021-04-09,28786,5252493
ROU,2021-04-10,26044,5278537
ROU,2021-04-11,0,5278537
ROU,2021-04-12,0,5278537
ROU,2021-04-13,23890,5302427
ROU,2021-04-14,26409,5328836
ROU,2021-04-15,26132,5354968
ROU,2021-04-16,0,5354968
ROU,2021-04-17,0,5354968
ROU,2021-04-18,0,5354968
ROU,2021-04-19,0,5354968
ROU,2021-04-20,23762,5378730
ROU,2021-04-21,24562,5403292
ROU,2021-04-22,24867,5428159
ROU,2021-04-23,24386,5452545
ROU,2021-04-24,21675,5474220
ROU,2021-04-25,12649,5486869
ROU,2021-04-26,6599,5493468
ROU,2021-04-27,22024,5515492
ROU,2021-04-28,25253,5540745
ROU,2021-04-29,25351,5566096
ROU,2021-04-30,23385,5589481
ROU,2021-05-01,11111,5600592
ROU,2021-05-02,7886,5608478
ROU,2021-05-03,2733,5611211
ROU,2021-05-04,9124,5620335
ROU,2021-05-05,24559,5644894
ROU,2021-05-06,25852,5670746
ROU,2021-05-07,26443,5697189
ROU,2021-05-08,24636,5721825
ROU,2021-05-09,14654,5736479
ROU,2021-05-10,5992,5742471
ROU,2021-05-11,23023,5765494
ROU,2021-05-12,24307,5789801
ROU,2021-05-13,22532,5812333
ROU,2021-05-14,22705,5835038
ROU,2021-05-15,21056,5856094
ROU,2021-05-16,12957,5869051
ROU,2021-05-17,6325,5875376
ROU,2021-05-18,20634,5896010
ROU,2021-05-19,21321,5917331
ROU,2021-05-20,20560,5937891
ROU,2021-05-21,22035,5959926
ROU,2021-05-22,19794,5979720
ROU,2021-05-23,13088,5992808
ROU,2021-05-24,5392,5998200
ROU,2021-05-25,20519,6018719
ROU,2021-05-26,22586,6041305
ROU,2021-05-27,20816,6062121
ROU,2021-05-28,22600,6084721
ROU,2021-05-29,19342,6104063
ROU,2021-05-30,11765,6115828
ROU,2021-05-31,4878,6120706
ROU,2021-06-01,18062,6138768
ROU,2021-06-02,10475,6149243
ROU,2021-06-03,20627,6169870
ROU,2021-06-04,21836,6191706
ROU,2021-06-05,21379,6213085
ROU,2021-06-06,11666,6224751
ROU,2021-06-07,4951,6229702
ROU,2021-06-08,18949,6248651
ROU,2021-06-09,19084,6267735
ROU,2021-06-10,20030,6287765
ROU,2021-06-11,19066,6306831
ROU,2021-06-12,17359,6324190
ROU,2021-06-13,9542,6333732
ROU,2021-06-14,5961,6339693
ROU,2021-06-15,17532,6357225
ROU,2021-06-16,18034,6375259
ROU,2021-06-17,17509,6392768
ROU,2021-06-18,20309,6413077
ROU,2021-06-19,19104,6432181
ROU,2021-06-20,12173,6444354
ROU,2021-06-21,4088,6448442
ROU,2021-06-22,8599,6457041
ROU,2021-06-23,18627,6475668
ROU,2021-06-24,17975,6493643
ROU,2021-06-25,17701,6511344
ROU,2021-06-26,14889,6526233
ROU,2021-06-27,9791,6536024
ROU,2021-06-28,4531,6540555
ROU,2021-06-29,15292,6555847
RUS,2020-03-04,0,0
RUS,2020-03-05,4952,4952
RUS,2020-03-06,4322,9274
RUS,2020-03-07,4272,13546
RUS,2020-03-08,3231,16777
RUS,2020-03-09,0,16777
RUS,2020-03-10,0,16777
RUS,2020-03-11,6362,23139
RUS,2020-03-12,0,23139
RUS,2020-03-13,0,23139
RUS,2020-03-14,10031,33170
RUS,2020-03-15,5056,38226
RUS,2020-03-16,6122,44348
RUS,2020-03-17,6793,51141
RUS,2020-03-18,10247,61388
RUS,2020-03-19,10418,71806
RUS,2020-03-20,12497,84303
RUS,2020-03-21,7513,91816
RUS,2020-03-22,2243,94059
RUS,2020-03-23,20146,114205
RUS,2020-03-24,6906,121111
RUS,2020-03-25,4427,125538
RUS,2020-03-26,26258,151796
RUS,2020-03-27,19868,171664
RUS,2020-03-28,20511,192175
RUS,2020-03-29,79635,271810
RUS,2020-03-30,0,271810
RUS,2020-03-31,0,271810
RUS,2020-04-01,129500,401310
RUS,2020-04-02,39103,440413
RUS,2020-04-03,64503,504916
RUS,2020-04-04,57398,562314
RUS,2020-04-05,61397,623711
RUS,2020-04-06,37122,660833
RUS,2020-04-07,114698,775531
RUS,2020-04-08,94498,870029
RUS,2020-04-09,88092,958121
RUS,2020-04-10,91631,1049752
RUS,2020-04-11,94305,1144057
RUS,2020-04-12,81246,1225303
RUS,2020-04-13,66021,1291324
RUS,2020-04-14,91978,1383302
RUS,2020-04-15,95421,1478723
RUS,2020-04-16,104606,1583329
RUS,2020-04-17,113873,1697202
RUS,2020-04-18,117921,1815123
RUS,2020-04-19,103506,1918629
RUS,2020-04-20,89285,2007914
RUS,2020-04-21,109935,2117849
RUS,2020-04-22,149077,2266926
RUS,2020-04-23,150384,2417310
RUS,2020-04-24,169500,2586810
RUS,2020-04-25,156199,2743009
RUS,2020-04-26,141735,2884744
RUS,2020-04-27,119824,3004568
RUS,2020-04-28,164459,3169027
RUS,2020-04-29,194591,3363618
RUS,2020-04-30,225499,3589117
RUS,2020-05-01,221711,3810828
RUS,2020-05-02,154481,3965309
RUS,2020-05-03,203244,4168553
RUS,2020-05-04,157114,4325667
RUS,2020-05-05,173374,4499041
RUS,2020-05-06,169461,4668502
RUS,2020-05-07,184276,4852778
RUS,2020-05-08,234496,5087274
RUS,2020-05-09,226499,5313773
RUS,2020-05-10,188300,5502073
RUS,2020-05-11,168641,5670714
RUS,2020-05-12,177154,5847868
RUS,2020-05-13,205544,6053412
RUS,2020-05-14,225846,6279258
RUS,2020-05-15,242392,6521650
RUS,2020-05-16,259748,6781398
RUS,2020-05-17,230926,7012324
RUS,2020-05-18,205302,7217626
RUS,2020-05-19,225713,7443339
RUS,2020-05-20,262851,7706190
RUS,2020-05-21,285746,7991936
RUS,2020-05-22,276121,8268057
RUS,2020-05-23,282558,8550615
RUS,2020-05-24,260079,8810694
RUS,2020-05-25,215206,9025900
RUS,2020-05-26,255402,9281302
RUS,2020-05-27,285288,9566590
RUS,2020-05-28,298781,9865371
RUS,2020-05-29,316139,10181510
RUS,2020-05-30,326924,10508434
RUS,2020-05-31,279984,10788418
RUS,2020-06-01,228514,11016932
RUS,2020-06-02,274423,11291355
RUS,2020-06-03,307006,11598361
RUS,2020-06-04,320612,11918973
RUS,2020-06-05,335305,12254278
RUS,2020-06-06,332581,12586859
RUS,2020-06-07,294474,12881333
RUS,2020-06-08,238655,13119988
RUS,2020-06-09,290625,13410613
RUS,2020-06-10,329794,13740407
RUS,2020-06-11,343577,14083984
RUS,2020-06-12,355443,14439427
RUS,2020-06-13,306055,14745482
RUS,2020-06-14,280980,15026462
RUS,2020-06-15,234265,15260727
RUS,2020-06-16,284307,15545034
RUS,2020-06-17,311973,15857007
RUS,2020-06-18,330267,16187274
RUS,2020-06-19,339323,16526597
RUS,2020-06-20,337166,16863763
RUS,2020-06-21,291238,17155001
RUS,2020-06-22,233061,17388062
RUS,2020-06-23,281203,17669265
RUS,2020-06-24,311875,17981140
RUS,2020-06-25,286889,18268029
RUS,2020-06-26,305227,18573256
RUS,2020-06-27,337008,18910264
RUS,2020-06-28,289488,19199752
RUS,2020-06-29,227998,19427750
RUS,2020-06-30,289727,19717477
RUS,2020-07-01,316737,20034214
RUS,2020-07-02,282206,20316420
RUS,2020-07-03,301296,20617716
RUS,2020-07-04,0,20617716
RUS,2020-07-05,0,20617716
RUS,2020-07-06,202377,20820093
RUS,2020-07-07,252934,21073027
RUS,2020-07-08,288589,21361616
RUS,2020-07-09,308901,21670517
RUS,2020-07-10,320221,21990738
RUS,2020-07-11,322640,22313378
RUS,2020-07-12,261574,22574952
RUS,2020-07-13,203122,22778074
RUS,2020-07-14,258893,23036967
RUS,2020-07-15,298871,23335838
RUS,2020-07-16,311052,23646890
RUS,2020-07-17,312362,23959252
RUS,2020-07-18,314810,24274062
RUS,2020-07-19,259874,24533936
RUS,2020-07-20,197553,24731489
RUS,2020-07-21,255205,24986694
RUS,2020-07-22,296536,25283230
RUS,2020-07-23,299744,25582974
RUS,2020-07-24,309971,25892945
RUS,2020-07-25,291668,26184613
RUS,2020-07-26,239675,26424288
RUS,2020-07-27,185604,26609892
RUS,2020-07-28,242076,26851968
RUS,2020-07-29,288204,27140172
RUS,2020-07-30,303611,27443783
RUS,2020-07-31,316551,27760334
RUS,2020-08-01,315248,28075582
RUS,2020-08-02,236640,28312222
RUS,2020-08-03,171962,28484184
RUS,2020-08-04,232028,28716212
RUS,2020-08-05,283017,28999229
RUS,2020-08-06,321216,29320445
RUS,2020-08-07,303221,29623666
RUS,2020-08-08,298676,29922342
RUS,2020-08-09,246140,30168482
RUS,2020-08-10,177027,30345509
RUS,2020-08-11,244577,30590086
RUS,2020-08-12,290538,30880624
RUS,2020-08-13,304753,31185377
RUS,2020-08-14,318491,31503868
RUS,2020-08-15,312272,31816140
RUS,2020-08-16,250660,32066800
RUS,2020-08-17,184281,32251081
RUS,2020-08-18,248709,32499790
RUS,2020-08-19,291805,32791595
RUS,2020-08-20,304832,33096427
RUS,2020-08-21,0,33096427
RUS,2020-08-22,0,33096427
RUS,2020-08-23,247846,33344273
RUS,2020-08-24,187814,33532087
RUS,2020-08-25,245441,33777528
RUS,2020-08-26,295122,34072650
RUS,2020-08-27,327964,34400614
RUS,2020-08-28,334435,34735049
RUS,2020-08-29,340668,35075717
RUS,2020-08-30,269532,35345249
RUS,2020-08-31,204833,35550082
RUS,2020-09-01,275612,35825694
RUS,2020-09-02,307319,36133013
RUS,2020-09-03,334220,36467233
RUS,2020-09-04,336190,36803423
RUS,2020-09-05,333571,37136994
RUS,2020-09-06,270057,37407051
RUS,2020-09-07,202577,37609628
RUS,2020-09-08,328415,37938043
RUS,2020-09-09,286135,38224178
RUS,2020-09-10,337215,38561393
RUS,2020-09-11,356371,38917764
RUS,2020-09-12,355178,39272942
RUS,2020-09-13,279476,39552418
RUS,2020-09-14,218756,39771174
RUS,2020-09-15,301699,40072873
RUS,2020-09-16,324922,40397795
RUS,2020-09-17,346318,40744113
RUS,2020-09-18,361923,41106036
RUS,2020-09-19,364722,41470758
RUS,2020-09-20,282021,41752779
RUS,2020-09-21,237622,41990401
RUS,2020-09-22,291007,42281408
RUS,2020-09-23,357868,42639276
RUS,2020-09-24,374157,43013433
RUS,2020-09-25,390796,43404229
RUS,2020-09-26,379073,43783302
RUS,2020-09-27,308339,44091641
RUS,2020-09-28,255899,44347540
RUS,2020-09-29,338987,44686527
RUS,2020-09-30,384174,45070701
RUS,2020-10-01,402045,45472746
RUS,2020-10-02,0,45472746
RUS,2020-10-03,0,45472746
RUS,2020-10-04,358511,45831257
RUS,2020-10-05,295649,46126906
RUS,2020-10-06,371865,46498771
RUS,2020-10-07,439097,46937868
RUS,2020-10-08,507919,47445787
RUS,2020-10-09,648370,48094157
RUS,2020-10-10,476106,48570263
RUS,2020-10-11,409960,48980223
RUS,2020-10-12,172960,49153183
RUS,2020-10-13,436976,49590159
RUS,2020-10-14,478489,50068648
RUS,2020-10-15,502363,50571011
RUS,2020-10-16,523860,51094871
RUS,2020-10-17,544552,51639423
RUS,2020-10-18,449699,52089122
RUS,2020-10-19,374888,52464010
RUS,2020-10-20,496688,52960698
RUS,2020-10-21,512145,53472843
RUS,2020-10-22,546615,54019458
RUS,2020-10-23,564095,54583553
RUS,2020-10-24,550313,55133866
RUS,2020-10-25,476308,55610174
RUS,2020-10-26,402592,56012766
RUS,2020-10-27,506959,56519725
RUS,2020-10-28,553308,57073033
RUS,2020-10-29,582442,57655475
RUS,2020-10-30,575250,58230725
RUS,2020-10-31,587935,58818660
RUS,2020-11-01,512224,59330884
RUS,2020-11-02,412596,59743480
RUS,2020-11-03,491447,60234927
RUS,2020-11-04,570981,60805908
RUS,2020-11-05,524304,61330212
RUS,2020-11-06,550863,61881075
RUS,2020-11-07,590350,62471425
RUS,2020-11-08,526846,62998271
RUS,2020-11-09,397225,63395496
RUS,2020-11-10,512114,63907610
RUS,2020-11-11,591767,64499377
RUS,2020-11-12,636888,65136265
RUS,2020-11-13,601803,65738068
RUS,2020-11-14,627849,66365917
RUS,2020-11-15,534895,66900812
RUS,2020-11-16,438761,67339573
RUS,2020-11-17,525227,67864800
RUS,2020-11-18,577345,68442145
RUS,2020-11-19,596766,69038911
RUS,2020-11-20,588296,69627207
RUS,2020-11-21,590770,70217977
RUS,2020-11-22,520533,70738510
RUS,2020-11-23,362717,71101227
RUS,2020-11-24,452837,71554064
RUS,2020-11-25,505780,72059844
RUS,2020-11-26,543979,72603823
RUS,2020-11-27,587707,73191530
RUS,2020-11-28,545390,73736920
RUS,2020-11-29,474843,74211763
RUS,2020-11-30,333052,74544815
RUS,2020-12-01,444170,74988985
RUS,2020-12-02,0,74988985
RUS,2020-12-03,0,74988985
RUS,2020-12-04,550424,75539409
RUS,2020-12-05,545261,76084670
RUS,2020-12-06,448667,76533337
RUS,2020-12-07,323453,76856790
RUS,2020-12-08,427018,77283808
RUS,2020-12-09,499126,77782934
RUS,2020-12-10,543001,78325935
RUS,2020-12-11,539674,78865609
RUS,2020-12-12,535353,79400962
RUS,2020-12-13,463556,79864518
RUS,2020-12-14,0,79864518
RUS,2020-12-15,0,79864518
RUS,2020-12-16,497622,80362140
RUS,2020-12-17,539303,80901443
RUS,2020-12-18,527319,81428762
RUS,2020-12-19,523097,81951859
RUS,2020-12-20,437156,82389015
RUS,2020-12-21,312930,82701945
RUS,2020-12-22,393445,83095390
RUS,2020-12-23,480151,83575541
RUS,2020-12-24,516171,84091712
RUS,2020-12-25,511153,84602865
RUS,2020-12-26,494071,85096936
RUS,2020-12-27,416572,85513508
RUS,2020-12-28,292690,85806198
RUS,2020-12-29,395008,86201206
RUS,2020-12-30,445015,86646221
RUS,2020-12-31,474243,87120464
RUS,2021-01-01,386001,87506465
RUS,2021-01-02,0,87506465
RUS,2021-01-03,0,87506465
RUS,2021-01-04,217791,87724256
RUS,2021-01-05,268620,87992876
RUS,2021-01-06,300065,88292941
RUS,2021-01-07,330412,88623353
RUS,2021-01-08,268668,88892021
RUS,2021-01-09,342405,89234426
RUS,2021-01-10,383652,89618078
RUS,2021-01-11,326357,89944435
RUS,2021-01-12,341381,90285816
RUS,2021-01-13,465028,90750844
RUS,2021-01-14,531024,91281868
RUS,2021-01-15,583820,91865688
RUS,2021-01-16,478817,92344505
RUS,2021-01-17,373123,92717628
RUS,2021-01-18,257909,92975537
RUS,2021-01-19,320711,93296248
RUS,2021-01-20,410533,93706781
RUS,2021-01-21,456736,94163517
RUS,2021-01-22,436520,94600037
RUS,2021-01-23,441206,95041243
RUS,2021-01-24,335236,95376479
RUS,2021-01-25,292367,95668846
RUS,2021-01-26,342015,96010861
RUS,2021-01-27,397080,96407941
RUS,2021-01-28,411272,96819213
RUS,2021-01-29,423497,97242710
RUS,2021-01-30,414747,97657457
RUS,2021-01-31,333065,97990522
RUS,2021-02-01,201301,98191823
RUS,2021-02-02,287056,98478879
RUS,2021-02-03,382721,98861600
RUS,2021-02-04,458537,99320137
RUS,2021-02-05,0,99320137
RUS,2021-02-06,0,99320137
RUS,2021-02-07,0,99320137
RUS,2021-02-08,0,99320137
RUS,2021-02-09,0,99320137
RUS,2021-02-10,0,99320137
RUS,2021-02-11,399477,99719614
RUS,2021-02-12,0,99719614
RUS,2021-02-13,0,99719614
RUS,2021-02-14,299935,100019549
RUS,2021-02-15,204488,100224037
RUS,2021-02-16,277571,100501608
RUS,2021-02-17,363166,100864774
RUS,2021-02-18,374563,101239337
RUS,2021-02-19,365425,101604762
RUS,2021-02-20,368826,101973588
RUS,2021-02-21,341426,102315014
RUS,2021-02-22,225305,102540319
RUS,2021-02-23,202632,102742951
RUS,2021-02-24,162804,102905755
RUS,2021-02-25,265528,103171283
RUS,2021-02-26,364693,103535976
RUS,2021-02-27,397611,103933587
RUS,2021-02-28,314393,104247980
RUS,2021-03-01,203520,104451500
RUS,2021-03-02,285119,104736619
RUS,2021-03-03,343927,105080546
RUS,2021-03-04,362296,105442842
RUS,2021-03-05,385253,105828095
RUS,2021-03-06,354205,106182300
RUS,2021-03-07,281959,106464259
RUS,2021-03-08,0,106464259
RUS,2021-03-09,0,106464259
RUS,2021-03-10,0,106464259
RUS,2021-03-11,0,106464259
RUS,2021-03-12,0,106464259
RUS,2021-03-13,0,106464259
RUS,2021-03-14,0,106464259
RUS,2021-03-15,0,106464259
RUS,2021-03-16,0,106464259
RUS,2021-03-17,0,106464259
RUS,2021-03-18,0,106464259
RUS,2021-03-19,0,106464259
RUS,2021-03-20,0,106464259
RUS,2021-03-21,0,106464259
RUS,2021-03-22,183798,106648057
RUS,2021-03-23,0,106648057
RUS,2021-03-24,0,106648057
RUS,2021-03-25,337695,106985752
RUS,2021-03-26,341455,107327207
RUS,2021-03-27,341365,107668572
RUS,2021-03-28,267729,107936301
RUS,2021-03-29,188733,108125034
RUS,2021-03-30,284123,108409157
RUS,2021-03-31,343403,108752560
RUS,2021-04-01,359267,109111827
RUS,2021-04-02,342237,109454064
RUS,2021-04-03,365233,109819297
RUS,2021-04-04,249433,110068730
RUS,2021-04-05,194518,110263248
RUS,2021-04-06,249683,110512931
RUS,2021-04-07,323105,110836036
RUS,2021-04-08,340527,111176563
RUS,2021-04-09,344845,111521408
RUS,2021-04-10,347655,111869063
RUS,2021-04-11,272181,112141244
RUS,2021-04-12,193375,112334619
RUS,2021-04-13,255350,112589969
RUS,2021-04-14,0,112589969
RUS,2021-04-15,0,112589969
RUS,2021-04-16,0,112589969
RUS,2021-04-17,0,112589969
RUS,2021-04-18,0,112589969
RUS,2021-04-19,184490,112774459
RUS,2021-04-20,255962,113030421
RUS,2021-04-21,314230,113344651
RUS,2021-04-22,332888,113677539
RUS,2021-04-23,336366,114013905
RUS,2021-04-24,324879,114338784
RUS,2021-04-25,262436,114601220
RUS,2021-04-26,179796,114781016
RUS,2021-04-27,251749,115032765
RUS,2021-04-28,323761,115356526
RUS,2021-04-29,328298,115684824
RUS,2021-04-30,0,115684824
RUS,2021-05-01,0,115684824
RUS,2021-05-02,236109,115920933
RUS,2021-05-03,153392,116074325
RUS,2021-05-04,174309,116248634
RUS,2021-05-05,221435,116470069
RUS,2021-05-06,264152,116734221
RUS,2021-05-07,277929,117012150
RUS,2021-05-08,296159,117308309
RUS,2021-05-09,258282,117566591
RUS,2021-05-10,193338,117759929
RUS,2021-05-11,210132,117970061
RUS,2021-05-12,270613,118240674
RUS,2021-05-13,369841,118610515
RUS,2021-05-14,361657,118972172
RUS,2021-05-15,374100,119346272
RUS,2021-05-16,308461,119654733
RUS,2021-05-17,213134,119867867
RUS,2021-05-18,276580,120144447
RUS,2021-05-19,337162,120481609
RUS,2021-05-20,358989,120840598
RUS,2021-05-21,334880,121175478
RUS,2021-05-22,360270,121535748
RUS,2021-05-23,289171,121824919
RUS,2021-05-24,206525,122031444
RUS,2021-05-25,271906,122303350
RUS,2021-05-26,338866,122642216
RUS,2021-05-27,374036,123016252
RUS,2021-05-28,369782,123386034
RUS,2021-05-29,382757,123768791
RUS,2021-05-30,343516,124112307
RUS,2021-05-31,271007,124383314
RUS,2021-06-01,305567,124688881
RUS,2021-06-02,351336,125040217
RUS,2021-06-03,392952,125433169
RUS,2021-06-04,381348,125814517
RUS,2021-06-05,483099,126297616
RUS,2021-06-06,188415,126486031
RUS,2021-06-07,224825,126710856
RUS,2021-06-08,305139,127015995
RUS,2021-06-09,368732,127384727
RUS,2021-06-10,400122,127784849
RUS,2021-06-11,407065,128191914
RUS,2021-06-12,420859,128612773
RUS,2021-06-13,325738,128938511
RUS,2021-06-14,253506,129192017
RUS,2021-06-15,269402,129461419
RUS,2021-06-16,351854,129813273
RUS,2021-06-17,444649,130257922
RUS,2021-06-18,473339,130731261
RUS,2021-06-19,471432,131202693
RUS,2021-06-20,383944,131586637
RUS,2021-06-21,274606,131861243
RUS,2021-06-22,436886,132298129
RUS,2021-06-23,476324,132774453
RUS,2021-06-24,505299,133279752
RUS,2021-06-25,510187,133789939
RUS,2021-06-26,501926,134291865
RUS,2021-06-27,527202,134819067
RWA,2020-04-07,0,0
RWA,2020-04-08,772,772
RWA,2020-04-09,720,1492
RWA,2020-04-10,1036,2528
RWA,2020-04-11,842,3370
RWA,2020-04-12,1160,4530
RWA,2020-04-13,901,5431
RWA,2020-04-14,983,6414
RWA,2020-04-15,923,7337
RWA,2020-04-16,664,8001
RWA,2020-04-17,760,8761
RWA,2020-04-18,712,9473
RWA,2020-04-19,722,10195
RWA,2020-04-20,1299,11494
RWA,2020-04-21,1449,12943
RWA,2020-04-22,1038,13981
RWA,2020-04-23,1343,15324
RWA,2020-04-24,1046,16370
RWA,2020-04-25,1275,17645
RWA,2020-04-26,1025,18670
RWA,2020-04-27,1214,19884
RWA,2020-04-28,1505,21389
RWA,2020-04-29,1705,23094
RWA,2020-04-30,1140,24234
RWA,2020-05-01,1365,25599
RWA,2020-05-02,1197,26796
RWA,2020-05-03,1047,27843
RWA,2020-05-04,746,28589
RWA,2020-05-05,896,29485
RWA,2020-05-06,1323,30808
RWA,2020-05-07,1519,32327
RWA,2020-05-08,1353,33680
RWA,2020-05-09,1198,34878
RWA,2020-05-10,1040,35918
RWA,2020-05-11,380,36298
RWA,2020-05-12,574,36872
RWA,2020-05-13,866,37738
RWA,2020-05-14,895,38633
RWA,2020-05-15,1058,39691
RWA,2020-05-16,2041,41732
RWA,2020-05-17,1135,42867
RWA,2020-05-18,1744,44611
RWA,2020-05-19,1217,45828
RWA,2020-05-20,982,46810
RWA,2020-05-21,1083,47893
RWA,2020-05-22,1568,49461
RWA,2020-05-23,1109,50570
RWA,2020-05-24,1400,51970
RWA,2020-05-25,892,52862
RWA,2020-05-26,1074,53936
RWA,2020-05-27,2059,55995
RWA,2020-05-28,1766,57761
RWA,2020-05-29,1340,59101
RWA,2020-05-30,1368,60469
RWA,2020-05-31,1092,61561
RWA,2020-06-01,1083,62644
RWA,2020-06-02,957,63601
RWA,2020-06-03,1033,64634
RWA,2020-06-04,1369,66003
RWA,2020-06-05,1558,67561
RWA,2020-06-06,945,68506
RWA,2020-06-07,1318,69824
RWA,2020-06-08,1928,71752
RWA,2020-06-09,1870,73622
RWA,2020-06-10,2110,75732
RWA,2020-06-11,1790,77522
RWA,2020-06-12,1584,79106
RWA,2020-06-13,2043,81149
RWA,2020-06-14,3495,84644
RWA,2020-06-15,2908,87552
RWA,2020-06-16,2742,90294
RWA,2020-06-17,2508,92802
RWA,2020-06-18,2547,95349
RWA,2020-06-19,3033,98382
RWA,2020-06-20,3116,101498
RWA,2020-06-21,3252,104750
RWA,2020-06-22,2287,107037
RWA,2020-06-23,4568,111605
RWA,2020-06-24,3415,115020
RWA,2020-06-25,4757,119777
RWA,2020-06-26,3763,123540
RWA,2020-06-27,4702,128242
RWA,2020-06-28,3002,131244
RWA,2020-06-29,2498,133742
RWA,2020-06-30,3694,137436
RWA,2020-07-01,3961,141397
RWA,2020-07-02,3737,145134
RWA,2020-07-03,2216,147350
RWA,2020-07-04,3414,150764
RWA,2020-07-05,3279,154043
RWA,2020-07-06,2834,156877
RWA,2020-07-07,2871,159748
RWA,2020-07-08,2644,162392
RWA,2020-07-09,3463,165855
RWA,2020-07-10,3898,169753
RWA,2020-07-11,4060,173813
RWA,2020-07-12,3021,176834
RWA,2020-07-13,3333,180167
RWA,2020-07-14,5705,185872
RWA,2020-07-15,2423,188295
RWA,2020-07-16,5556,193851
RWA,2020-07-17,3432,197283
RWA,2020-07-18,3232,200515
RWA,2020-07-19,3214,203729
RWA,2020-07-20,3764,207493
RWA,2020-07-21,7039,214532
RWA,2020-07-22,4613,219145
RWA,2020-07-23,5534,224679
RWA,2020-07-24,2491,227170
RWA,2020-07-25,4330,231500
RWA,2020-07-26,4122,235622
RWA,2020-07-27,6165,241787
RWA,2020-07-28,3521,245308
RWA,2020-07-29,4144,249452
RWA,2020-07-30,4066,253518
RWA,2020-07-31,3374,256892
RWA,2020-08-01,5862,262754
RWA,2020-08-02,2633,265387
RWA,2020-08-03,3491,268878
RWA,2020-08-04,3072,271950
RWA,2020-08-05,4598,276548
RWA,2020-08-06,3196,279744
RWA,2020-08-07,2902,282646
RWA,2020-08-08,4452,287098
RWA,2020-08-09,5175,292273
RWA,2020-08-10,5720,297993
RWA,2020-08-11,5153,303146
RWA,2020-08-12,4886,308032
RWA,2020-08-13,4756,312788
RWA,2020-08-14,4610,317398
RWA,2020-08-15,5569,322967
RWA,2020-08-16,4796,327763
RWA,2020-08-17,4018,331781
RWA,2020-08-18,4326,336107
RWA,2020-08-19,3306,339413
RWA,2020-08-20,5463,344876
RWA,2020-08-21,5700,350576
RWA,2020-08-22,4759,355335
RWA,2020-08-23,6402,361737
RWA,2020-08-24,3642,365379
RWA,2020-08-25,6128,371507
RWA,2020-08-26,5467,376974
RWA,2020-08-27,4597,381571
RWA,2020-08-28,5159,386730
RWA,2020-08-29,6163,392893
RWA,2020-08-30,5544,398437
RWA,2020-08-31,4763,403200
RWA,2020-09-01,5622,408822
RWA,2020-09-02,5792,414614
RWA,2020-09-03,5079,419693
RWA,2020-09-04,5792,425485
RWA,2020-09-05,4420,429905
RWA,2020-09-06,3481,433386
RWA,2020-09-07,4457,437843
RWA,2020-09-08,3253,441096
RWA,2020-09-09,3805,444901
RWA,2020-09-10,2838,447739
RWA,2020-09-11,3027,450766
RWA,2020-09-12,2901,453667
RWA,2020-09-13,2722,456389
RWA,2020-09-14,1687,458076
RWA,2020-09-15,1935,460011
RWA,2020-09-16,1603,461614
RWA,2020-09-17,2097,463711
RWA,2020-09-18,1549,465260
RWA,2020-09-19,2272,467532
RWA,2020-09-20,1892,469424
RWA,2020-09-21,1448,470872
RWA,2020-09-22,1631,472503
RWA,2020-09-23,2273,474776
RWA,2020-09-24,2158,476934
RWA,2020-09-25,1400,478334
RWA,2020-09-26,1894,480228
RWA,2020-09-27,2207,482435
RWA,2020-09-28,1283,483718
RWA,2020-09-29,2761,486479
RWA,2020-09-30,2807,489286
RWA,2020-10-01,2583,491869
RWA,2020-10-02,1873,493742
RWA,2020-10-03,2568,496310
RWA,2020-10-04,1853,498163
RWA,2020-10-05,1988,500151
RWA,2020-10-06,1306,501457
RWA,2020-10-07,3219,504676
RWA,2020-10-08,1935,506611
RWA,2020-10-09,963,507574
RWA,2020-10-10,2668,510242
RWA,2020-10-11,2239,512481
RWA,2020-10-12,2149,514630
RWA,2020-10-13,1884,516514
RWA,2020-10-14,-1884,514630
RWA,2020-10-15,5717,520347
RWA,2020-10-16,3450,523797
RWA,2020-10-17,2224,526021
RWA,2020-10-18,1881,527902
RWA,2020-10-19,1373,529275
RWA,2020-10-20,997,530272
RWA,2020-10-21,1306,531578
RWA,2020-10-22,2051,533629
RWA,2020-10-23,2086,535715
RWA,2020-10-24,3698,539413
RWA,2020-10-25,1282,540695
RWA,2020-10-26,0,540695
RWA,2020-10-27,0,540695
RWA,2020-10-28,1594,542289
RWA,2020-10-29,0,542289
RWA,2020-10-30,0,542289
RWA,2020-10-31,1810,544099
RWA,2020-11-01,1848,545947
RWA,2020-11-02,1443,547390
RWA,2020-11-03,1310,548700
RWA,2020-11-04,1604,550304
RWA,2020-11-05,980,551284
RWA,2020-11-06,1805,553089
RWA,2020-11-07,1333,554422
RWA,2020-11-08,2859,557281
RWA,2020-11-09,1741,559022
RWA,2020-11-10,1293,560315
RWA,2020-11-11,2974,563289
RWA,2020-11-12,0,563289
RWA,2020-11-13,0,563289
RWA,2020-11-14,0,563289
RWA,2020-11-15,0,563289
RWA,2020-11-16,0,563289
RWA,2020-11-17,0,563289
RWA,2020-11-18,0,563289
RWA,2020-11-19,0,563289
RWA,2020-11-20,0,563289
RWA,2020-11-21,0,563289
RWA,2020-11-22,0,563289
RWA,2020-11-23,2541,565830
RWA,2020-11-24,2084,567914
RWA,2020-11-25,2317,570231
RWA,2020-11-26,2583,572814
RWA,2020-11-27,2991,575805
RWA,2020-11-28,2761,578566
RWA,2020-11-29,2054,580620
RWA,2020-11-30,2042,582662
RWA,2020-12-01,2196,584858
RWA,2020-12-02,2820,587678
RWA,2020-12-03,2467,590145
RWA,2020-12-04,3712,593857
RWA,2020-12-05,3662,597519
RWA,2020-12-06,0,597519
RWA,2020-12-07,0,597519
RWA,2020-12-08,2182,599701
RWA,2020-12-09,3855,603556
RWA,2020-12-10,3654,607210
RWA,2020-12-11,3673,610883
RWA,2020-12-12,3642,614525
RWA,2020-12-13,0,614525
RWA,2020-12-14,0,614525
RWA,2020-12-15,0,614525
RWA,2020-12-16,0,614525
RWA,2020-12-17,2561,617086
RWA,2020-12-18,3054,620140
RWA,2020-12-19,0,620140
RWA,2020-12-20,0,620140
RWA,2020-12-21,0,620140
RWA,2020-12-22,0,620140
RWA,2020-12-23,0,620140
RWA,2020-12-24,0,620140
RWA,2020-12-25,0,620140
RWA,2020-12-26,0,620140
RWA,2020-12-27,2174,622314
RWA,2020-12-28,2502,624816
RWA,2020-12-29,2549,627365
RWA,2020-12-30,2913,630278
RWA,2020-12-31,3409,633687
RWA,2021-01-01,0,633687
RWA,2021-01-02,0,633687
RWA,2021-01-03,0,633687
RWA,2021-01-04,0,633687
RWA,2021-01-05,0,633687
RWA,2021-01-06,4216,637903
RWA,2021-01-07,0,637903
RWA,2021-01-08,0,637903
RWA,2021-01-09,4846,642749
RWA,2021-01-10,4189,646938
RWA,2021-01-11,2362,649300
RWA,2021-01-12,1890,651190
RWA,2021-01-13,1937,653127
RWA,2021-01-14,2173,655300
RWA,2021-01-15,6063,661363
RWA,2021-01-16,5538,666901
RWA,2021-01-17,0,666901
RWA,2021-01-18,0,666901
RWA,2021-01-19,0,666901
RWA,2021-01-20,0,666901
RWA,2021-01-21,4247,671148
RWA,2021-01-22,0,671148
RWA,2021-01-23,0,671148
RWA,2021-01-24,4715,675863
RWA,2021-01-25,8293,684156
RWA,2021-01-26,0,684156
RWA,2021-01-27,0,684156
RWA,2021-01-28,4156,688312
RWA,2021-01-29,5024,693336
RWA,2021-01-30,6087,699423
RWA,2021-01-31,21919,721342
RWA,2021-02-01,3888,725230
RWA,2021-02-02,0,725230
RWA,2021-02-03,0,725230
RWA,2021-02-04,8969,734199
RWA,2021-02-05,0,734199
RWA,2021-02-06,0,734199
RWA,2021-02-07,0,734199
RWA,2021-02-08,0,734199
RWA,2021-02-09,0,734199
RWA,2021-02-10,0,734199
RWA,2021-02-11,3522,737721
RWA,2021-02-12,0,737721
RWA,2021-02-13,0,737721
RWA,2021-02-14,4675,742396
RWA,2021-02-15,2662,745058
RWA,2021-02-16,4814,749872
RWA,2021-02-17,4618,754490
RWA,2021-02-18,4391,758881
RWA,2021-02-19,4862,763743
RWA,2021-02-20,4668,768411
RWA,2021-02-21,4128,772539
RWA,2021-02-22,2655,775194
RWA,2021-02-23,5960,781154
RWA,2021-02-24,5252,786406
RWA,2021-02-25,4425,790831
RWA,2021-02-26,4163,794994
RWA,2021-02-27,4162,799156
RWA,2021-02-28,4374,803530
RWA,2021-03-01,3410,806940
RWA,2021-03-02,4578,811518
RWA,2021-03-03,3960,815478
RWA,2021-03-04,4224,819702
RWA,2021-03-05,0,819702
RWA,2021-03-06,0,819702
RWA,2021-03-07,5122,824824
RWA,2021-03-08,2735,827559
RWA,2021-03-09,0,827559
RWA,2021-03-10,0,827559
RWA,2021-03-11,0,827559
RWA,2021-03-12,0,827559
RWA,2021-03-13,0,827559
RWA,2021-03-14,0,827559
RWA,2021-03-15,0,827559
RWA,2021-03-16,0,827559
RWA,2021-03-17,0,827559
RWA,2021-03-18,0,827559
RWA,2021-03-19,0,827559
RWA,2021-03-20,0,827559
RWA,2021-03-21,0,827559
RWA,2021-03-22,3484,831043
RWA,2021-03-23,0,831043
RWA,2021-03-24,0,831043
RWA,2021-03-25,0,831043
RWA,2021-03-26,4099,835142
RWA,2021-03-27,4179,839321
RWA,2021-03-28,16994,856315
RWA,2021-03-29,7044,863359
RWA,2021-03-30,7792,871151
RWA,2021-03-31,9464,880615
RWA,2021-04-01,8497,889112
RWA,2021-04-02,0,889112
RWA,2021-04-03,0,889112
RWA,2021-04-04,6519,895631
RWA,2021-04-05,9335,904966
RWA,2021-04-06,7864,912830
RWA,2021-04-07,5266,918096
RWA,2021-04-08,6052,924148
RWA,2021-04-09,6557,930705
RWA,2021-04-10,6928,937633
RWA,2021-04-11,0,937633
RWA,2021-04-12,0,937633
RWA,2021-04-13,0,937633
RWA,2021-04-14,0,937633
RWA,2021-04-15,0,937633
RWA,2021-04-16,0,937633
RWA,2021-04-17,0,937633
RWA,2021-04-18,0,937633
RWA,2021-04-19,0,937633
RWA,2021-04-20,0,937633
RWA,2021-04-21,4092,941725
RWA,2021-04-22,0,941725
RWA,2021-04-23,0,941725
RWA,2021-04-24,0,941725
RWA,2021-04-25,0,941725
RWA,2021-04-26,9665,951390
RWA,2021-04-27,0,951390
RWA,2021-04-28,0,951390
RWA,2021-04-29,4530,955920
RWA,2021-04-30,0,955920
RWA,2021-05-01,0,955920
RWA,2021-05-02,0,955920
RWA,2021-05-03,0,955920
RWA,2021-05-04,0,955920
RWA,2021-05-05,0,955920
RWA,2021-05-06,0,955920
RWA,2021-05-07,0,955920
RWA,2021-05-08,3659,959579
RWA,2021-05-09,4069,963648
RWA,2021-05-10,3481,967129
RWA,2021-05-11,2730,969859
RWA,2021-05-12,0,969859
RWA,2021-05-13,0,969859
RWA,2021-05-14,3698,973557
RWA,2021-05-15,9229,982786
RWA,2021-05-16,0,982786
RWA,2021-05-17,0,982786
RWA,2021-05-18,4429,987215
RWA,2021-05-19,0,987215
RWA,2021-05-20,0,987215
RWA,2021-05-21,0,987215
RWA,2021-05-22,0,987215
RWA,2021-05-23,4387,991602
RWA,2021-05-24,5125,996727
RWA,2021-05-25,4029,1000756
RWA,2021-05-26,4840,1005596
RWA,2021-05-27,0,1005596
RWA,2021-05-28,0,1005596
RWA,2021-05-29,0,1005596
RWA,2021-05-30,0,1005596
RWA,2021-05-31,0,1005596
RWA,2021-06-01,0,1005596
RWA,2021-06-02,4382,1009978
RWA,2021-06-03,3867,1013845
RWA,2021-06-04,4074,1017919
RWA,2021-06-05,0,1017919
RWA,2021-06-06,0,1017919
RWA,2021-06-07,4434,1022353
RWA,2021-06-08,3910,1026263
RWA,2021-06-09,3594,1029857
RWA,2021-06-10,3959,1033816
RWA,2021-06-11,5002,1038818
RWA,2021-06-12,5927,1044745
RWA,2021-06-13,6658,1051403
RWA,2021-06-14,5286,1056689
RWA,2021-06-15,4715,1061404
RWA,2021-06-16,6072,1067476
RWA,2021-06-17,5676,1073152
RWA,2021-06-18,5770,1078922
RWA,2021-06-19,7452,1086374
RWA,2021-06-20,8928,1095302
RWA,2021-06-21,7196,1102498
RWA,2021-06-22,5342,1107840
RWA,2021-06-23,7624,1115464
RWA,2021-06-24,8741,1124205
RWA,2021-06-25,10385,1134590
RWA,2021-06-26,10585,1145175
RWA,2021-06-27,12369,1157544
RWA,2021-06-28,7863,1165407
RWA,2021-06-29,6883,1172290
KNA,2021-06-29,0,0
SAU,2020-03-02,160,160
SAU,2020-03-03,240,400
SAU,2020-03-04,298,698
SAU,2020-03-05,487,1185
SAU,2020-03-06,1024,2209
SAU,2020-03-07,1982,4191
SAU,2020-03-08,1788,5979
SAU,2020-03-09,2201,8180
SAU,2020-03-10,3655,11835
SAU,2020-03-11,2999,14834
SAU,2020-03-12,3644,18478
SAU,2020-03-13,3890,22368
SAU,2020-03-14,2983,25351
SAU,2020-03-15,2704,28055
SAU,2020-03-16,3555,31610
SAU,2020-03-17,4208,35818
SAU,2020-03-18,3605,39423
SAU,2020-03-19,4238,43661
SAU,2020-03-20,4776,48437
SAU,2020-03-21,5698,54135
SAU,2020-03-22,6033,60168
SAU,2020-03-23,7002,67170
SAU,2020-03-24,5911,73081
SAU,2020-03-25,4997,78078
SAU,2020-03-26,5673,83751
SAU,2020-03-27,6109,89860
SAU,2020-03-28,5944,95804
SAU,2020-03-29,6265,102069
SAU,2020-03-30,6894,108963
SAU,2020-03-31,7362,116325
SAU,2020-04-01,7381,123706
SAU,2020-04-02,7688,131394
SAU,2020-04-03,8012,139406
SAU,2020-04-04,7779,147185
SAU,2020-04-05,6778,153963
SAU,2020-04-06,6832,160795
SAU,2020-04-07,6384,167179
SAU,2020-04-08,6387,173566
SAU,2020-04-09,6819,180385
SAU,2020-04-10,7441,187826
SAU,2020-04-11,8993,196819
SAU,2020-04-12,7365,204184
SAU,2020-04-13,8219,212403
SAU,2020-04-14,8388,220791
SAU,2020-04-15,7669,228460
SAU,2020-04-16,8256,236716
SAU,2020-04-17,9006,245722
SAU,2020-04-18,8733,254455
SAU,2020-04-19,9578,264033
SAU,2020-04-20,9260,273293
SAU,2020-04-21,9222,282515
SAU,2020-04-22,10340,292855
SAU,2020-04-23,8547,301402
SAU,2020-04-24,10203,311605
SAU,2020-04-25,9055,320660
SAU,2020-04-26,8967,329627
SAU,2020-04-27,9325,338952
SAU,2020-04-28,10887,349839
SAU,2020-04-29,9658,359497
SAU,2020-04-30,9288,368785
SAU,2020-05-01,12820,381605
SAU,2020-05-02,12780,394385
SAU,2020-05-03,12006,406391
SAU,2020-05-04,11514,417905
SAU,2020-05-05,13052,430957
SAU,2020-05-06,16026,446983
SAU,2020-05-07,13037,460020
SAU,2020-05-08,14778,474798
SAU,2020-05-09,16144,490942
SAU,2020-05-10,17725,508667
SAU,2020-05-11,15005,523672
SAU,2020-05-12,14574,538246
SAU,2020-05-13,16639,554885
SAU,2020-05-14,16678,571563
SAU,2020-05-15,17758,589321
SAU,2020-05-16,38382,627703
SAU,2020-05-17,15549,643252
SAU,2020-05-18,16130,659382
SAU,2020-05-19,18094,677476
SAU,2020-05-20,14980,692456
SAU,2020-05-21,15899,708355
SAU,2020-05-22,17558,725913
SAU,2020-05-23,18919,744832
SAU,2020-05-24,18545,763377
SAU,2020-05-25,16664,780041
SAU,2020-05-26,15525,795566
SAU,2020-05-27,16428,811994
SAU,2020-05-28,16769,828763
SAU,2020-05-29,19104,847867
SAU,2020-05-30,16200,864067
SAU,2020-05-31,15854,879921
SAU,2020-06-01,15364,895285
SAU,2020-06-02,16976,912261
SAU,2020-06-03,16246,928507
SAU,2020-06-04,21763,950270
SAU,2020-06-05,24229,974499
SAU,2020-06-06,25036,999535
SAU,2020-06-07,18578,1018113
SAU,2020-06-08,20858,1038971
SAU,2020-06-09,22139,1061110
SAU,2020-06-10,22500,1083610
SAU,2020-06-11,27324,1110934
SAU,2020-06-12,17385,1128319
SAU,2020-06-13,19377,1147696
SAU,2020-06-14,20255,1167951
SAU,2020-06-15,17629,1185580
SAU,2020-06-16,23484,1209064
SAU,2020-06-17,30507,1239571
SAU,2020-06-18,26016,1265587
SAU,2020-06-19,24708,1290295
SAU,2020-06-20,35656,1325951
SAU,2020-06-21,33614,1359565
SAU,2020-06-22,27253,1386818
SAU,2020-06-23,34511,1421329
SAU,2020-06-24,37740,1459069
SAU,2020-06-25,38470,1497539
SAU,2020-06-26,44275,1541814
SAU,2020-06-27,45521,1587335
SAU,2020-06-28,45104,1632439
SAU,2020-06-29,48173,1680612
SAU,2020-06-30,35173,1715785
SAU,2020-07-01,53214,1768999
SAU,2020-07-02,43927,1812926
SAU,2020-07-03,52135,1865061
SAU,2020-07-04,50564,1915625
SAU,2020-07-05,60064,1975689
SAU,2020-07-06,42968,2018657
SAU,2020-07-07,56324,2074981
SAU,2020-07-08,56311,2131292
SAU,2020-07-09,57630,2188922
SAU,2020-07-10,50000,2238922
SAU,2020-07-11,47587,2286509
SAU,2020-07-12,69313,2355822
SAU,2020-07-13,43957,2399779
SAU,2020-07-14,62168,2461947
SAU,2020-07-15,61348,2523295
SAU,2020-07-16,68707,2592002
SAU,2020-07-17,65522,2657524
SAU,2020-07-18,51298,2708822
SAU,2020-07-19,60656,2769478
SAU,2020-07-20,59608,2829086
SAU,2020-07-21,55338,2884424
SAU,2020-07-22,60530,2944954
SAU,2020-07-23,55660,3000614
SAU,2020-07-24,55970,3056584
SAU,2020-07-25,60374,3116958
SAU,2020-07-26,56951,3173909
SAU,2020-07-27,67295,3241204
SAU,2020-07-28,66003,3307207
SAU,2020-07-29,55119,3362326
SAU,2020-07-30,64007,3426333
SAU,2020-07-31,48305,3474638
SAU,2020-08-01,39824,3514462
SAU,2020-08-02,44519,3558981
SAU,2020-08-03,57483,3616464
SAU,2020-08-04,55257,3671721
SAU,2020-08-05,58724,3730445
SAU,2020-08-06,61457,3791902
SAU,2020-08-07,64004,3855906
SAU,2020-08-08,61582,3917488
SAU,2020-08-09,62483,3979971
SAU,2020-08-10,63986,4043957
SAU,2020-08-11,70834,4114791
SAU,2020-08-12,73912,4188703
SAU,2020-08-13,69505,4258208
SAU,2020-08-14,67030,4325238
SAU,2020-08-15,63174,4388412
SAU,2020-08-16,58771,4447183
SAU,2020-08-17,63870,4511053
SAU,2020-08-18,64225,4575278
SAU,2020-08-19,64778,4640056
SAU,2020-08-20,65571,4705627
SAU,2020-08-21,62278,4767905
SAU,2020-08-22,55471,4823376
SAU,2020-08-23,61693,4885069
SAU,2020-08-24,61865,4946934
SAU,2020-08-25,61625,5008559
SAU,2020-08-26,66423,5074982
SAU,2020-08-27,63353,5138335
SAU,2020-08-28,55166,5193501
SAU,2020-08-29,40624,5234125
SAU,2020-08-30,50094,5284219
SAU,2020-08-31,53147,5337366
SAU,2020-09-01,55801,5393167
SAU,2020-09-02,51811,5444978
SAU,2020-09-03,55805,5500783
SAU,2020-09-04,53168,5553951
SAU,2020-09-05,44823,5598774
SAU,2020-09-06,47329,5646103
SAU,2020-09-07,51848,5697951
SAU,2020-09-08,52363,5750314
SAU,2020-09-09,44449,5794763
SAU,2020-09-10,58742,5853505
SAU,2020-09-11,44336,5897841
SAU,2020-09-12,39380,5937221
SAU,2020-09-13,47183,5984404
SAU,2020-09-14,54611,6039015
SAU,2020-09-15,53352,6092367
SAU,2020-09-16,52193,6144560
SAU,2020-09-17,52858,6197418
SAU,2020-09-18,46190,6243608
SAU,2020-09-19,43191,6286799
SAU,2020-09-20,46810,6333609
SAU,2020-09-21,51525,6385134
SAU,2020-09-22,48854,6433988
SAU,2020-09-23,46037,6480025
SAU,2020-09-24,38698,6518723
SAU,2020-09-25,38528,6557251
SAU,2020-09-26,34300,6591551
SAU,2020-09-27,44112,6635663
SAU,2020-09-28,51676,6687339
SAU,2020-09-29,47320,6734659
SAU,2020-09-30,49535,6784194
SAU,2020-10-01,51632,6835826
SAU,2020-10-02,46019,6881845
SAU,2020-10-03,39340,6921185
SAU,2020-10-04,47129,6968314
SAU,2020-10-05,50785,7019099
SAU,2020-10-06,52184,7071283
SAU,2020-10-07,48341,7119624
SAU,2020-10-08,53894,7173518
SAU,2020-10-09,46189,7219707
SAU,2020-10-10,38239,7257946
SAU,2020-10-11,45703,7303649
SAU,2020-10-12,49495,7353144
SAU,2020-10-13,51849,7404993
SAU,2020-10-14,52966,7457959
SAU,2020-10-15,53032,7510991
SAU,2020-10-16,47926,7558917
SAU,2020-10-17,38385,7597302
SAU,2020-10-18,48884,7646186
SAU,2020-10-19,54477,7700663
SAU,2020-10-20,51643,7752306
SAU,2020-10-21,53523,7805829
SAU,2020-10-22,52876,7858705
SAU,2020-10-23,54809,7913514
SAU,2020-10-24,50014,7963528
SAU,2020-10-25,52321,8015849
SAU,2020-10-26,57870,8073719
SAU,2020-10-27,58561,8132280
SAU,2020-10-28,55907,8188187
SAU,2020-10-29,56255,8244442
SAU,2020-10-30,51418,8295860
SAU,2020-10-31,44840,8340700
SAU,2020-11-01,53819,8394519
SAU,2020-11-02,58930,8453449
SAU,2020-11-03,63664,8517113
SAU,2020-11-04,59317,8576430
SAU,2020-11-05,61866,8638296
SAU,2020-11-06,53726,8692022
SAU,2020-11-07,45471,8737493
SAU,2020-11-08,53583,8791076
SAU,2020-11-09,64590,8855666
SAU,2020-11-10,62922,8918588
SAU,2020-11-11,50851,8969439
SAU,2020-11-12,62611,9032050
SAU,2020-11-13,51139,9083189
SAU,2020-11-14,44855,9128044
SAU,2020-11-15,53147,9181191
SAU,2020-11-16,59792,9240983
SAU,2020-11-17,56691,9297674
SAU,2020-11-18,59259,9356933
SAU,2020-11-19,57434,9414367
SAU,2020-11-20,47445,9461812
SAU,2020-11-21,36558,9498370
SAU,2020-11-22,40395,9538765
SAU,2020-11-23,55276,9594041
SAU,2020-11-24,50738,9644779
SAU,2020-11-25,51831,9696610
SAU,2020-11-26,51949,9748559
SAU,2020-11-27,36709,9785268
SAU,2020-11-28,34616,9819884
SAU,2020-11-29,39224,9859108
SAU,2020-11-30,46372,9905480
SAU,2020-12-01,47337,9952817
SAU,2020-12-02,42125,9994942
SAU,2020-12-03,44306,10039248
SAU,2020-12-04,34621,10073869
SAU,2020-12-05,32790,10106659
SAU,2020-12-06,40371,10147030
SAU,2020-12-07,44601,10191631
SAU,2020-12-08,41959,10233590
SAU,2020-12-09,41775,10275365
SAU,2020-12-10,41267,10316632
SAU,2020-12-11,32958,10349590
SAU,2020-12-12,29142,10378732
SAU,2020-12-13,30902,10409634
SAU,2020-12-14,34552,10444186
SAU,2020-12-15,46619,10490805
SAU,2020-12-16,39441,10530246
SAU,2020-12-17,42448,10572694
SAU,2020-12-18,33676,10606370
SAU,2020-12-19,33275,10639645
SAU,2020-12-20,36373,10676018
SAU,2020-12-21,39610,10715628
SAU,2020-12-22,39564,10755192
SAU,2020-12-23,34698,10789890
SAU,2020-12-24,32339,10822229
SAU,2020-12-25,28916,10851145
SAU,2020-12-26,21775,10872920
SAU,2020-12-27,30109,10903029
SAU,2020-12-28,34677,10937706
SAU,2020-12-29,36149,10973855
SAU,2020-12-30,36529,11010384
SAU,2020-12-31,36383,11046767
SAU,2021-01-01,27169,11073936
SAU,2021-01-02,29252,11103188
SAU,2021-01-03,31689,11134877
SAU,2021-01-04,39433,11174310
SAU,2021-01-05,39795,11214105
SAU,2021-01-06,36161,11250266
SAU,2021-01-07,47061,11297327
SAU,2021-01-08,37043,11334370
SAU,2021-01-09,28324,11362694
SAU,2021-01-10,42599,11405293
SAU,2021-01-11,50138,11455431
SAU,2021-01-12,48910,11504341
SAU,2021-01-13,49133,11553474
SAU,2021-01-14,50695,11604169
SAU,2021-01-15,43255,11647424
SAU,2021-01-16,39774,11687198
SAU,2021-01-17,45064,11732262
SAU,2021-01-18,56351,11788613
SAU,2021-01-19,52565,11841178
SAU,2021-01-20,52105,11893283
SAU,2021-01-21,49306,11942589
SAU,2021-01-22,33875,11976464
SAU,2021-01-23,35527,12011991
SAU,2021-01-24,43695,12055686
SAU,2021-01-25,44642,12100328
SAU,2021-01-26,46333,12146661
SAU,2021-01-27,45115,12191776
SAU,2021-01-28,48445,12240221
SAU,2021-01-29,36768,12276989
SAU,2021-01-30,36964,12313953
SAU,2021-01-31,44496,12358449
SAU,2021-02-01,52176,12410625
SAU,2021-02-02,51597,12462222
SAU,2021-02-03,54851,12517073
SAU,2021-02-04,54056,12571129
SAU,2021-02-05,45874,12617003
SAU,2021-02-06,46166,12663169
SAU,2021-02-07,48260,12711429
SAU,2021-02-08,53039,12764468
SAU,2021-02-09,50942,12815410
SAU,2021-02-10,50339,12865749
SAU,2021-02-11,52454,12918203
SAU,2021-02-12,46841,12965044
SAU,2021-02-13,41465,13006509
SAU,2021-02-14,49060,13055569
SAU,2021-02-15,52357,13107926
SAU,2021-02-16,49608,13157534
SAU,2021-02-17,51419,13208953
SAU,2021-02-18,48779,13257732
SAU,2021-02-19,38376,13296108
SAU,2021-02-20,36218,13332326
SAU,2021-02-21,41010,13373336
SAU,2021-02-22,45080,13418416
SAU,2021-02-23,45388,13463804
SAU,2021-02-24,45608,13509412
SAU,2021-02-25,45027,13554439
SAU,2021-02-26,39707,13594146
SAU,2021-02-27,38931,13633077
SAU,2021-02-28,47125,13680202
SAU,2021-03-01,47290,13727492
SAU,2021-03-02,55082,13782574
SAU,2021-03-03,47118,13829692
SAU,2021-03-04,52737,13882429
SAU,2021-03-05,48078,13930507
SAU,2021-03-06,41701,13972208
SAU,2021-03-07,47791,14019999
SAU,2021-03-08,56118,14076117
SAU,2021-03-09,54425,14130542
SAU,2021-03-10,45261,14175803
SAU,2021-03-11,51656,14227459
SAU,2021-03-12,44953,14272412
SAU,2021-03-13,34731,14307143
SAU,2021-03-14,45647,14352790
SAU,2021-03-15,53290,14406080
SAU,2021-03-16,50403,14456483
SAU,2021-03-17,47139,14503622
SAU,2021-03-18,44257,14547879
SAU,2021-03-19,37402,14585281
SAU,2021-03-20,34727,14620008
SAU,2021-03-21,44161,14664169
SAU,2021-03-22,53823,14717992
SAU,2021-03-23,45877,14763869
SAU,2021-03-24,48937,14812806
SAU,2021-03-25,56431,14869237
SAU,2021-03-26,46328,14915565
SAU,2021-03-27,44058,14959623
SAU,2021-03-28,48775,15008398
SAU,2021-03-29,57626,15066024
SAU,2021-03-30,60088,15126112
SAU,2021-03-31,58199,15184311
SAU,2021-04-01,61083,15245394
SAU,2021-04-02,53777,15299171
SAU,2021-04-03,51414,15350585
SAU,2021-04-04,56906,15407491
SAU,2021-04-05,62432,15469923
SAU,2021-04-06,63992,15533915
SAU,2021-04-07,71946,15605861
SAU,2021-04-08,71044,15676905
SAU,2021-04-09,61640,15738545
SAU,2021-04-10,58897,15797442
SAU,2021-04-11,59793,15857235
SAU,2021-04-12,61853,15919088
SAU,2021-04-13,53931,15973019
SAU,2021-04-14,45843,16018862
SAU,2021-04-15,53744,16072606
SAU,2021-04-16,51126,16123732
SAU,2021-04-17,51225,16174957
SAU,2021-04-18,56583,16231540
SAU,2021-04-19,62069,16293609
SAU,2021-04-20,58507,16352116
SAU,2021-04-21,61923,16414039
SAU,2021-04-22,63320,16477359
SAU,2021-04-23,58733,16536092
SAU,2021-04-24,50346,16586438
SAU,2021-04-25,57483,16643921
SAU,2021-04-26,64782,16708703
SAU,2021-04-27,66185,16774888
SAU,2021-04-28,63731,16838619
SAU,2021-04-29,65194,16903813
SAU,2021-04-30,65454,16969267
SAU,2021-05-01,62447,17031714
SAU,2021-05-02,65317,17097031
SAU,2021-05-03,68997,17166028
SAU,2021-05-04,72118,17238146
SAU,2021-05-05,76717,17314863
SAU,2021-05-06,74940,17389803
SAU,2021-05-07,69482,17459285
SAU,2021-05-08,67980,17527265
SAU,2021-05-09,70822,17598087
SAU,2021-05-10,71792,17669879
SAU,2021-05-11,71040,17740919
SAU,2021-05-12,71457,17812376
SAU,2021-05-13,56495,17868871
SAU,2021-05-14,47586,17916457
SAU,2021-05-15,54049,17970506
SAU,2021-05-16,61665,18032171
SAU,2021-05-17,73933,18106104
SAU,2021-05-18,88859,18194963
SAU,2021-05-19,93896,18288859
SAU,2021-05-20,81678,18370537
SAU,2021-05-21,78608,18449145
SAU,2021-05-22,77269,18526414
SAU,2021-05-23,81094,18607508
SAU,2021-05-24,88182,18695690
SAU,2021-05-25,93145,18788835
SAU,2021-05-26,86629,18875464
SAU,2021-05-27,92566,18968030
SAU,2021-05-28,78087,19046117
SAU,2021-05-29,76003,19122120
SAU,2021-05-30,92458,19214578
SAU,2021-05-31,92433,19307011
SAU,2021-06-01,93209,19400220
SAU,2021-06-02,96230,19496450
SAU,2021-06-03,96393,19592843
SAU,2021-06-04,83768,19676611
SAU,2021-06-05,73955,19750566
SAU,2021-06-06,86073,19836639
SAU,2021-06-07,92398,19929037
SAU,2021-06-08,92124,20021161
SAU,2021-06-09,92227,20113388
SAU,2021-06-10,90559,20203947
SAU,2021-06-11,75059,20279006
SAU,2021-06-12,76549,20355555
SAU,2021-06-13,83368,20438923
SAU,2021-06-14,87880,20526803
SAU,2021-06-15,90874,20617677
SAU,2021-06-16,94921,20712598
SAU,2021-06-17,86695,20799293
SAU,2021-06-18,77831,20877124
SAU,2021-06-19,84652,20961776
SAU,2021-06-20,75117,21036893
SAU,2021-06-21,97195,21134088
SAU,2021-06-22,85027,21219115
SAU,2021-06-23,91021,21310136
SAU,2021-06-24,103820,21413956
SAU,2021-06-25,92192,21506148
SAU,2021-06-26,95396,21601544
SAU,2021-06-27,86824,21688368
SEN,2020-02-28,1,1
SEN,2020-02-29,0,1
SEN,2020-03-01,0,1
SEN,2020-03-02,0,1
SEN,2020-03-03,2,3
SEN,2020-03-04,11,14
SEN,2020-03-05,0,14
SEN,2020-03-06,2,16
SEN,2020-03-07,2,18
SEN,2020-03-08,2,20
SEN,2020-03-09,6,26
SEN,2020-03-10,1,27
SEN,2020-03-11,8,35
SEN,2020-03-12,6,41
SEN,2020-03-13,12,53
SEN,2020-03-14,3,56
SEN,2020-03-15,2,58
SEN,2020-03-16,9,67
SEN,2020-03-17,44,111
SEN,2020-03-18,27,138
SEN,2020-03-19,22,160
SEN,2020-03-20,56,216
SEN,2020-03-21,31,247
SEN,2020-03-22,85,332
SEN,2020-03-23,60,392
SEN,2020-03-24,59,451
SEN,2020-03-25,142,593
SEN,2020-03-26,130,723
SEN,2020-03-27,144,867
SEN,2020-03-28,98,965
SEN,2020-03-29,151,1116
SEN,2020-03-30,87,1203
SEN,2020-03-31,97,1300
SEN,2020-04-01,195,1495
SEN,2020-04-02,127,1622
SEN,2020-04-03,153,1775
SEN,2020-04-04,177,1952
SEN,2020-04-05,92,2044
SEN,2020-04-06,95,2139
SEN,2020-04-07,110,2249
SEN,2020-04-08,108,2357
SEN,2020-04-09,199,2556
SEN,2020-04-10,195,2751
SEN,2020-04-11,173,2924
SEN,2020-04-12,104,3028
SEN,2020-04-13,144,3172
SEN,2020-04-14,272,3444
SEN,2020-04-15,227,3671
SEN,2020-04-16,435,4106
SEN,2020-04-17,287,4393
SEN,2020-04-18,226,4619
SEN,2020-04-19,313,4932
SEN,2020-04-20,281,5213
SEN,2020-04-21,466,5679
SEN,2020-04-22,482,6161
SEN,2020-04-23,387,6548
SEN,2020-04-24,528,7076
SEN,2020-04-25,703,7779
SEN,2020-04-26,579,8358
SEN,2020-04-27,677,9035
SEN,2020-04-28,873,9908
SEN,2020-04-29,800,10708
SEN,2020-04-30,1161,11869
SEN,2020-05-01,901,12770
SEN,2020-05-02,1190,13960
SEN,2020-05-03,810,14770
SEN,2020-05-04,807,15577
SEN,2020-05-05,702,16279
SEN,2020-05-06,1182,17461
SEN,2020-05-07,1027,18488
SEN,2020-05-08,872,19360
SEN,2020-05-09,848,20208
SEN,2020-05-10,1356,21564
SEN,2020-05-11,917,22481
SEN,2020-05-12,1099,23580
SEN,2020-05-13,920,24500
SEN,2020-05-14,992,25492
SEN,2020-05-15,1128,26620
SEN,2020-05-16,989,27609
SEN,2020-05-17,816,28425
SEN,2020-05-18,1172,29597
SEN,2020-05-19,930,30527
SEN,2020-05-20,1042,31569
SEN,2020-05-21,1215,32784
SEN,2020-05-22,1199,33983
SEN,2020-05-23,934,34917
SEN,2020-05-24,889,35806
SEN,2020-05-25,1091,36897
SEN,2020-05-26,551,37448
SEN,2020-05-27,961,38409
SEN,2020-05-28,991,39400
SEN,2020-05-29,1236,40636
SEN,2020-05-30,1370,42006
SEN,2020-05-31,1024,43030
SEN,2020-06-01,1820,44850
SEN,2020-06-02,1339,46189
SEN,2020-06-03,1549,47738
SEN,2020-06-04,1348,49086
SEN,2020-06-05,1700,50786
SEN,2020-06-06,1166,51952
SEN,2020-06-07,1266,53218
SEN,2020-06-08,1010,54228
SEN,2020-06-09,1402,55630
SEN,2020-06-10,1205,56835
SEN,2020-06-11,1164,57999
SEN,2020-06-12,1005,59004
SEN,2020-06-13,1378,60382
SEN,2020-06-14,1223,61605
SEN,2020-06-15,1254,62859
SEN,2020-06-16,999,63858
SEN,2020-06-17,970,64828
SEN,2020-06-18,1406,66234
SEN,2020-06-19,1617,67851
SEN,2020-06-20,1247,69098
SEN,2020-06-21,978,70076
SEN,2020-06-22,1040,71116
SEN,2020-06-23,1045,72161
SEN,2020-06-24,987,73148
SEN,2020-06-25,985,74133
SEN,2020-06-26,1057,75190
SEN,2020-06-27,1009,76199
SEN,2020-06-28,1179,77378
SEN,2020-06-29,956,78334
SEN,2020-06-30,1274,79608
SEN,2020-07-01,907,80515
SEN,2020-07-02,1160,81675
SEN,2020-07-03,1078,82753
SEN,2020-07-04,959,83712
SEN,2020-07-05,756,84468
SEN,2020-07-06,838,85306
SEN,2020-07-07,693,85999
SEN,2020-07-08,788,86787
SEN,2020-07-09,970,87757
SEN,2020-07-10,868,88625
SEN,2020-07-11,790,89415
SEN,2020-07-12,1108,90523
SEN,2020-07-13,710,91233
SEN,2020-07-14,764,91997
SEN,2020-07-15,804,92801
SEN,2020-07-16,1173,93974
SEN,2020-07-17,1074,95048
SEN,2020-07-18,790,95838
SEN,2020-07-19,712,96550
SEN,2020-07-20,639,97189
SEN,2020-07-21,369,97558
SEN,2020-07-22,1244,98802
SEN,2020-07-23,1170,99972
SEN,2020-07-24,1602,101574
SEN,2020-07-25,1315,102889
SEN,2020-07-26,1367,104256
SEN,2020-07-27,1083,105339
SEN,2020-07-28,824,106163
SEN,2020-07-29,1963,108126
SEN,2020-07-30,1547,109673
SEN,2020-07-31,1374,111047
SEN,2020-08-01,850,111897
SEN,2020-08-02,915,112812
SEN,2020-08-03,946,113758
SEN,2020-08-04,1078,114836
SEN,2020-08-05,1241,116077
SEN,2020-08-06,1917,117994
SEN,2020-08-07,1711,119705
SEN,2020-08-08,1576,121281
SEN,2020-08-09,1656,122937
SEN,2020-08-10,1402,124339
SEN,2020-08-11,876,125215
SEN,2020-08-12,1842,127057
SEN,2020-08-13,1730,128787
SEN,2020-08-14,1952,130739
SEN,2020-08-15,1886,132625
SEN,2020-08-16,1317,133942
SEN,2020-08-17,1049,134991
SEN,2020-08-18,926,135917
SEN,2020-08-19,1463,137380
SEN,2020-08-20,1519,138899
SEN,2020-08-21,1421,140320
SEN,2020-08-22,1552,141872
SEN,2020-08-23,1250,143122
SEN,2020-08-24,812,143934
SEN,2020-08-25,816,144750
SEN,2020-08-26,1384,146134
SEN,2020-08-27,1242,147376
SEN,2020-08-28,1250,148626
SEN,2020-08-29,1338,149964
SEN,2020-08-30,1276,151240
SEN,2020-08-31,1090,152330
SEN,2020-09-01,944,153274
SEN,2020-09-02,1187,154461
SEN,2020-09-03,1032,155493
SEN,2020-09-04,1346,156839
SEN,2020-09-05,1313,158152
SEN,2020-09-06,1166,159318
SEN,2020-09-07,1082,160400
SEN,2020-09-08,788,161188
SEN,2020-09-09,1317,162505
SEN,2020-09-10,933,163438
SEN,2020-09-11,1261,164699
SEN,2020-09-12,1093,165792
SEN,2020-09-13,1206,166998
SEN,2020-09-14,852,167850
SEN,2020-09-15,727,168577
SEN,2020-09-16,1169,169746
SEN,2020-09-17,1312,171058
SEN,2020-09-18,1154,172212
SEN,2020-09-19,1334,173546
SEN,2020-09-20,1224,174770
SEN,2020-09-21,997,175767
SEN,2020-09-22,857,176624
SEN,2020-09-23,1005,177629
SEN,2020-09-24,1005,178634
SEN,2020-09-25,1170,179804
SEN,2020-09-26,1141,180945
SEN,2020-09-27,1295,182240
SEN,2020-09-28,929,183169
SEN,2020-09-29,920,184089
SEN,2020-09-30,1266,185355
SEN,2020-10-01,1351,186706
SEN,2020-10-02,1213,187919
SEN,2020-10-03,1337,189256
SEN,2020-10-04,1131,190387
SEN,2020-10-05,929,191316
SEN,2020-10-06,777,192093
SEN,2020-10-07,1042,193135
SEN,2020-10-08,987,194122
SEN,2020-10-09,1059,195181
SEN,2020-10-10,1177,196358
SEN,2020-10-11,1091,197449
SEN,2020-10-12,639,198088
SEN,2020-10-13,924,199012
SEN,2020-10-14,1293,200305
SEN,2020-10-15,1105,201410
SEN,2020-10-16,1084,202494
SEN,2020-10-17,982,203476
SEN,2020-10-18,1156,204632
SEN,2020-10-19,829,205461
SEN,2020-10-20,816,206277
SEN,2020-10-21,1010,207287
SEN,2020-10-22,899,208186
SEN,2020-10-23,1379,209565
SEN,2020-10-24,937,210502
SEN,2020-10-25,1017,211519
SEN,2020-10-26,576,212095
SEN,2020-10-27,453,212548
SEN,2020-10-28,721,213269
SEN,2020-10-29,689,213958
SEN,2020-10-30,805,214763
SEN,2020-10-31,954,215717
SEN,2020-11-01,1038,216755
SEN,2020-11-02,653,217408
SEN,2020-11-03,400,217808
SEN,2020-11-04,769,218577
SEN,2020-11-05,740,219317
SEN,2020-11-06,768,220085
SEN,2020-11-07,968,221053
SEN,2020-11-08,797,221850
SEN,2020-11-09,544,222394
SEN,2020-11-10,597,222991
SEN,2020-11-11,738,223729
SEN,2020-11-12,713,224442
SEN,2020-11-13,649,225091
SEN,2020-11-14,1069,226160
SEN,2020-11-15,862,227022
SEN,2020-11-16,608,227630
SEN,2020-11-17,551,228181
SEN,2020-11-18,786,228967
SEN,2020-11-19,800,229767
SEN,2020-11-20,794,230561
SEN,2020-11-21,978,231539
SEN,2020-11-22,891,232430
SEN,2020-11-23,684,233114
SEN,2020-11-24,524,233638
SEN,2020-11-25,743,234381
SEN,2020-11-26,959,235340
SEN,2020-11-27,921,236261
SEN,2020-11-28,1050,237311
SEN,2020-11-29,1029,238340
SEN,2020-11-30,722,239062
SEN,2020-12-01,680,239742
SEN,2020-12-02,1053,240795
SEN,2020-12-03,916,241711
SEN,2020-12-04,1054,242765
SEN,2020-12-05,1224,243989
SEN,2020-12-06,925,244914
SEN,2020-12-07,1231,246145
SEN,2020-12-08,844,246989
SEN,2020-12-09,1001,247990
SEN,2020-12-10,1284,249274
SEN,2020-12-11,1397,250671
SEN,2020-12-12,1328,251999
SEN,2020-12-13,1227,253226
SEN,2020-12-14,1122,254348
SEN,2020-12-15,938,255286
SEN,2020-12-16,1279,256565
SEN,2020-12-17,1544,258109
SEN,2020-12-18,1489,259598
SEN,2020-12-19,1819,261417
SEN,2020-12-20,1356,262773
SEN,2020-12-21,1404,264177
SEN,2020-12-22,953,265130
SEN,2020-12-23,1439,266569
SEN,2020-12-24,2160,268729
SEN,2020-12-25,1364,270093
SEN,2020-12-26,1549,271642
SEN,2020-12-27,1200,272842
SEN,2020-12-28,1194,274036
SEN,2020-12-29,984,275020
SEN,2020-12-30,1379,276399
SEN,2020-12-31,1402,277801
SEN,2021-01-01,1718,279519
SEN,2021-01-02,1654,281173
SEN,2021-01-03,1703,282876
SEN,2021-01-04,1293,284169
SEN,2021-01-05,1329,285498
SEN,2021-01-06,1540,287038
SEN,2021-01-07,1775,288813
SEN,2021-01-08,2270,291083
SEN,2021-01-09,2555,293638
SEN,2021-01-10,1781,295419
SEN,2021-01-11,1927,297346
SEN,2021-01-12,1062,298408
SEN,2021-01-13,1709,300117
SEN,2021-01-14,1837,301954
SEN,2021-01-15,2286,304240
SEN,2021-01-16,2527,306767
SEN,2021-01-17,2239,309006
SEN,2021-01-18,1888,310894
SEN,2021-01-19,1443,312337
SEN,2021-01-20,1380,313717
SEN,2021-01-21,2500,316217
SEN,2021-01-22,2270,318487
SEN,2021-01-23,2389,320876
SEN,2021-01-24,2448,323324
SEN,2021-01-25,2099,325423
SEN,2021-01-26,1515,326938
SEN,2021-01-27,1698,328636
SEN,2021-01-28,2262,330898
SEN,2021-01-29,2102,333000
SEN,2021-01-30,2180,335180
SEN,2021-01-31,2083,337263
SEN,2021-02-01,2411,339674
SEN,2021-02-02,1457,341131
SEN,2021-02-03,1787,342918
SEN,2021-02-04,2523,345441
SEN,2021-02-05,2331,347772
SEN,2021-02-06,3029,350801
SEN,2021-02-07,2298,353099
SEN,2021-02-08,2361,355460
SEN,2021-02-09,1329,356789
SEN,2021-02-10,1653,358442
SEN,2021-02-11,2860,361302
SEN,2021-02-12,2688,363990
SEN,2021-02-13,2287,366277
SEN,2021-02-14,2116,368393
SEN,2021-02-15,2056,370449
SEN,2021-02-16,1555,372004
SEN,2021-02-17,2192,374196
SEN,2021-02-18,2128,376324
SEN,2021-02-19,2168,378492
SEN,2021-02-20,2586,381078
SEN,2021-02-21,2348,383426
SEN,2021-02-22,1931,385357
SEN,2021-02-23,1633,386990
SEN,2021-02-24,2040,389030
SEN,2021-02-25,2547,391577
SEN,2021-02-26,2762,394339
SEN,2021-02-27,2210,396549
SEN,2021-02-28,2308,398857
SEN,2021-03-01,1746,400603
SEN,2021-03-02,1273,401876
SEN,2021-03-03,2017,403893
SEN,2021-03-04,2070,405963
SEN,2021-03-05,2089,408052
SEN,2021-03-06,1856,409908
SEN,2021-03-07,2057,411965
SEN,2021-03-08,1227,413192
SEN,2021-03-09,1028,414220
SEN,2021-03-10,1390,415610
SEN,2021-03-11,1948,417558
SEN,2021-03-12,1935,419493
SEN,2021-03-13,1702,421195
SEN,2021-03-14,1817,423012
SEN,2021-03-15,1330,424342
SEN,2021-03-16,1116,425458
SEN,2021-03-17,1892,427350
SEN,2021-03-18,1889,429239
SEN,2021-03-19,1655,430894
SEN,2021-03-20,2214,433108
SEN,2021-03-21,1894,435002
SEN,2021-03-22,1398,436400
SEN,2021-03-23,732,437132
SEN,2021-03-24,1906,439038
SEN,2021-03-25,1571,440609
SEN,2021-03-26,1586,442195
SEN,2021-03-27,1842,444037
SEN,2021-03-28,1850,445887
SEN,2021-03-29,1139,447026
SEN,2021-03-30,1073,448099
SEN,2021-03-31,1607,449706
SEN,2021-04-01,1659,451365
SEN,2021-04-02,1823,453188
SEN,2021-04-03,1635,454823
SEN,2021-04-04,1834,456657
SEN,2021-04-05,1421,458078
SEN,2021-04-06,793,458871
SEN,2021-04-07,867,459738
SEN,2021-04-08,1421,461159
SEN,2021-04-09,1441,462600
SEN,2021-04-10,1515,464115
SEN,2021-04-11,1810,465925
SEN,2021-04-12,1287,467212
SEN,2021-04-13,999,468211
SEN,2021-04-14,1511,469722
SEN,2021-04-15,1315,471037
SEN,2021-04-16,1575,472612
SEN,2021-04-17,1672,474284
SEN,2021-04-18,1536,475820
SEN,2021-04-19,1221,477041
SEN,2021-04-20,911,477952
SEN,2021-04-21,1649,479601
SEN,2021-04-22,1392,480993
SEN,2021-04-23,1225,482218
SEN,2021-04-24,1638,483856
SEN,2021-04-25,1452,485308
SEN,2021-04-26,1194,486502
SEN,2021-04-27,880,487382
SEN,2021-04-28,1231,488613
SEN,2021-04-29,1309,489922
SEN,2021-04-30,1280,491202
SEN,2021-05-01,1552,492754
SEN,2021-05-02,1780,494534
SEN,2021-05-03,968,495502
SEN,2021-05-04,948,496450
SEN,2021-05-05,1199,497649
SEN,2021-05-06,1029,498678
SEN,2021-05-07,1313,499991
SEN,2021-05-08,1372,501363
SEN,2021-05-09,1053,502416
SEN,2021-05-10,839,503255
SEN,2021-05-11,842,504097
SEN,2021-05-12,1094,505191
SEN,2021-05-13,990,506181
SEN,2021-05-14,1055,507236
SEN,2021-05-15,961,508197
SEN,2021-05-16,1508,509705
SEN,2021-05-17,1104,510809
SEN,2021-05-18,869,511678
SEN,2021-05-19,1358,513036
SEN,2021-05-20,1235,514271
SEN,2021-05-21,1438,515709
SEN,2021-05-22,1633,517342
SEN,2021-05-23,1775,519117
SEN,2021-05-24,1356,520473
SEN,2021-05-25,893,521366
SEN,2021-05-26,1102,522468
SEN,2021-05-27,1767,524235
SEN,2021-05-28,1442,525677
SEN,2021-05-29,1937,527614
SEN,2021-05-30,1835,529449
SEN,2021-05-31,1526,530975
SEN,2021-06-01,1051,532026
SEN,2021-06-02,1686,533712
SEN,2021-06-03,1275,534987
SEN,2021-06-04,1211,536198
SEN,2021-06-05,1748,537946
SEN,2021-06-06,1869,539815
SEN,2021-06-07,1368,541183
SEN,2021-06-08,979,542162
SEN,2021-06-09,1642,543804
SEN,2021-06-10,1349,545153
SEN,2021-06-11,1322,546475
SEN,2021-06-12,1984,548459
SEN,2021-06-13,1795,550254
SEN,2021-06-14,1326,551580
SEN,2021-06-15,973,552553
SEN,2021-06-16,1627,554180
SEN,2021-06-17,1347,555527
SEN,2021-06-18,1416,556943
SEN,2021-06-19,1806,558749
SEN,2021-06-20,1899,560648
SEN,2021-06-21,1429,562077
SEN,2021-06-22,1073,563150
SEN,2021-06-23,1845,564995
SEN,2021-06-24,1582,566577
SRB,2020-02-26,0,0
SRB,2020-02-27,9,9
SRB,2020-02-28,5,14
SRB,2020-02-29,3,17
SRB,2020-03-01,3,20
SRB,2020-03-02,9,29
SRB,2020-03-03,1,30
SRB,2020-03-04,4,34
SRB,2020-03-05,0,34
SRB,2020-03-06,0,34
SRB,2020-03-07,24,58
SRB,2020-03-08,3,61
SRB,2020-03-09,7,68
SRB,2020-03-10,16,84
SRB,2020-03-11,34,118
SRB,2020-03-12,34,152
SRB,2020-03-13,54,206
SRB,2020-03-14,29,235
SRB,2020-03-15,15,250
SRB,2020-03-16,33,283
SRB,2020-03-17,58,341
SRB,2020-03-18,66,407
SRB,2020-03-19,66,473
SRB,2020-03-20,79,552
SRB,2020-03-21,87,639
SRB,2020-03-22,89,728
SRB,2020-03-23,61,789
SRB,2020-03-24,94,883
SRB,2020-03-25,245,1128
SRB,2020-03-26,295,1423
SRB,2020-03-27,259,1682
SRB,2020-03-28,371,2053
SRB,2020-03-29,376,2429
SRB,2020-03-30,622,3051
SRB,2020-03-31,477,3528
SRB,2020-04-01,810,4338
SRB,2020-04-02,637,4975
SRB,2020-04-03,748,5723
SRB,2020-04-04,645,6368
SRB,2020-04-05,959,7327
SRB,2020-04-06,1192,8519
SRB,2020-04-07,1074,9593
SRB,2020-04-08,1135,10728
SRB,2020-04-09,1586,12314
SRB,2020-04-10,1893,14207
SRB,2020-04-11,2159,16366
SRB,2020-04-12,1913,18279
SRB,2020-04-13,2646,20925
SRB,2020-04-14,2440,23365
SRB,2020-04-15,2880,26245
SRB,2020-04-16,3194,29439
SRB,2020-04-17,3094,32533
SRB,2020-04-18,3462,35995
SRB,2020-04-19,2673,38668
SRB,2020-04-20,3111,41779
SRB,2020-04-21,3543,45322
SRB,2020-04-22,3281,48603
SRB,2020-04-23,2688,51291
SRB,2020-04-24,3563,54854
SRB,2020-04-25,5051,59905
SRB,2020-04-26,4365,64270
SRB,2020-04-27,3614,67884
SRB,2020-04-28,5446,73330
SRB,2020-04-29,5579,78909
SRB,2020-04-30,6703,85612
SRB,2020-05-01,5906,91518
SRB,2020-05-02,5086,96604
SRB,2020-05-03,5274,101878
SRB,2020-05-04,4550,106428
SRB,2020-05-05,4817,111245
SRB,2020-05-06,6196,117441
SRB,2020-05-07,5521,122962
SRB,2020-05-08,5810,128772
SRB,2020-05-09,5728,134500
SRB,2020-05-10,6059,140559
SRB,2020-05-11,5012,145571
SRB,2020-05-12,5700,151271
SRB,2020-05-13,5299,156570
SRB,2020-05-14,6194,162764
SRB,2020-05-15,5873,168637
SRB,2020-05-16,6076,174713
SRB,2020-05-17,6526,181239
SRB,2020-05-18,4113,185352
SRB,2020-05-19,5298,190650
SRB,2020-05-20,6198,196848
SRB,2020-05-21,6918,203766
SRB,2020-05-22,5998,209764
SRB,2020-05-23,4415,214179
SRB,2020-05-24,3644,217823
SRB,2020-05-25,2488,220311
SRB,2020-05-26,3427,223738
SRB,2020-05-27,5714,229452
SRB,2020-05-28,4534,233986
SRB,2020-05-29,5215,239201
SRB,2020-05-30,3548,242749
SRB,2020-05-31,2663,245412
SRB,2020-06-01,2315,247727
SRB,2020-06-02,4372,252099
SRB,2020-06-03,5110,257209
SRB,2020-06-04,4024,261233
SRB,2020-06-05,4795,266028
SRB,2020-06-06,3124,269152
SRB,2020-06-07,3317,272469
SRB,2020-06-08,4308,276777
SRB,2020-06-09,5239,282016
SRB,2020-06-10,5015,287031
SRB,2020-06-11,4932,291963
SRB,2020-06-12,5793,297756
SRB,2020-06-13,3337,301093
SRB,2020-06-14,1802,302895
SRB,2020-06-15,5085,307980
SRB,2020-06-16,5470,313450
SRB,2020-06-17,6098,319548
SRB,2020-06-18,6032,325580
SRB,2020-06-19,6729,332309
SRB,2020-06-20,4211,336520
SRB,2020-06-21,3269,339789
SRB,2020-06-22,5438,345227
SRB,2020-06-23,6025,351252
SRB,2020-06-24,7784,359036
SRB,2020-06-25,7311,366347
SRB,2020-06-26,8495,374842
SRB,2020-06-27,5933,380775
SRB,2020-06-28,4905,385680
SRB,2020-06-29,7150,392830
SRB,2020-06-30,8377,401207
SRB,2020-07-01,8626,409833
SRB,2020-07-02,9013,418846
SRB,2020-07-03,8102,426948
SRB,2020-07-04,7434,434382
SRB,2020-07-05,5030,439412
SRB,2020-07-06,7872,447284
SRB,2020-07-07,8287,455571
SRB,2020-07-08,8567,464138
SRB,2020-07-09,7529,471667
SRB,2020-07-10,8646,480313
SRB,2020-07-11,7032,487345
SRB,2020-07-12,4050,491395
SRB,2020-07-13,6915,498310
SRB,2020-07-14,8659,506969
SRB,2020-07-15,8393,515362
SRB,2020-07-16,9183,524545
SRB,2020-07-17,9910,534455
SRB,2020-07-18,7648,542103
SRB,2020-07-19,7955,550058
SRB,2020-07-20,8349,558407
SRB,2020-07-21,10310,568717
SRB,2020-07-22,11521,580238
SRB,2020-07-23,11079,591317
SRB,2020-07-24,10634,601951
SRB,2020-07-25,9349,611300
SRB,2020-07-26,10381,621681
SRB,2020-07-27,9560,631241
SRB,2020-07-28,9817,641058
SRB,2020-07-29,9653,650711
SRB,2020-07-30,8804,659515
SRB,2020-07-31,9436,668951
SRB,2020-08-01,9109,678060
SRB,2020-08-02,8395,686455
SRB,2020-08-03,7168,693623
SRB,2020-08-04,9590,703213
SRB,2020-08-05,9858,713071
SRB,2020-08-06,10033,723104
SRB,2020-08-07,9922,733026
SRB,2020-08-08,8014,741040
SRB,2020-08-09,6251,747291
SRB,2020-08-10,6819,754110
SRB,2020-08-11,8086,762196
SRB,2020-08-12,8768,770964
SRB,2020-08-13,9100,780064
SRB,2020-08-14,9383,789447
SRB,2020-08-15,8529,797976
SRB,2020-08-16,6559,804535
SRB,2020-08-17,7352,811887
SRB,2020-08-18,9186,821073
SRB,2020-08-19,10571,831644
SRB,2020-08-20,10764,842408
SRB,2020-08-21,11618,854026
SRB,2020-08-22,8670,862696
SRB,2020-08-23,6939,869635
SRB,2020-08-24,7261,876896
SRB,2020-08-25,8646,885542
SRB,2020-08-26,9932,895474
SRB,2020-08-27,8836,904310
SRB,2020-08-28,9513,913823
SRB,2020-08-29,6996,920819
SRB,2020-08-30,4356,925175
SRB,2020-08-31,5829,931004
SRB,2020-09-01,7509,938513
SRB,2020-09-02,8752,947265
SRB,2020-09-03,8432,955697
SRB,2020-09-04,10833,966530
SRB,2020-09-05,7848,974378
SRB,2020-09-06,4189,978567
SRB,2020-09-07,6198,984765
SRB,2020-09-08,8342,993107
SRB,2020-09-09,8285,1001392
SRB,2020-09-10,7976,1009368
SRB,2020-09-11,9507,1018875
SRB,2020-09-12,6068,1024943
SRB,2020-09-13,3082,1028025
SRB,2020-09-14,5930,1033955
SRB,2020-09-15,7709,1041664
SRB,2020-09-16,7682,1049346
SRB,2020-09-17,6877,1056223
SRB,2020-09-18,7411,1063634
SRB,2020-09-19,5959,1069593
SRB,2020-09-20,3175,1072768
SRB,2020-09-21,5278,1078046
SRB,2020-09-22,6814,1084860
SRB,2020-09-23,7466,1092326
SRB,2020-09-24,6663,1098989
SRB,2020-09-25,7422,1106411
SRB,2020-09-26,5513,1111924
SRB,2020-09-27,3138,1115062
SRB,2020-09-28,5268,1120330
SRB,2020-09-29,7315,1127645
SRB,2020-09-30,6561,1134206
SRB,2020-10-01,6139,1140345
SRB,2020-10-02,6661,1147006
SRB,2020-10-03,4751,1151757
SRB,2020-10-04,2667,1154424
SRB,2020-10-05,5349,1159773
SRB,2020-10-06,7076,1166849
SRB,2020-10-07,6700,1173549
SRB,2020-10-08,6139,1179688
SRB,2020-10-09,6933,1186621
SRB,2020-10-10,4976,1191597
SRB,2020-10-11,2906,1194503
SRB,2020-10-12,5263,1199766
SRB,2020-10-13,7177,1206943
SRB,2020-10-14,6428,1213371
SRB,2020-10-15,6504,1219875
SRB,2020-10-16,7429,1227304
SRB,2020-10-17,5456,1232760
SRB,2020-10-18,3325,1236085
SRB,2020-10-19,5746,1241831
SRB,2020-10-20,7242,1249073
SRB,2020-10-21,7425,1256498
SRB,2020-10-22,6715,1263213
SRB,2020-10-23,8209,1271422
SRB,2020-10-24,6822,1278244
SRB,2020-10-25,4739,1282983
SRB,2020-10-26,6503,1289486
SRB,2020-10-27,9430,1298916
SRB,2020-10-28,9690,1308606
SRB,2020-10-29,9457,1318063
SRB,2020-10-30,11004,1329067
SRB,2020-10-31,9531,1338598
SRB,2020-11-01,6539,1345137
SRB,2020-11-02,7487,1352624
SRB,2020-11-03,10962,1363586
SRB,2020-11-04,12617,1376203
SRB,2020-11-05,12480,1388683
SRB,2020-11-06,12947,1401630
SRB,2020-11-07,11192,1412822
SRB,2020-11-08,8299,1421121
SRB,2020-11-09,8397,1429518
SRB,2020-11-10,13091,1442609
SRB,2020-11-11,12514,1455123
SRB,2020-11-12,13008,1468131
SRB,2020-11-13,14116,1482247
SRB,2020-11-14,14015,1496262
SRB,2020-11-15,11527,1507789
SRB,2020-11-16,11493,1519282
SRB,2020-11-17,17645,1536927
SRB,2020-11-18,18040,1554967
SRB,2020-11-19,18980,1573947
SRB,2020-11-20,19301,1593248
SRB,2020-11-21,16938,1610186
SRB,2020-11-22,13429,1623615
SRB,2020-11-23,15061,1638676
SRB,2020-11-24,21476,1660152
SRB,2020-11-25,22231,1682383
SRB,2020-11-26,21569,1703952
SRB,2020-11-27,22404,1726356
SRB,2020-11-28,18592,1744948
SRB,2020-11-29,15508,1760456
SRB,2020-11-30,17093,1777549
SRB,2020-12-01,22837,1800386
SRB,2020-12-02,22069,1822455
SRB,2020-12-03,22243,1844698
SRB,2020-12-04,22497,1867195
SRB,2020-12-05,18232,1885427
SRB,2020-12-06,14486,1899913
SRB,2020-12-07,15697,1915610
SRB,2020-12-08,20514,1936124
SRB,2020-12-09,22316,1958440
SRB,2020-12-10,21799,1980239
SRB,2020-12-11,19826,2000065
SRB,2020-12-12,16886,2016951
SRB,2020-12-13,13707,2030658
SRB,2020-12-14,15765,2046423
SRB,2020-12-15,18989,2065412
SRB,2020-12-16,18484,2083896
SRB,2020-12-17,17460,2101356
SRB,2020-12-18,16740,2118096
SRB,2020-12-19,12578,2130674
SRB,2020-12-20,11068,2141742
SRB,2020-12-21,13590,2155332
SRB,2020-12-22,16022,2171354
SRB,2020-12-23,16617,2187971
SRB,2020-12-24,15387,2203358
SRB,2020-12-25,14794,2218152
SRB,2020-12-26,13201,2231353
SRB,2020-12-27,11399,2242752
SRB,2020-12-28,11190,2253942
SRB,2020-12-29,14987,2268929
SRB,2020-12-30,14444,2283373
SRB,2020-12-31,12897,2296270
SRB,2021-01-01,9282,2305552
SRB,2021-01-02,7276,2312828
SRB,2021-01-03,7573,2320401
SRB,2021-01-04,11202,2331603
SRB,2021-01-05,12954,2344557
SRB,2021-01-06,13512,2358069
SRB,2021-01-07,8845,2366914
SRB,2021-01-08,11068,2377982
SRB,2021-01-09,11123,2389105
SRB,2021-01-10,10564,2399669
SRB,2021-01-11,11122,2410791
SRB,2021-01-12,13323,2424114
SRB,2021-01-13,12889,2437003
SRB,2021-01-14,11725,2448728
SRB,2021-01-15,10961,2459689
SRB,2021-01-16,9099,2468788
SRB,2021-01-17,7730,2476518
SRB,2021-01-18,9040,2485558
SRB,2021-01-19,10534,2496092
SRB,2021-01-20,10511,2506603
SRB,2021-01-21,10240,2516843
SRB,2021-01-22,10638,2527481
SRB,2021-01-23,9434,2536915
SRB,2021-01-24,7549,2544464
SRB,2021-01-25,8779,2553243
SRB,2021-01-26,13488,2566731
SRB,2021-01-27,11443,2578174
SRB,2021-01-28,10637,2588811
SRB,2021-01-29,11160,2599971
SRB,2021-01-30,9576,2609547
SRB,2021-01-31,7893,2617440
SRB,2021-02-01,10471,2627911
SRB,2021-02-02,12191,2640102
SRB,2021-02-03,11960,2652062
SRB,2021-02-04,12047,2664109
SRB,2021-02-05,11854,2675963
SRB,2021-02-06,9759,2685722
SRB,2021-02-07,7510,2693232
SRB,2021-02-08,10458,2703690
SRB,2021-02-09,12830,2716520
SRB,2021-02-10,12987,2729507
SRB,2021-02-11,12547,2742054
SRB,2021-02-12,11699,2753753
SRB,2021-02-13,9091,2762844
SRB,2021-02-14,7292,2770136
SRB,2021-02-15,5550,2775686
SRB,2021-02-16,8491,2784177
SRB,2021-02-17,13063,2797240
SRB,2021-02-18,13416,2810656
SRB,2021-02-19,13518,2824174
SRB,2021-02-20,11649,2835823
SRB,2021-02-21,10266,2846089
SRB,2021-02-22,12054,2858143
SRB,2021-02-23,15000,2873143
SRB,2021-02-24,15200,2888343
SRB,2021-02-25,15074,2903417
SRB,2021-02-26,14128,2917545
SRB,2021-02-27,12561,2930106
SRB,2021-02-28,10368,2940474
SRB,2021-03-01,13286,2953760
SRB,2021-03-02,16743,2970503
SRB,2021-03-03,16175,2986678
SRB,2021-03-04,15769,3002447
SRB,2021-03-05,15774,3018221
SRB,2021-03-06,13087,3031308
SRB,2021-03-07,10343,3041651
SRB,2021-03-08,13596,3055247
SRB,2021-03-09,16816,3072063
SRB,2021-03-10,16929,3088992
SRB,2021-03-11,17049,3106041
SRB,2021-03-12,16831,3122872
SRB,2021-03-13,13994,3136866
SRB,2021-03-14,12149,3149015
SRB,2021-03-15,15265,3164280
SRB,2021-03-16,17782,3182062
SRB,2021-03-17,18288,3200350
SRB,2021-03-18,18017,3218367
SRB,2021-03-19,17208,3235575
SRB,2021-03-20,14866,3250441
SRB,2021-03-21,12442,3262883
SRB,2021-03-22,14474,3277357
SRB,2021-03-23,18158,3295515
SRB,2021-03-24,17684,3313199
SRB,2021-03-25,17530,3330729
SRB,2021-03-26,17436,3348165
SRB,2021-03-27,14395,3362560
SRB,2021-03-28,11442,3374002
SRB,2021-03-29,14079,3388081
SRB,2021-03-30,18528,3406609
SRB,2021-03-31,17801,3424410
SRB,2021-04-01,16693,3441103
SRB,2021-04-02,16910,3458013
SRB,2021-04-03,13909,3471922
SRB,2021-04-04,11711,3483633
SRB,2021-04-05,13974,3497607
SRB,2021-04-06,18233,3515840
SRB,2021-04-07,15904,3531744
SRB,2021-04-08,16055,3547799
SRB,2021-04-09,15532,3563331
SRB,2021-04-10,14034,3577365
SRB,2021-04-11,10898,3588263
SRB,2021-04-12,12767,3601030
SRB,2021-04-13,16116,3617146
SRB,2021-04-14,15213,3632359
SRB,2021-04-15,14565,3646924
SRB,2021-04-16,14193,3661117
SRB,2021-04-17,12099,3673216
SRB,2021-04-18,10262,3683478
SRB,2021-04-19,12482,3695960
SRB,2021-04-20,15562,3711522
SRB,2021-04-21,15047,3726569
SRB,2021-04-22,14544,3741113
SRB,2021-04-23,13706,3754819
SRB,2021-04-24,11555,3766374
SRB,2021-04-25,8956,3775330
SRB,2021-04-26,11657,3786987
SRB,2021-04-27,13688,3800675
SRB,2021-04-28,13832,3814507
SRB,2021-04-29,14004,3828511
SRB,2021-04-30,10837,3839348
SRB,2021-05-01,8168,3847516
SRB,2021-05-02,6320,3853836
SRB,2021-05-03,6271,3860107
SRB,2021-05-04,9074,3869181
SRB,2021-05-05,12647,3881828
SRB,2021-05-06,12869,3894697
SRB,2021-05-07,13206,3907903
SRB,2021-05-08,11920,3919823
SRB,2021-05-09,9389,3929212
SRB,2021-05-10,10225,3939437
SRB,2021-05-11,13089,3952526
SRB,2021-05-12,12405,3964931
SRB,2021-05-13,12089,3977020
SRB,2021-05-14,12514,3989534
SRB,2021-05-15,11613,4001147
SRB,2021-05-16,8331,4009478
SRB,2021-05-17,9329,4018807
SRB,2021-05-18,11870,4030677
SRB,2021-05-19,10761,4041438
SRB,2021-05-20,10062,4051500
SRB,2021-05-21,9928,4061428
SRB,2021-05-22,9087,4070515
SRB,2021-05-23,6848,4077363
SRB,2021-05-24,9298,4086661
SRB,2021-05-25,10903,4097564
SRB,2021-05-26,10345,4107909
SRB,2021-05-27,9986,4117895
SRB,2021-05-28,10189,4128084
SRB,2021-05-29,9296,4137380
SRB,2021-05-30,6679,4144059
SRB,2021-05-31,8684,4152743
SRB,2021-06-01,11421,4164164
SRB,2021-06-02,10912,4175076
SRB,2021-06-03,10101,4185177
SRB,2021-06-04,11050,4196227
SRB,2021-06-05,8914,4205141
SRB,2021-06-06,6274,4211415
SRB,2021-06-07,8552,4219967
SRB,2021-06-08,10788,4230755
SRB,2021-06-09,9390,4240145
SRB,2021-06-10,9730,4249875
SRB,2021-06-11,9895,4259770
SRB,2021-06-12,7867,4267637
SRB,2021-06-13,6459,4274096
SRB,2021-06-14,8287,4282383
SRB,2021-06-15,10621,4293004
SRB,2021-06-16,9353,4302357
SRB,2021-06-17,9187,4311544
SRB,2021-06-18,9941,4321485
SRB,2021-06-19,8327,4329812
SRB,2021-06-20,5938,4335750
SRB,2021-06-21,7992,4343742
SRB,2021-06-22,9249,4352991
SRB,2021-06-23,8368,4361359
SRB,2021-06-24,8352,4369711
SRB,2021-06-25,7730,4377441
SRB,2021-06-26,7309,4384750
SRB,2021-06-27,4903,4389653
SRB,2021-06-28,7530,4397183
SGP,2020-04-07,0,0
SGP,2020-04-08,0,0
SGP,2020-04-09,0,0
SGP,2020-04-10,0,0
SGP,2020-04-11,0,0
SGP,2020-04-12,0,0
SGP,2020-04-13,0,0
SGP,2020-04-14,0,0
SGP,2020-04-15,0,0
SGP,2020-04-16,0,0
SGP,2020-04-17,0,0
SGP,2020-04-18,0,0
SGP,2020-04-19,0,0
SGP,2020-04-20,0,0
SGP,2020-04-21,0,0
SGP,2020-04-22,0,0
SGP,2020-04-23,0,0
SGP,2020-04-24,0,0
SGP,2020-04-25,0,0
SGP,2020-04-26,0,0
SGP,2020-04-27,0,0
SGP,2020-04-28,0,0
SGP,2020-04-29,0,0
SGP,2020-04-30,0,0
SGP,2020-05-01,0,0
SGP,2020-05-02,0,0
SGP,2020-05-03,0,0
SGP,2020-05-04,0,0
SGP,2020-05-05,0,0
SGP,2020-05-06,0,0
SGP,2020-05-07,0,0
SGP,2020-05-08,0,0
SGP,2020-05-09,0,0
SGP,2020-05-10,0,0
SGP,2020-05-11,0,0
SGP,2020-05-12,0,0
SGP,2020-05-13,0,0
SGP,2020-05-14,0,0
SGP,2020-05-15,0,0
SGP,2020-05-16,0,0
SGP,2020-05-17,0,0
SGP,2020-05-18,0,0
SGP,2020-05-19,0,0
SGP,2020-05-20,0,0
SGP,2020-05-21,0,0
SGP,2020-05-22,0,0
SGP,2020-05-23,0,0
SGP,2020-05-24,0,0
SGP,2020-05-25,0,0
SGP,2020-05-26,0,0
SGP,2020-05-27,0,0
SGP,2020-05-28,0,0
SGP,2020-05-29,0,0
SGP,2020-05-30,0,0
SGP,2020-05-31,0,0
SGP,2020-06-01,0,0
SGP,2020-06-02,0,0
SGP,2020-06-03,0,0
SGP,2020-06-04,0,0
SGP,2020-06-05,0,0
SGP,2020-06-06,0,0
SGP,2020-06-07,0,0
SGP,2020-06-08,0,0
SGP,2020-06-09,0,0
SGP,2020-06-10,0,0
SGP,2020-06-11,0,0
SGP,2020-06-12,0,0
SGP,2020-06-13,0,0
SGP,2020-06-14,0,0
SGP,2020-06-15,0,0
SGP,2020-06-16,0,0
SGP,2020-06-17,0,0
SGP,2020-06-18,0,0
SGP,2020-06-19,0,0
SGP,2020-06-20,0,0
SGP,2020-06-21,0,0
SGP,2020-06-22,0,0
SGP,2020-06-23,0,0
SGP,2020-06-24,0,0
SGP,2020-06-25,0,0
SGP,2020-06-26,0,0
SGP,2020-06-27,0,0
SGP,2020-06-28,0,0
SGP,2020-06-29,0,0
SGP,2020-06-30,0,0
SGP,2020-07-01,0,0
SGP,2020-07-02,0,0
SGP,2020-07-03,0,0
SGP,2020-07-04,0,0
SGP,2020-07-05,0,0
SGP,2020-07-06,0,0
SGP,2020-07-07,0,0
SGP,2020-07-08,0,0
SGP,2020-07-09,0,0
SGP,2020-07-10,0,0
SGP,2020-07-11,0,0
SGP,2020-07-12,0,0
SGP,2020-07-13,0,0
SGP,2020-07-14,0,0
SGP,2020-07-15,0,0
SGP,2020-07-16,0,0
SGP,2020-07-17,0,0
SGP,2020-07-18,0,0
SGP,2020-07-19,0,0
SGP,2020-07-20,0,0
SGP,2020-07-21,0,0
SGP,2020-07-22,0,0
SGP,2020-07-23,0,0
SGP,2020-07-24,0,0
SGP,2020-07-25,0,0
SGP,2020-07-26,0,0
SGP,2020-07-27,0,0
SGP,2020-07-28,0,0
SGP,2020-07-29,0,0
SGP,2020-07-30,0,0
SGP,2020-07-31,0,0
SGP,2020-08-01,0,0
SGP,2020-08-02,0,0
SGP,2020-08-03,0,0
SGP,2020-08-04,0,0
SGP,2020-08-05,0,0
SGP,2020-08-06,0,0
SGP,2020-08-07,0,0
SGP,2020-08-08,0,0
SGP,2020-08-09,0,0
SGP,2020-08-10,0,0
SGP,2020-08-11,0,0
SGP,2020-08-12,0,0
SGP,2020-08-13,0,0
SGP,2020-08-14,0,0
SGP,2020-08-15,0,0
SGP,2020-08-16,0,0
SGP,2020-08-17,0,0
SGP,2020-08-18,0,0
SGP,2020-08-19,0,0
SGP,2020-08-20,0,0
SGP,2020-08-21,0,0
SGP,2020-08-22,0,0
SGP,2020-08-23,0,0
SGP,2020-08-24,0,0
SGP,2020-08-25,0,0
SGP,2020-08-26,0,0
SGP,2020-08-27,0,0
SGP,2020-08-28,0,0
SGP,2020-08-29,0,0
SGP,2020-08-30,0,0
SGP,2020-08-31,0,0
SGP,2020-09-01,0,0
SGP,2020-09-02,0,0
SGP,2020-09-03,0,0
SGP,2020-09-04,0,0
SGP,2020-09-05,0,0
SGP,2020-09-06,0,0
SGP,2020-09-07,0,0
SGP,2020-09-08,0,0
SGP,2020-09-09,0,0
SGP,2020-09-10,0,0
SGP,2020-09-11,0,0
SGP,2020-09-12,0,0
SGP,2020-09-13,0,0
SGP,2020-09-14,0,0
SGP,2020-09-15,0,0
SGP,2020-09-16,0,0
SGP,2020-09-17,0,0
SGP,2020-09-18,0,0
SGP,2020-09-19,0,0
SGP,2020-09-20,0,0
SGP,2020-09-21,0,0
SGP,2020-09-22,0,0
SGP,2020-09-23,0,0
SGP,2020-09-24,0,0
SGP,2020-09-25,0,0
SGP,2020-09-26,0,0
SGP,2020-09-27,0,0
SGP,2020-09-28,0,0
SGP,2020-09-29,0,0
SGP,2020-09-30,0,0
SGP,2020-10-01,0,0
SGP,2020-10-02,0,0
SGP,2020-10-03,0,0
SGP,2020-10-04,0,0
SGP,2020-10-05,0,0
SGP,2020-10-06,0,0
SGP,2020-10-07,0,0
SGP,2020-10-08,0,0
SGP,2020-10-09,0,0
SGP,2020-10-10,0,0
SGP,2020-10-11,0,0
SGP,2020-10-12,0,0
SGP,2020-10-13,0,0
SGP,2020-10-14,0,0
SGP,2020-10-15,0,0
SGP,2020-10-16,0,0
SGP,2020-10-17,0,0
SGP,2020-10-18,0,0
SGP,2020-10-19,0,0
SGP,2020-10-20,0,0
SGP,2020-10-21,0,0
SGP,2020-10-22,0,0
SGP,2020-10-23,0,0
SGP,2020-10-24,0,0
SGP,2020-10-25,0,0
SGP,2020-10-26,0,0
SGP,2020-10-27,0,0
SGP,2020-10-28,0,0
SGP,2020-10-29,0,0
SGP,2020-10-30,0,0
SGP,2020-10-31,0,0
SGP,2020-11-01,0,0
SGP,2020-11-02,0,0
SGP,2020-11-03,0,0
SGP,2020-11-04,0,0
SGP,2020-11-05,0,0
SGP,2020-11-06,0,0
SGP,2020-11-07,0,0
SGP,2020-11-08,0,0
SGP,2020-11-09,0,0
SGP,2020-11-10,0,0
SGP,2020-11-11,0,0
SGP,2020-11-12,0,0
SGP,2020-11-13,0,0
SGP,2020-11-14,0,0
SGP,2020-11-15,0,0
SGP,2020-11-16,0,0
SGP,2020-11-17,0,0
SGP,2020-11-18,0,0
SGP,2020-11-19,0,0
SGP,2020-11-20,0,0
SGP,2020-11-21,0,0
SGP,2020-11-22,0,0
SGP,2020-11-23,0,0
SGP,2020-11-24,0,0
SGP,2020-11-25,0,0
SGP,2020-11-26,0,0
SGP,2020-11-27,0,0
SGP,2020-11-28,0,0
SGP,2020-11-29,0,0
SGP,2020-11-30,0,0
SGP,2020-12-01,0,0
SGP,2020-12-02,0,0
SGP,2020-12-03,0,0
SGP,2020-12-04,0,0
SGP,2020-12-05,0,0
SGP,2020-12-06,0,0
SGP,2020-12-07,0,0
SGP,2020-12-08,0,0
SGP,2020-12-09,0,0
SGP,2020-12-10,0,0
SGP,2020-12-11,0,0
SGP,2020-12-12,0,0
SGP,2020-12-13,0,0
SGP,2020-12-14,0,0
SGP,2020-12-15,0,0
SGP,2020-12-16,0,0
SGP,2020-12-17,0,0
SGP,2020-12-18,0,0
SGP,2020-12-19,0,0
SGP,2020-12-20,0,0
SGP,2020-12-21,0,0
SGP,2020-12-22,0,0
SGP,2020-12-23,0,0
SGP,2020-12-24,0,0
SGP,2020-12-25,0,0
SGP,2020-12-26,0,0
SGP,2020-12-27,0,0
SGP,2020-12-28,0,0
SGP,2020-12-29,0,0
SGP,2020-12-30,0,0
SGP,2020-12-31,0,0
SGP,2021-01-01,0,0
SGP,2021-01-02,0,0
SGP,2021-01-03,0,0
SGP,2021-01-04,0,0
SGP,2021-01-05,0,0
SGP,2021-01-06,0,0
SGP,2021-01-07,0,0
SGP,2021-01-08,0,0
SGP,2021-01-09,0,0
SGP,2021-01-10,0,0
SGP,2021-01-11,0,0
SGP,2021-01-12,0,0
SGP,2021-01-13,0,0
SGP,2021-01-14,0,0
SGP,2021-01-15,0,0
SGP,2021-01-16,0,0
SGP,2021-01-17,0,0
SGP,2021-01-18,0,0
SGP,2021-01-19,0,0
SGP,2021-01-20,0,0
SGP,2021-01-21,0,0
SGP,2021-01-22,0,0
SGP,2021-01-23,0,0
SGP,2021-01-24,0,0
SGP,2021-01-25,0,0
SGP,2021-01-26,0,0
SGP,2021-01-27,0,0
SGP,2021-01-28,0,0
SGP,2021-01-29,0,0
SGP,2021-01-30,0,0
SGP,2021-01-31,0,0
SGP,2021-02-01,0,0
SGP,2021-02-02,0,0
SGP,2021-02-03,0,0
SGP,2021-02-04,0,0
SGP,2021-02-05,0,0
SGP,2021-02-06,0,0
SGP,2021-02-07,0,0
SGP,2021-02-08,0,0
SGP,2021-02-09,0,0
SGP,2021-02-10,0,0
SGP,2021-02-11,0,0
SGP,2021-02-12,0,0
SGP,2021-02-13,0,0
SGP,2021-02-14,0,0
SGP,2021-02-15,0,0
SGP,2021-02-16,0,0
SGP,2021-02-17,0,0
SGP,2021-02-18,0,0
SGP,2021-02-19,0,0
SGP,2021-02-20,0,0
SGP,2021-02-21,0,0
SGP,2021-02-22,0,0
SGP,2021-02-23,0,0
SGP,2021-02-24,0,0
SGP,2021-02-25,0,0
SGP,2021-02-26,0,0
SGP,2021-02-27,0,0
SGP,2021-02-28,0,0
SGP,2021-03-01,0,0
SGP,2021-03-02,0,0
SGP,2021-03-03,0,0
SGP,2021-03-04,0,0
SGP,2021-03-05,0,0
SGP,2021-03-06,0,0
SGP,2021-03-07,0,0
SGP,2021-03-08,0,0
SGP,2021-03-09,0,0
SGP,2021-03-10,0,0
SGP,2021-03-11,0,0
SGP,2021-03-12,0,0
SGP,2021-03-13,0,0
SGP,2021-03-14,0,0
SGP,2021-03-15,0,0
SGP,2021-03-16,0,0
SGP,2021-03-17,0,0
SGP,2021-03-18,0,0
SGP,2021-03-19,0,0
SGP,2021-03-20,0,0
SGP,2021-03-21,0,0
SGP,2021-03-22,0,0
SGP,2021-03-23,0,0
SGP,2021-03-24,0,0
SGP,2021-03-25,0,0
SGP,2021-03-26,0,0
SGP,2021-03-27,0,0
SGP,2021-03-28,0,0
SGP,2021-03-29,0,0
SGP,2021-03-30,0,0
SGP,2021-03-31,0,0
SGP,2021-04-01,0,0
SGP,2021-04-02,0,0
SGP,2021-04-03,0,0
SGP,2021-04-04,0,0
SGP,2021-04-05,0,0
SGP,2021-04-06,0,0
SGP,2021-04-07,0,0
SGP,2021-04-08,0,0
SGP,2021-04-09,0,0
SGP,2021-04-10,0,0
SGP,2021-04-11,0,0
SGP,2021-04-12,0,0
SGP,2021-04-13,0,0
SGP,2021-04-14,0,0
SGP,2021-04-15,0,0
SGP,2021-04-16,0,0
SGP,2021-04-17,0,0
SGP,2021-04-18,0,0
SGP,2021-04-19,0,0
SGP,2021-04-20,0,0
SGP,2021-04-21,0,0
SGP,2021-04-22,0,0
SGP,2021-04-23,0,0
SGP,2021-04-24,0,0
SGP,2021-04-25,0,0
SGP,2021-04-26,0,0
SGP,2021-04-27,0,0
SGP,2021-04-28,0,0
SGP,2021-04-29,0,0
SGP,2021-04-30,0,0
SGP,2021-05-01,0,0
SGP,2021-05-02,0,0
SGP,2021-05-03,0,0
SGP,2021-05-04,0,0
SGP,2021-05-05,0,0
SGP,2021-05-06,0,0
SGP,2021-05-07,0,0
SGP,2021-05-08,0,0
SGP,2021-05-09,0,0
SGP,2021-05-10,0,0
SGP,2021-05-11,0,0
SGP,2021-05-12,0,0
SGP,2021-05-13,0,0
SGP,2021-05-14,0,0
SGP,2021-05-15,0,0
SGP,2021-05-16,0,0
SGP,2021-05-17,0,0
SGP,2021-05-18,0,0
SGP,2021-05-19,0,0
SGP,2021-05-20,0,0
SGP,2021-05-21,0,0
SGP,2021-05-22,0,0
SGP,2021-05-23,0,0
SGP,2021-05-24,0,0
SGP,2021-05-25,0,0
SGP,2021-05-26,0,0
SGP,2021-05-27,0,0
SGP,2021-05-28,0,0
SGP,2021-05-29,0,0
SGP,2021-05-30,0,0
SGP,2021-05-31,0,0
SGP,2021-06-01,0,0
SGP,2021-06-02,0,0
SGP,2021-06-03,0,0
SGP,2021-06-04,0,0
SGP,2021-06-05,0,0
SGP,2021-06-06,0,0
SGP,2021-06-07,0,0
SGP,2021-06-08,0,0
SGP,2021-06-09,0,0
SGP,2021-06-10,0,0
SGP,2021-06-11,0,0
SGP,2021-06-12,0,0
SGP,2021-06-13,0,0
SGP,2021-06-14,0,0
SGP,2021-06-15,0,0
SGP,2021-06-16,0,0
SGP,2021-06-17,0,0
SGP,2021-06-18,0,0
SGP,2021-06-19,0,0
SGP,2021-06-20,0,0
SGP,2021-06-21,0,0
SGP,2021-06-22,0,0
SGP,2021-06-23,0,0
SGP,2021-06-24,0,0
SGP,2021-06-25,0,0
SGP,2021-06-26,0,0
SGP,2021-06-27,0,0
SGP,2021-06-28,0,0
SVK,2020-03-06,378,378
SVK,2020-03-07,66,444
SVK,2020-03-08,76,520
SVK,2020-03-09,69,589
SVK,2020-03-10,111,700
SVK,2020-03-11,97,797
SVK,2020-03-12,95,892
SVK,2020-03-13,58,950
SVK,2020-03-14,197,1147
SVK,2020-03-15,289,1436
SVK,2020-03-16,159,1595
SVK,2020-03-17,318,1913
SVK,2020-03-18,225,2138
SVK,2020-03-19,301,2439
SVK,2020-03-20,368,2807
SVK,2020-03-21,440,3247
SVK,2020-03-22,242,3489
SVK,2020-03-23,451,3940
SVK,2020-03-24,476,4416
SVK,2020-03-25,335,4751
SVK,2020-03-26,913,5664
SVK,2020-03-27,747,6411
SVK,2020-03-28,720,7131
SVK,2020-03-29,401,7532
SVK,2020-03-30,688,8220
SVK,2020-03-31,877,9097
SVK,2020-04-01,1191,10288
SVK,2020-04-02,1454,11742
SVK,2020-04-03,1889,13631
SVK,2020-04-04,1524,15155
SVK,2020-04-05,1036,16191
SVK,2020-04-06,1448,17639
SVK,2020-04-07,2042,19681
SVK,2020-04-08,1690,21371
SVK,2020-04-09,2301,23672
SVK,2020-04-10,2174,25846
SVK,2020-04-11,1580,27426
SVK,2020-04-12,1324,28750
SVK,2020-04-13,1302,30052
SVK,2020-04-14,1439,31491
SVK,2020-04-15,2967,34458
SVK,2020-04-16,3351,37809
SVK,2020-04-17,3144,40953
SVK,2020-04-18,3323,44276
SVK,2020-04-19,2458,46734
SVK,2020-04-20,2694,49428
SVK,2020-04-21,3468,52896
SVK,2020-04-22,4525,57421
SVK,2020-04-23,3840,61261
SVK,2020-04-24,4828,66089
SVK,2020-04-25,4839,70928
SVK,2020-04-26,3171,74099
SVK,2020-04-27,1767,75866
SVK,2020-04-28,5472,81338
SVK,2020-04-29,4584,85922
SVK,2020-04-30,5150,91072
SVK,2020-05-01,3698,94770
SVK,2020-05-02,1450,96220
SVK,2020-05-03,1584,97804
SVK,2020-05-04,2060,99864
SVK,2020-05-05,4742,104606
SVK,2020-05-06,5161,109767
SVK,2020-05-07,4694,114461
SVK,2020-05-08,3910,118371
SVK,2020-05-09,1488,119859
SVK,2020-05-10,786,120645
SVK,2020-05-11,2063,122708
SVK,2020-05-12,4326,127034
SVK,2020-05-13,4876,131910
SVK,2020-05-14,3992,135902
SVK,2020-05-15,4084,139986
SVK,2020-05-16,2476,142462
SVK,2020-05-17,971,143433
SVK,2020-05-18,2041,145474
SVK,2020-05-19,3371,148845
SVK,2020-05-20,2933,151778
SVK,2020-05-21,2751,154529
SVK,2020-05-22,2236,156765
SVK,2020-05-23,1649,158414
SVK,2020-05-24,645,159059
SVK,2020-05-25,1464,160523
SVK,2020-05-26,2839,163362
SVK,2020-05-27,2352,165714
SVK,2020-05-28,1848,167562
SVK,2020-05-29,3433,170995
SVK,2020-05-30,1606,172601
SVK,2020-05-31,274,172875
SVK,2020-06-01,6420,179295
SVK,2020-06-02,2336,181631
SVK,2020-06-03,2135,183766
SVK,2020-06-04,1832,185598
SVK,2020-06-05,2639,188237
SVK,2020-06-06,1180,189417
SVK,2020-06-07,160,189577
SVK,2020-06-08,851,190428
SVK,2020-06-09,1545,191973
SVK,2020-06-10,1500,193473
SVK,2020-06-11,1262,194735
SVK,2020-06-12,1511,196246
SVK,2020-06-13,479,196725
SVK,2020-06-14,47,196772
SVK,2020-06-15,847,197619
SVK,2020-06-16,1163,198782
SVK,2020-06-17,787,199569
SVK,2020-06-18,806,200375
SVK,2020-06-19,1278,201653
SVK,2020-06-20,301,201954
SVK,2020-06-21,41,201995
SVK,2020-06-22,661,202656
SVK,2020-06-23,1257,203913
SVK,2020-06-24,936,204849
SVK,2020-06-25,1515,206364
SVK,2020-06-26,1611,207975
SVK,2020-06-27,931,208906
SVK,2020-06-28,62,208968
SVK,2020-06-29,784,209752
SVK,2020-06-30,2063,211815
SVK,2020-07-01,1708,213523
SVK,2020-07-02,1801,215324
SVK,2020-07-03,2216,217540
SVK,2020-07-04,808,218348
SVK,2020-07-05,50,218398
SVK,2020-07-06,873,219271
SVK,2020-07-07,2225,221496
SVK,2020-07-08,2284,223780
SVK,2020-07-09,2172,225952
SVK,2020-07-10,2879,228831
SVK,2020-07-11,960,229791
SVK,2020-07-12,279,230070
SVK,2020-07-13,1163,231233
SVK,2020-07-14,2205,233438
SVK,2020-07-15,2336,235774
SVK,2020-07-16,1862,237636
SVK,2020-07-17,2161,239797
SVK,2020-07-18,410,240207
SVK,2020-07-19,24,240231
SVK,2020-07-20,3333,243564
SVK,2020-07-21,2571,246135
SVK,2020-07-22,2251,248386
SVK,2020-07-23,2049,250435
SVK,2020-07-24,2275,252710
SVK,2020-07-25,767,253477
SVK,2020-07-26,216,253693
SVK,2020-07-27,1548,255241
SVK,2020-07-28,2296,257537
SVK,2020-07-29,1851,259388
SVK,2020-07-30,2176,261564
SVK,2020-07-31,2884,264448
SVK,2020-08-01,585,265033
SVK,2020-08-02,766,265799
SVK,2020-08-03,1320,267119
SVK,2020-08-04,2538,269657
SVK,2020-08-05,2667,272324
SVK,2020-08-06,2473,274797
SVK,2020-08-07,3099,277896
SVK,2020-08-08,1068,278964
SVK,2020-08-09,564,279528
SVK,2020-08-10,1454,280982
SVK,2020-08-11,3131,284113
SVK,2020-08-12,2741,286854
SVK,2020-08-13,2738,289592
SVK,2020-08-14,3235,292827
SVK,2020-08-15,2013,294840
SVK,2020-08-16,481,295321
SVK,2020-08-17,1583,296904
SVK,2020-08-18,3684,300588
SVK,2020-08-19,3435,304023
SVK,2020-08-20,3245,307268
SVK,2020-08-21,3833,311101
SVK,2020-08-22,1723,312824
SVK,2020-08-23,929,313753
SVK,2020-08-24,2103,315856
SVK,2020-08-25,4090,319946
SVK,2020-08-26,3636,323582
SVK,2020-08-27,4360,327942
SVK,2020-08-28,4453,332395
SVK,2020-08-29,1951,334346
SVK,2020-08-30,588,334934
SVK,2020-08-31,2763,337697
SVK,2020-09-01,2428,340125
SVK,2020-09-02,3519,343644
SVK,2020-09-03,4772,348416
SVK,2020-09-04,5947,354363
SVK,2020-09-05,2462,356825
SVK,2020-09-06,922,357747
SVK,2020-09-07,2891,360638
SVK,2020-09-08,5309,365947
SVK,2020-09-09,5021,370968
SVK,2020-09-10,4266,375234
SVK,2020-09-11,6191,381425
SVK,2020-09-12,3080,384505
SVK,2020-09-13,1425,385930
SVK,2020-09-14,4323,390253
SVK,2020-09-15,3235,393488
SVK,2020-09-16,4027,397515
SVK,2020-09-17,5542,403057
SVK,2020-09-18,5750,408807
SVK,2020-09-19,3443,412250
SVK,2020-09-20,1952,414202
SVK,2020-09-21,2664,416866
SVK,2020-09-22,6231,423097
SVK,2020-09-23,5213,428310
SVK,2020-09-24,5540,433850
SVK,2020-09-25,6483,440333
SVK,2020-09-26,5655,445988
SVK,2020-09-27,1954,447942
SVK,2020-09-28,2561,450503
SVK,2020-09-29,7350,457853
SVK,2020-09-30,9170,467023
SVK,2020-10-01,7824,474847
SVK,2020-10-02,9492,484339
SVK,2020-10-03,8565,492904
SVK,2020-10-04,3382,496286
SVK,2020-10-05,3750,500036
SVK,2020-10-06,8679,508715
SVK,2020-10-07,9518,518233
SVK,2020-10-08,10136,528369
SVK,2020-10-09,11123,539492
SVK,2020-10-10,8959,548451
SVK,2020-10-11,3998,552449
SVK,2020-10-12,5583,558032
SVK,2020-10-13,11380,569412
SVK,2020-10-14,13431,582843
SVK,2020-10-15,14382,597225
SVK,2020-10-16,12224,609449
SVK,2020-10-17,10858,620307
SVK,2020-10-18,5117,625424
SVK,2020-10-19,6738,632162
SVK,2020-10-20,14446,646608
SVK,2020-10-21,10319,656927
SVK,2020-10-22,15507,672434
SVK,2020-10-23,15686,688120
SVK,2020-10-24,17242,705362
SVK,2020-10-25,6904,712266
SVK,2020-10-26,8060,720326
SVK,2020-10-27,17678,738004
SVK,2020-10-28,16770,754774
SVK,2020-10-29,22741,777515
SVK,2020-10-30,59440,836955
SVK,2020-10-31,111623,948578
SVK,2020-11-01,51653,1000231
SVK,2020-11-02,45695,1045926
SVK,2020-11-03,18660,1064586
SVK,2020-11-04,16470,1081056
SVK,2020-11-05,13730,1094786
SVK,2020-11-06,50290,1145076
SVK,2020-11-07,60654,1205730
SVK,2020-11-08,17128,1222858
SVK,2020-11-09,24469,1247327
SVK,2020-11-10,19383,1266710
SVK,2020-11-11,17204,1283914
SVK,2020-11-12,16372,1300286
SVK,2020-11-13,16887,1317173
SVK,2020-11-14,11997,1329170
SVK,2020-11-15,3016,1332186
SVK,2020-11-16,13479,1345665
SVK,2020-11-17,9752,1355417
SVK,2020-11-18,14459,1369876
SVK,2020-11-19,22029,1391905
SVK,2020-11-20,28664,1420569
SVK,2020-11-21,14976,1435545
SVK,2020-11-22,3474,1439019
SVK,2020-11-23,49752,1488771
SVK,2020-11-24,28591,1517362
SVK,2020-11-25,25449,1542811
SVK,2020-11-26,26374,1569185
SVK,2020-11-27,27421,1596606
SVK,2020-11-28,17241,1613847
SVK,2020-11-29,3843,1617690
SVK,2020-11-30,53954,1671644
SVK,2020-12-01,41407,1713051
SVK,2020-12-02,42269,1755320
SVK,2020-12-03,39914,1795234
SVK,2020-12-04,43143,1838377
SVK,2020-12-05,18690,1857067
SVK,2020-12-06,6824,1863891
SVK,2020-12-07,41324,1905215
SVK,2020-12-08,55973,1961188
SVK,2020-12-09,50013,2011201
SVK,2020-12-10,57758,2068959
SVK,2020-12-11,64385,2133344
SVK,2020-12-12,27258,2160602
SVK,2020-12-13,4108,2164710
SVK,2020-12-14,53663,2218373
SVK,2020-12-15,72044,2290417
SVK,2020-12-16,74021,2364438
SVK,2020-12-17,77338,2441776
SVK,2020-12-18,79275,2521051
SVK,2020-12-19,27578,2548629
SVK,2020-12-20,21562,2570191
SVK,2020-12-21,96441,2666632
SVK,2020-12-22,101527,2768159
SVK,2020-12-23,108290,2876449
SVK,2020-12-24,35788,2912237
SVK,2020-12-25,6137,2918374
SVK,2020-12-26,5995,2924369
SVK,2020-12-27,5826,2930195
SVK,2020-12-28,75769,3005964
SVK,2020-12-29,84496,3090460
SVK,2020-12-30,94702,3185162
SVK,2020-12-31,95090,3280252
SVK,2021-01-01,14682,3294934
SVK,2021-01-02,10466,3305400
SVK,2021-01-03,6513,3311913
SVK,2021-01-04,89003,3400916
SVK,2021-01-05,93509,3494425
SVK,2021-01-06,24313,3518738
SVK,2021-01-07,88502,3607240
SVK,2021-01-08,95895,3703135
SVK,2021-01-09,74396,3777531
SVK,2021-01-10,32857,3810388
SVK,2021-01-11,88773,3899161
SVK,2021-01-12,80626,3979787
SVK,2021-01-13,69174,4048961
SVK,2021-01-14,62781,4111742
SVK,2021-01-15,75282,4187024
SVK,2021-01-16,52295,4239319
SVK,2021-01-17,47666,4286985
SVK,2021-01-18,83815,4370800
SVK,2021-01-19,103068,4473868
SVK,2021-01-20,122393,4596261
SVK,2021-01-21,228675,4824936
SVK,2021-01-22,269686,5094622
SVK,2021-01-23,786391,5881013
SVK,2021-01-24,422095,6303108
SVK,2021-01-25,235268,6538376
SVK,2021-01-26,194687,6733063
SVK,2021-01-27,83142,6816205
SVK,2021-01-28,82905,6899110
SVK,2021-01-29,165529,7064639
SVK,2021-01-30,493391,7558030
SVK,2021-01-31,257315,7815345
SVK,2021-02-01,202783,8018128
SVK,2021-02-02,162864,8180992
SVK,2021-02-03,93259,8274251
SVK,2021-02-04,116899,8391150
SVK,2021-02-05,234996,8626146
SVK,2021-02-06,670729,9296875
SVK,2021-02-07,391040,9687915
SVK,2021-02-08,293111,9981026
SVK,2021-02-09,192882,10173908
SVK,2021-02-10,145044,10318952
SVK,2021-02-11,146658,10465610
SVK,2021-02-12,306741,10772351
SVK,2021-02-13,682623,11454974
SVK,2021-02-14,349429,11804403
SVK,2021-02-15,241164,12045567
SVK,2021-02-16,172715,12218282
SVK,2021-02-17,138873,12357155
SVK,2021-02-18,160857,12518012
SVK,2021-02-19,321012,12839024
SVK,2021-02-20,732234,13571258
SVK,2021-02-21,319864,13891122
SVK,2021-02-22,232024,14123146
SVK,2021-02-23,176183,14299329
SVK,2021-02-24,149325,14448654
SVK,2021-02-25,171526,14620180
SVK,2021-02-26,336587,14956767
SVK,2021-02-27,757100,15713867
SVK,2021-02-28,336841,16050708
SVK,2021-03-01,239845,16290553
SVK,2021-03-02,204385,16494938
SVK,2021-03-03,181366,16676304
SVK,2021-03-04,196780,16873084
SVK,2021-03-05,354505,17227589
SVK,2021-03-06,774650,18002239
SVK,2021-03-07,348637,18350876
SVK,2021-03-08,246359,18597235
SVK,2021-03-09,197295,18794530
SVK,2021-03-10,170834,18965364
SVK,2021-03-11,189661,19155025
SVK,2021-03-12,364640,19519665
SVK,2021-03-13,780444,20300109
SVK,2021-03-14,354033,20654142
SVK,2021-03-15,231852,20885994
SVK,2021-03-16,191258,21077252
SVK,2021-03-17,168438,21245690
SVK,2021-03-18,190177,21435867
SVK,2021-03-19,358091,21793958
SVK,2021-03-20,752838,22546796
SVK,2021-03-21,360802,22907598
SVK,2021-03-22,232190,23139788
SVK,2021-03-23,183486,23323274
SVK,2021-03-24,160957,23484231
SVK,2021-03-25,191973,23676204
SVK,2021-03-26,363683,24039887
SVK,2021-03-27,737469,24777356
SVK,2021-03-28,355997,25133353
SVK,2021-03-29,228719,25362072
SVK,2021-03-30,189002,25551074
SVK,2021-03-31,230222,25781296
SVK,2021-04-01,320885,26102181
SVK,2021-04-02,172071,26274252
SVK,2021-04-03,756723,27030975
SVK,2021-04-04,168239,27199214
SVK,2021-04-05,110940,27310154
SVK,2021-04-06,309529,27619683
SVK,2021-04-07,212204,27831887
SVK,2021-04-08,157995,27989882
SVK,2021-04-09,284171,28274053
SVK,2021-04-10,729497,29003550
SVK,2021-04-11,355324,29358874
SVK,2021-04-12,232401,29591275
SVK,2021-04-13,183017,29774292
SVK,2021-04-14,178565,29952857
SVK,2021-04-15,165739,30118596
SVK,2021-04-16,317929,30436525
SVK,2021-04-17,725556,31162081
SVK,2021-04-18,365833,31527914
SVK,2021-04-19,233383,31761297
SVK,2021-04-20,183847,31945144
SVK,2021-04-21,156375,32101519
SVK,2021-04-22,155622,32257141
SVK,2021-04-23,322203,32579344
SVK,2021-04-24,702236,33281580
SVK,2021-04-25,353629,33635209
SVK,2021-04-26,210656,33845865
SVK,2021-04-27,156965,34002830
SVK,2021-04-28,145311,34148141
SVK,2021-04-29,162023,34310164
SVK,2021-04-30,306549,34616713
SVK,2021-05-01,474557,35091270
SVK,2021-05-02,277689,35368959
SVK,2021-05-03,144746,35513705
SVK,2021-05-04,114756,35628461
SVK,2021-05-05,95295,35723756
SVK,2021-05-06,109350,35833106
SVK,2021-05-07,183352,36016458
SVK,2021-05-08,173085,36189543
SVK,2021-05-09,172086,36361629
SVK,2021-05-10,126189,36487818
SVK,2021-05-11,92746,36580564
SVK,2021-05-12,84017,36664581
SVK,2021-05-13,90229,36754810
SVK,2021-05-14,145939,36900749
SVK,2021-05-15,164743,37065492
SVK,2021-05-16,121549,37187041
SVK,2021-05-17,93919,37280960
SVK,2021-05-18,78699,37359659
SVK,2021-05-19,71404,37431063
SVK,2021-05-20,71290,37502353
SVK,2021-05-21,108447,37610800
SVK,2021-05-22,104158,37714958
SVK,2021-05-23,83087,37798045
SVK,2021-05-24,93209,37891254
SVK,2021-05-25,70789,37962043
SVK,2021-05-26,63774,38025817
SVK,2021-05-27,63910,38089727
SVK,2021-05-28,93124,38182851
SVK,2021-05-29,85379,38268230
SVK,2021-05-30,73562,38341792
SVK,2021-05-31,74376,38416168
SVK,2021-06-01,55982,38472150
SVK,2021-06-02,55259,38527409
SVK,2021-06-03,53136,38580545
SVK,2021-06-04,80872,38661417
SVK,2021-06-05,70334,38731751
SVK,2021-06-06,58596,38790347
SVK,2021-06-07,61420,38851767
SVK,2021-06-08,49409,38901176
SVK,2021-06-09,46458,38947634
SVK,2021-06-10,49005,38996639
SVK,2021-06-11,75651,39072290
SVK,2021-06-12,60654,39132944
SVK,2021-06-13,50753,39183697
SVK,2021-06-14,56162,39239859
SVK,2021-06-15,44722,39284581
SVK,2021-06-16,43489,39328070
SVK,2021-06-17,45233,39373303
SVK,2021-06-18,68170,39441473
SVK,2021-06-19,49889,39491362
SVK,2021-06-20,39397,39530759
SVK,2021-06-21,49944,39580703
SVK,2021-06-22,38026,39618729
SVK,2021-06-23,38875,39657604
SVK,2021-06-24,39889,39697493
SVK,2021-06-25,54688,39752181
SVK,2021-06-26,38527,39790708
SVK,2021-06-27,30200,39820908
SVK,2021-06-28,40060,39860968
SVN,2020-02-02,2,2
SVN,2020-02-03,0,2
SVN,2020-02-04,0,2
SVN,2020-02-05,0,2
SVN,2020-02-06,0,2
SVN,2020-02-07,0,2
SVN,2020-02-08,0,2
SVN,2020-02-09,6,8
SVN,2020-02-10,0,8
SVN,2020-02-11,0,8
SVN,2020-02-12,0,8
SVN,2020-02-13,0,8
SVN,2020-02-14,0,8
SVN,2020-02-15,0,8
SVN,2020-02-16,4,12
SVN,2020-02-17,0,12
SVN,2020-02-18,0,12
SVN,2020-02-19,0,12
SVN,2020-02-20,0,12
SVN,2020-02-21,0,12
SVN,2020-02-22,0,12
SVN,2020-02-23,8,20
SVN,2020-02-24,18,38
SVN,2020-02-25,21,59
SVN,2020-02-26,41,100
SVN,2020-02-27,43,143
SVN,2020-02-28,35,178
SVN,2020-02-29,16,194
SVN,2020-03-01,17,211
SVN,2020-03-02,54,265
SVN,2020-03-03,48,313
SVN,2020-03-04,51,364
SVN,2020-03-05,103,467
SVN,2020-03-06,278,745
SVN,2020-03-07,177,922
SVN,2020-03-08,238,1160
SVN,2020-03-09,367,1527
SVN,2020-03-10,542,2069
SVN,2020-03-11,749,2818
SVN,2020-03-12,1045,3863
SVN,2020-03-13,1197,5060
SVN,2020-03-14,916,5976
SVN,2020-03-15,590,6566
SVN,2020-03-16,871,7437
SVN,2020-03-17,1121,8558
SVN,2020-03-18,1026,9584
SVN,2020-03-19,1184,10768
SVN,2020-03-20,1242,12010
SVN,2020-03-21,872,12882
SVN,2020-03-22,731,13613
SVN,2020-03-23,1257,14870
SVN,2020-03-24,1243,16113
SVN,2020-03-25,1181,17294
SVN,2020-03-26,1075,18369
SVN,2020-03-27,1384,19753
SVN,2020-03-28,999,20752
SVN,2020-03-29,597,21349
SVN,2020-03-30,1125,22474
SVN,2020-03-31,1288,23762
SVN,2020-04-01,1095,24857
SVN,2020-04-02,1064,25921
SVN,2020-04-03,1188,27109
SVN,2020-04-04,655,27764
SVN,2020-04-05,489,28253
SVN,2020-04-06,1202,29455
SVN,2020-04-07,1214,30669
SVN,2020-04-08,1144,31813
SVN,2020-04-09,1234,33047
SVN,2020-04-10,1232,34279
SVN,2020-04-11,572,34851
SVN,2020-04-12,554,35405
SVN,2020-04-13,541,35946
SVN,2020-04-14,1168,37114
SVN,2020-04-15,1023,38137
SVN,2020-04-16,1193,39330
SVN,2020-04-17,1250,40580
SVN,2020-04-18,685,41265
SVN,2020-04-19,537,41802
SVN,2020-04-20,1174,42976
SVN,2020-04-21,1478,44454
SVN,2020-04-22,1457,45911
SVN,2020-04-23,1510,47421
SVN,2020-04-24,1380,48801
SVN,2020-04-25,1012,49813
SVN,2020-04-26,831,50644
SVN,2020-04-27,826,51470
SVN,2020-04-28,1360,52830
SVN,2020-04-29,1370,54200
SVN,2020-04-30,1382,55582
SVN,2020-05-01,771,56353
SVN,2020-05-02,535,56888
SVN,2020-05-03,616,57504
SVN,2020-05-04,1338,58842
SVN,2020-05-05,1449,60291
SVN,2020-05-06,1055,61346
SVN,2020-05-07,1049,62395
SVN,2020-05-08,1176,63571
SVN,2020-05-09,625,64196
SVN,2020-05-10,537,64733
SVN,2020-05-11,1182,65915
SVN,2020-05-12,1147,67062
SVN,2020-05-13,984,68046
SVN,2020-05-14,1023,69069
SVN,2020-05-15,1151,70220
SVN,2020-05-16,511,70731
SVN,2020-05-17,479,71210
SVN,2020-05-18,1128,72338
SVN,2020-05-19,981,73319
SVN,2020-05-20,909,74228
SVN,2020-05-21,882,75110
SVN,2020-05-22,677,75787
SVN,2020-05-23,341,76128
SVN,2020-05-24,256,76384
SVN,2020-05-25,754,77138
SVN,2020-05-26,809,77947
SVN,2020-05-27,631,78578
SVN,2020-05-28,706,79284
SVN,2020-05-29,613,79897
SVN,2020-05-30,264,80161
SVN,2020-05-31,246,80407
SVN,2020-06-01,659,81066
SVN,2020-06-02,807,81873
SVN,2020-06-03,828,82701
SVN,2020-06-04,828,83529
SVN,2020-06-05,715,84244
SVN,2020-06-06,229,84473
SVN,2020-06-07,211,84684
SVN,2020-06-08,814,85498
SVN,2020-06-09,738,86236
SVN,2020-06-10,758,86994
SVN,2020-06-11,702,87696
SVN,2020-06-12,767,88463
SVN,2020-06-13,291,88754
SVN,2020-06-14,212,88966
SVN,2020-06-15,567,89533
SVN,2020-06-16,986,90519
SVN,2020-06-17,952,91471
SVN,2020-06-18,902,92373
SVN,2020-06-19,1147,93520
SVN,2020-06-20,758,94278
SVN,2020-06-21,271,94549
SVN,2020-06-22,984,95533
SVN,2020-06-23,1222,96755
SVN,2020-06-24,1212,97967
SVN,2020-06-25,843,98810
SVN,2020-06-26,878,99688
SVN,2020-06-27,625,100313
SVN,2020-06-28,300,100613
SVN,2020-06-29,1085,101698
SVN,2020-06-30,1399,103097
SVN,2020-07-01,1198,104295
SVN,2020-07-02,1274,105569
SVN,2020-07-03,1456,107025
SVN,2020-07-04,716,107741
SVN,2020-07-05,530,108271
SVN,2020-07-06,1325,109596
SVN,2020-07-07,1607,111203
SVN,2020-07-08,1271,112474
SVN,2020-07-09,1390,113864
SVN,2020-07-10,1159,115023
SVN,2020-07-11,560,115583
SVN,2020-07-12,440,116023
SVN,2020-07-13,1218,117241
SVN,2020-07-14,1112,118353
SVN,2020-07-15,1032,119385
SVN,2020-07-16,1012,120397
SVN,2020-07-17,1027,121424
SVN,2020-07-18,480,121904
SVN,2020-07-19,371,122275
SVN,2020-07-20,914,123189
SVN,2020-07-21,1150,124339
SVN,2020-07-22,935,125274
SVN,2020-07-23,848,126122
SVN,2020-07-24,918,127040
SVN,2020-07-25,565,127605
SVN,2020-07-26,335,127940
SVN,2020-07-27,874,128814
SVN,2020-07-28,919,129733
SVN,2020-07-29,879,130612
SVN,2020-07-30,917,131529
SVN,2020-07-31,892,132421
SVN,2020-08-01,374,132795
SVN,2020-08-02,272,133067
SVN,2020-08-03,890,133957
SVN,2020-08-04,974,134931
SVN,2020-08-05,771,135702
SVN,2020-08-06,753,136455
SVN,2020-08-07,829,137284
SVN,2020-08-08,304,137588
SVN,2020-08-09,322,137910
SVN,2020-08-10,1058,138968
SVN,2020-08-11,1118,140086
SVN,2020-08-12,856,140942
SVN,2020-08-13,937,141879
SVN,2020-08-14,1034,142913
SVN,2020-08-15,382,143295
SVN,2020-08-16,393,143688
SVN,2020-08-17,1143,144831
SVN,2020-08-18,1092,145923
SVN,2020-08-19,1168,147091
SVN,2020-08-20,1096,148187
SVN,2020-08-21,1203,149390
SVN,2020-08-22,760,150150
SVN,2020-08-23,543,150693
SVN,2020-08-24,1370,152063
SVN,2020-08-25,1439,153502
SVN,2020-08-26,1299,154801
SVN,2020-08-27,1338,156139
SVN,2020-08-28,1328,157467
SVN,2020-08-29,769,158236
SVN,2020-08-30,588,158824
SVN,2020-08-31,1415,160239
SVN,2020-09-01,1608,161847
SVN,2020-09-02,1653,163500
SVN,2020-09-03,1733,165233
SVN,2020-09-04,1708,166941
SVN,2020-09-05,1212,168153
SVN,2020-09-06,706,168859
SVN,2020-09-07,1581,170440
SVN,2020-09-08,2560,173000
SVN,2020-09-09,2489,175489
SVN,2020-09-10,2758,178247
SVN,2020-09-11,3191,181438
SVN,2020-09-12,1793,183231
SVN,2020-09-13,1110,184341
SVN,2020-09-14,2247,186588
SVN,2020-09-15,3123,189711
SVN,2020-09-16,3070,192781
SVN,2020-09-17,3557,196338
SVN,2020-09-18,3070,199408
SVN,2020-09-19,2288,201696
SVN,2020-09-20,984,202680
SVN,2020-09-21,2335,205015
SVN,2020-09-22,2616,207631
SVN,2020-09-23,2848,210479
SVN,2020-09-24,3645,214124
SVN,2020-09-25,2775,216899
SVN,2020-09-26,1917,218816
SVN,2020-09-27,909,219725
SVN,2020-09-28,2382,222107
SVN,2020-09-29,3391,225498
SVN,2020-09-30,2899,228397
SVN,2020-10-01,3281,231678
SVN,2020-10-02,2893,234571
SVN,2020-10-03,1940,236511
SVN,2020-10-04,1034,237545
SVN,2020-10-05,2509,240054
SVN,2020-10-06,3998,244052
SVN,2020-10-07,3655,247707
SVN,2020-10-08,3682,251389
SVN,2020-10-09,4362,255751
SVN,2020-10-10,2956,258707
SVN,2020-10-11,1404,260111
SVN,2020-10-12,3308,263419
SVN,2020-10-13,4902,268321
SVN,2020-10-14,5287,273608
SVN,2020-10-15,5196,278804
SVN,2020-10-16,5605,284409
SVN,2020-10-17,3765,288174
SVN,2020-10-18,2637,290811
SVN,2020-10-19,4326,295137
SVN,2020-10-20,5891,301028
SVN,2020-10-21,6215,307243
SVN,2020-10-22,6745,313988
SVN,2020-10-23,7025,321013
SVN,2020-10-24,5776,326789
SVN,2020-10-25,3682,330471
SVN,2020-10-26,5756,336227
SVN,2020-10-27,7471,343698
SVN,2020-10-28,7202,350900
SVN,2020-10-29,6368,357268
SVN,2020-10-30,6710,363978
SVN,2020-10-31,4807,368785
SVN,2020-11-01,2244,371029
SVN,2020-11-02,4587,375616
SVN,2020-11-03,6311,381927
SVN,2020-11-04,5991,387918
SVN,2020-11-05,5895,393813
SVN,2020-11-06,6340,400153
SVN,2020-11-07,3918,404071
SVN,2020-11-08,2063,406134
SVN,2020-11-09,4457,410591
SVN,2020-11-10,7515,418106
SVN,2020-11-11,6767,424873
SVN,2020-11-12,5762,430635
SVN,2020-11-13,6657,437292
SVN,2020-11-14,3563,440855
SVN,2020-11-15,1792,442647
SVN,2020-11-16,5326,447973
SVN,2020-11-17,6813,454786
SVN,2020-11-18,6806,461592
SVN,2020-11-19,5673,467265
SVN,2020-11-20,6580,473845
SVN,2020-11-21,3434,477279
SVN,2020-11-22,1742,479021
SVN,2020-11-23,5596,484617
SVN,2020-11-24,8063,492680
SVN,2020-11-25,7396,500076
SVN,2020-11-26,6587,506663
SVN,2020-11-27,6938,513601
SVN,2020-11-28,3644,517245
SVN,2020-11-29,1875,519120
SVN,2020-11-30,5868,524988
SVN,2020-12-01,7178,532166
SVN,2020-12-02,6704,538870
SVN,2020-12-03,6928,545798
SVN,2020-12-04,6344,552142
SVN,2020-12-05,3744,555886
SVN,2020-12-06,1751,557637
SVN,2020-12-07,6158,563795
SVN,2020-12-08,7003,570798
SVN,2020-12-09,6410,577208
SVN,2020-12-10,6453,583661
SVN,2020-12-11,6127,589788
SVN,2020-12-12,2648,592436
SVN,2020-12-13,1679,594115
SVN,2020-12-14,5634,599749
SVN,2020-12-15,6579,606328
SVN,2020-12-16,6350,612678
SVN,2020-12-17,5862,618540
SVN,2020-12-18,5600,624140
SVN,2020-12-19,2646,626786
SVN,2020-12-20,1446,628232
SVN,2020-12-21,5763,633995
SVN,2020-12-22,6524,640519
SVN,2020-12-23,6385,646904
SVN,2020-12-24,5187,652091
SVN,2020-12-25,1336,653427
SVN,2020-12-26,1880,655307
SVN,2020-12-27,1664,656971
SVN,2020-12-28,5677,662648
SVN,2020-12-29,5764,668412
SVN,2020-12-30,6011,674423
SVN,2020-12-31,4073,678496
SVN,2021-01-01,1419,679915
SVN,2021-01-02,2304,682219
SVN,2021-01-03,2041,684260
SVN,2021-01-04,5966,690226
SVN,2021-01-05,6956,697182
SVN,2021-01-06,6370,703552
SVN,2021-01-07,5259,708811
SVN,2021-01-08,4895,713706
SVN,2021-01-09,2669,716375
SVN,2021-01-10,1720,718095
SVN,2021-01-11,5512,723607
SVN,2021-01-12,6193,729800
SVN,2021-01-13,5637,735437
SVN,2021-01-14,4897,740334
SVN,2021-01-15,4763,745097
SVN,2021-01-16,2497,747594
SVN,2021-01-17,1404,748998
SVN,2021-01-18,5306,754304
SVN,2021-01-19,5384,759688
SVN,2021-01-20,4813,764501
SVN,2021-01-21,4872,769373
SVN,2021-01-22,4405,773778
SVN,2021-01-23,2140,775918
SVN,2021-01-24,1293,777211
SVN,2021-01-25,4700,781911
SVN,2021-01-26,5418,787329
SVN,2021-01-27,4958,792287
SVN,2021-01-28,4506,796793
SVN,2021-01-29,4299,801092
SVN,2021-01-30,2408,803500
SVN,2021-01-31,1461,804961
SVN,2021-02-01,4536,809497
SVN,2021-02-02,5709,815206
SVN,2021-02-03,5160,820366
SVN,2021-02-04,5247,825613
SVN,2021-02-05,4541,830154
SVN,2021-02-06,2497,832651
SVN,2021-02-07,1565,834216
SVN,2021-02-08,1493,835709
SVN,2021-02-09,5061,840770
SVN,2021-02-10,5482,846252
SVN,2021-02-11,5151,851403
SVN,2021-02-12,4458,855861
SVN,2021-02-13,2224,858085
SVN,2021-02-14,1633,859718
SVN,2021-02-15,4414,864132
SVN,2021-02-16,5140,869272
SVN,2021-02-17,4271,873543
SVN,2021-02-18,4556,878099
SVN,2021-02-19,4397,882496
SVN,2021-02-20,2067,884563
SVN,2021-02-21,1428,885991
SVN,2021-02-22,4369,890360
SVN,2021-02-23,5316,895676
SVN,2021-02-24,4565,900241
SVN,2021-02-25,4484,904725
SVN,2021-02-26,4861,909586
SVN,2021-02-27,2611,912197
SVN,2021-02-28,1451,913648
SVN,2021-03-01,4487,918135
SVN,2021-03-02,6231,924366
SVN,2021-03-03,5838,930204
SVN,2021-03-04,5440,935644
SVN,2021-03-05,5288,940932
SVN,2021-03-06,2785,943717
SVN,2021-03-07,1681,945398
SVN,2021-03-08,4700,950098
SVN,2021-03-09,6017,956115
SVN,2021-03-10,5794,961909
SVN,2021-03-11,5222,967131
SVN,2021-03-12,5167,972298
SVN,2021-03-13,2984,975282
SVN,2021-03-14,1625,976907
SVN,2021-03-15,4842,981749
SVN,2021-03-16,5989,987738
SVN,2021-03-17,5442,993180
SVN,2021-03-18,5502,998682
SVN,2021-03-19,5651,1004333
SVN,2021-03-20,2849,1007182
SVN,2021-03-21,1842,1009024
SVN,2021-03-22,5022,1014046
SVN,2021-03-23,6979,1021025
SVN,2021-03-24,6432,1027457
SVN,2021-03-25,6646,1034103
SVN,2021-03-26,6767,1040870
SVN,2021-03-27,3462,1044332
SVN,2021-03-28,1774,1046106
SVN,2021-03-29,5513,1051619
SVN,2021-03-30,7281,1058900
SVN,2021-03-31,5698,1064598
SVN,2021-04-01,5427,1070025
SVN,2021-04-02,5052,1075077
SVN,2021-04-03,2825,1077902
SVN,2021-04-04,1568,1079470
SVN,2021-04-05,1927,1081397
SVN,2021-04-06,4889,1086286
SVN,2021-04-07,5436,1091722
SVN,2021-04-08,5265,1096987
SVN,2021-04-09,4811,1101798
SVN,2021-04-10,2895,1104693
SVN,2021-04-11,1521,1106214
SVN,2021-04-12,4707,1110921
SVN,2021-04-13,5377,1116298
SVN,2021-04-14,4359,1120657
SVN,2021-04-15,4315,1124972
SVN,2021-04-16,3845,1128817
SVN,2021-04-17,2641,1131458
SVN,2021-04-18,1644,1133102
SVN,2021-04-19,3643,1136745
SVN,2021-04-20,4892,1141637
SVN,2021-04-21,4325,1145962
SVN,2021-04-22,5372,1151334
SVN,2021-04-23,5180,1156514
SVN,2021-04-24,2690,1159204
SVN,2021-04-25,1354,1160558
SVN,2021-04-26,3653,1164211
SVN,2021-04-27,2008,1166219
SVN,2021-04-28,3937,1170156
SVN,2021-04-29,4442,1174598
SVN,2021-04-30,4197,1178795
SVN,2021-05-01,1827,1180622
SVN,2021-05-02,1380,1182002
SVN,2021-05-03,4024,1186026
SVN,2021-05-04,4750,1190776
SVN,2021-05-05,4228,1195004
SVN,2021-05-06,4029,1199033
SVN,2021-05-07,4327,1203360
SVN,2021-05-08,2406,1205766
SVN,2021-05-09,1310,1207076
SVN,2021-05-10,3722,1210798
SVN,2021-05-11,4700,1215498
SVN,2021-05-12,4636,1220134
SVN,2021-05-13,3962,1224096
SVN,2021-05-14,4177,1228273
SVN,2021-05-15,2471,1230744
SVN,2021-05-16,1504,1232248
SVN,2021-05-17,4233,1236481
SVN,2021-05-18,4469,1240950
SVN,2021-05-19,3852,1244802
SVN,2021-05-20,4136,1248938
SVN,2021-05-21,4045,1252983
SVN,2021-05-22,2118,1255101
SVN,2021-05-23,1405,1256506
SVN,2021-05-24,3565,1260071
SVN,2021-05-25,4242,1264313
SVN,2021-05-26,4018,1268331
SVN,2021-05-27,3592,1271923
SVN,2021-05-28,3715,1275638
SVN,2021-05-29,1854,1277492
SVN,2021-05-30,1503,1278995
SVN,2021-05-31,3381,1282376
SVN,2021-06-01,4174,1286550
SVN,2021-06-02,3841,1290391
SVN,2021-06-03,3927,1294318
SVN,2021-06-04,3478,1297796
SVN,2021-06-05,2257,1300053
SVN,2021-06-06,1329,1301382
SVN,2021-06-07,3053,1304435
SVN,2021-06-08,3508,1307943
SVN,2021-06-09,3036,1310979
SVN,2021-06-10,2737,1313716
SVN,2021-06-11,2700,1316416
SVN,2021-06-12,1376,1317792
SVN,2021-06-13,1024,1318816
SVN,2021-06-14,2332,1321148
SVN,2021-06-15,2645,1323793
SVN,2021-06-16,2336,1326129
SVN,2021-06-17,2410,1328539
SVN,2021-06-18,2239,1330778
SVN,2021-06-19,1059,1331837
SVN,2021-06-20,805,1332642
SVN,2021-06-21,2179,1334821
SVN,2021-06-22,2054,1336875
SVN,2021-06-23,2147,1339022
SVN,2021-06-24,2163,1341185
SVN,2021-06-25,953,1342138
SVN,2021-06-26,857,1342995
SVN,2021-06-27,648,1343643
SVN,2021-06-28,1643,1345286
ZAF,2020-02-07,0,0
ZAF,2020-02-08,0,0
ZAF,2020-02-09,0,0
ZAF,2020-02-10,0,0
ZAF,2020-02-11,0,0
ZAF,2020-02-12,0,0
ZAF,2020-02-13,0,0
ZAF,2020-02-14,4,4
ZAF,2020-02-15,0,4
ZAF,2020-02-16,0,4
ZAF,2020-02-17,0,4
ZAF,2020-02-18,0,4
ZAF,2020-02-19,0,4
ZAF,2020-02-20,11,15
ZAF,2020-02-21,0,15
ZAF,2020-02-22,0,15
ZAF,2020-02-23,0,15
ZAF,2020-02-24,0,15
ZAF,2020-02-25,0,15
ZAF,2020-02-26,0,15
ZAF,2020-02-27,0,15
ZAF,2020-02-28,0,15
ZAF,2020-02-29,0,15
ZAF,2020-03-01,0,15
ZAF,2020-03-02,0,15
ZAF,2020-03-03,4,19
ZAF,2020-03-04,0,19
ZAF,2020-03-05,0,19
ZAF,2020-03-06,0,19
ZAF,2020-03-07,41,60
ZAF,2020-03-08,0,60
ZAF,2020-03-09,0,60
ZAF,2020-03-10,0,60
ZAF,2020-03-11,0,60
ZAF,2020-03-12,203,263
ZAF,2020-03-13,76,339
ZAF,2020-03-14,93,432
ZAF,2020-03-15,459,891
ZAF,2020-03-16,929,1820
ZAF,2020-03-17,506,2326
ZAF,2020-03-18,159,2485
ZAF,2020-03-19,1762,4247
ZAF,2020-03-20,1606,5853
ZAF,2020-03-21,987,6840
ZAF,2020-03-22,1890,8730
ZAF,2020-03-23,3500,12230
ZAF,2020-03-24,2714,14944
ZAF,2020-03-25,0,14944
ZAF,2020-03-26,0,14944
ZAF,2020-03-27,8066,23010
ZAF,2020-03-28,3426,26436
ZAF,2020-03-29,3630,30066
ZAF,2020-03-30,2816,32882
ZAF,2020-03-31,2663,35545
ZAF,2020-04-01,3220,38765
ZAF,2020-04-02,3673,42438
ZAF,2020-04-03,2396,44834
ZAF,2020-04-04,3576,48410
ZAF,2020-04-05,2936,51346
ZAF,2020-04-06,1225,52571
ZAF,2020-04-07,0,52571
ZAF,2020-04-08,0,52571
ZAF,2020-04-09,5098,57669
ZAF,2020-04-10,4154,61823
ZAF,2020-04-11,2025,63848
ZAF,2020-04-12,5032,68880
ZAF,2020-04-13,3578,72458
ZAF,2020-04-14,3359,75817
ZAF,2020-04-15,3493,79310
ZAF,2020-04-16,4545,83855
ZAF,2020-04-17,5767,89622
ZAF,2020-04-18,7194,96816
ZAF,2020-04-19,6690,103506
ZAF,2020-04-20,6799,110305
ZAF,2020-04-21,5427,115732
ZAF,2020-04-22,6837,122569
ZAF,2020-04-23,9796,132365
ZAF,2020-04-24,8820,141185
ZAF,2020-04-25,8614,149799
ZAF,2020-04-26,7639,157438
ZAF,2020-04-27,9827,167265
ZAF,2020-04-28,7027,174292
ZAF,2020-04-29,11630,185922
ZAF,2020-04-30,10403,196325
ZAF,2020-05-01,9992,206317
ZAF,2020-05-02,13164,219481
ZAF,2020-05-03,15061,234542
ZAF,2020-05-04,11794,246336
ZAF,2020-05-05,10523,256859
ZAF,2020-05-06,11315,268174
ZAF,2020-05-07,12774,280948
ZAF,2020-05-08,15599,296547
ZAF,2020-05-09,16327,312874
ZAF,2020-05-10,17257,330131
ZAF,2020-05-11,14731,344862
ZAF,2020-05-12,13630,358492
ZAF,2020-05-13,16655,375147
ZAF,2020-05-14,16666,391813
ZAF,2020-05-15,18537,410350
ZAF,2020-05-16,18004,428354
ZAF,2020-05-17,21314,449668
ZAF,2020-05-18,14198,463866
ZAF,2020-05-19,13538,477404
ZAF,2020-05-20,17252,494656
ZAF,2020-05-21,19572,514228
ZAF,2020-05-22,17599,531827
ZAF,2020-05-23,21338,553165
ZAF,2020-05-24,19485,572650
ZAF,2020-05-25,12922,585572
ZAF,2020-05-26,9214,594786
ZAF,2020-05-27,29005,623791
ZAF,2020-05-28,20727,644518
ZAF,2020-05-29,24452,668970
ZAF,2020-05-30,21708,690678
ZAF,2020-05-31,23242,713920
ZAF,2020-06-01,17617,731537
ZAF,2020-06-02,18792,750329
ZAF,2020-06-03,24445,774774
ZAF,2020-06-04,34696,809470
ZAF,2020-06-05,30196,839666
ZAF,2020-06-06,40797,880463
ZAF,2020-06-07,28396,908859
ZAF,2020-06-08,22995,931854
ZAF,2020-06-09,25011,956865
ZAF,2020-06-10,30330,987195
ZAF,2020-06-11,29999,1017194
ZAF,2020-06-12,32026,1049220
ZAF,2020-06-13,27462,1076682
ZAF,2020-06-14,34071,1110753
ZAF,2020-06-15,26975,1137728
ZAF,2020-06-16,23580,1161308
ZAF,2020-06-17,34847,1196155
ZAF,2020-06-18,20738,1216893
ZAF,2020-06-19,32336,1249229
ZAF,2020-06-20,33174,1282403
ZAF,2020-06-21,34452,1316855
ZAF,2020-06-22,25116,1341971
ZAF,2020-06-23,29596,1371567
ZAF,2020-06-24,34122,1405689
ZAF,2020-06-25,43118,1448807
ZAF,2020-06-26,33092,1481899
ZAF,2020-06-27,35905,1517804
ZAF,2020-06-28,38075,1555879
ZAF,2020-06-29,29911,1585790
ZAF,2020-06-30,33013,1618803
ZAF,2020-07-01,36931,1655734
ZAF,2020-07-02,39188,1694922
ZAF,2020-07-03,39026,1733948
ZAF,2020-07-04,46925,1780873
ZAF,2020-07-05,38083,1818956
ZAF,2020-07-06,33950,1852906
ZAF,2020-07-07,43421,1896327
ZAF,2020-07-08,36867,1933194
ZAF,2020-07-09,56170,1989364
ZAF,2020-07-10,56663,2046027
ZAF,2020-07-11,51338,2097365
ZAF,2020-07-12,45821,2143186
ZAF,2020-07-13,40233,2183419
ZAF,2020-07-14,38114,2221533
ZAF,2020-07-15,45389,2266922
ZAF,2020-07-16,46796,2313718
ZAF,2020-07-17,48130,2361848
ZAF,2020-07-18,49688,2411536
ZAF,2020-07-19,49006,2460542
ZAF,2020-07-20,33899,2494441
ZAF,2020-07-21,31275,2525716
ZAF,2020-07-22,48553,2574269
ZAF,2020-07-23,46632,2620901
ZAF,2020-07-24,52382,2673283
ZAF,2020-07-25,46324,2719607
ZAF,2020-07-26,42966,2762573
ZAF,2020-07-27,28433,2791006
ZAF,2020-07-28,28424,2819430
ZAF,2020-07-29,42528,2861958
ZAF,2020-07-30,44886,2906844
ZAF,2020-07-31,41486,2948330
ZAF,2020-08-01,42450,2990780
ZAF,2020-08-02,34794,3025574
ZAF,2020-08-03,21916,3047490
ZAF,2020-08-04,19507,3066997
ZAF,2020-08-05,34989,3101986
ZAF,2020-08-06,36616,3138602
ZAF,2020-08-07,33851,3172453
ZAF,2020-08-08,36607,3209060
ZAF,2020-08-09,30318,3239378
ZAF,2020-08-10,16911,3256289
ZAF,2020-08-11,11483,3267772
ZAF,2020-08-12,16457,3284229
ZAF,2020-08-13,20063,3304292
ZAF,2020-08-14,35614,3339906
ZAF,2020-08-15,26918,3366824
ZAF,2020-08-16,22609,3389433
ZAF,2020-08-17,15032,3404465
ZAF,2020-08-18,14677,3419142
ZAF,2020-08-19,25324,3444466
ZAF,2020-08-20,24612,3469078
ZAF,2020-08-21,24224,3493302
ZAF,2020-08-22,30560,3523862
ZAF,2020-08-23,18358,3542220
ZAF,2020-08-24,10640,3552860
ZAF,2020-08-25,14771,3567631
ZAF,2020-08-26,20137,3587768
ZAF,2020-08-27,19009,3606777
ZAF,2020-08-28,14329,3621106
ZAF,2020-08-29,20659,3641765
ZAF,2020-08-30,21902,3663667
ZAF,2020-08-31,18849,3682516
ZAF,2020-09-01,11687,3694203
ZAF,2020-09-02,21313,3715516
ZAF,2020-09-03,20380,3735896
ZAF,2020-09-04,18599,3754495
ZAF,2020-09-05,18123,3772618
ZAF,2020-09-06,16367,3788985
ZAF,2020-09-07,8759,3797744
ZAF,2020-09-08,12213,3809957
ZAF,2020-09-09,21736,3831693
ZAF,2020-09-10,20555,3852248
ZAF,2020-09-11,20713,3872961
ZAF,2020-09-12,18620,3891581
ZAF,2020-09-13,15692,3907273
ZAF,2020-09-14,10136,3917409
ZAF,2020-09-15,11603,3929012
ZAF,2020-09-16,20962,3949974
ZAF,2020-09-17,22354,3972328
ZAF,2020-09-18,20057,3992385
ZAF,2020-09-19,21069,4013454
ZAF,2020-09-20,16884,4030338
ZAF,2020-09-21,6180,4036518
ZAF,2020-09-22,16394,4052912
ZAF,2020-09-23,19640,4072552
ZAF,2020-09-24,18405,4090957
ZAF,2020-09-25,14917,4105874
ZAF,2020-09-26,11359,4117233
ZAF,2020-09-27,15028,4132261
ZAF,2020-09-28,9014,4141275
ZAF,2020-09-29,12011,4153286
ZAF,2020-09-30,23426,4176712
ZAF,2020-10-01,21132,4197844
ZAF,2020-10-02,20660,4218504
ZAF,2020-10-03,21804,4240308
ZAF,2020-10-04,18113,4258421
ZAF,2020-10-05,10714,4269135
ZAF,2020-10-06,14591,4283726
ZAF,2020-10-07,23583,4307309
ZAF,2020-10-08,21172,4328481
ZAF,2020-10-09,20419,4348900
ZAF,2020-10-10,28066,4376966
ZAF,2020-10-11,19270,4396236
ZAF,2020-10-12,10977,4407213
ZAF,2020-10-13,15534,4422747
ZAF,2020-10-14,24793,4447540
ZAF,2020-10-15,22609,4470149
ZAF,2020-10-16,24179,4494328
ZAF,2020-10-17,22608,4516936
ZAF,2020-10-18,21337,4538273
ZAF,2020-10-19,16502,4554775
ZAF,2020-10-20,15366,4570141
ZAF,2020-10-21,26537,4596678
ZAF,2020-10-22,25788,4622466
ZAF,2020-10-23,23445,4645911
ZAF,2020-10-24,20826,4666737
ZAF,2020-10-25,19997,4686734
ZAF,2020-10-26,11464,4698198
ZAF,2020-10-27,17472,4715670
ZAF,2020-10-28,25721,4741391
ZAF,2020-10-29,25013,4766404
ZAF,2020-10-30,23214,4789618
ZAF,2020-10-31,22150,4811768
ZAF,2020-11-01,19543,4831311
ZAF,2020-11-02,10402,4841713
ZAF,2020-11-03,15692,4857405
ZAF,2020-11-04,25073,4882478
ZAF,2020-11-05,23942,4906420
ZAF,2020-11-06,23094,4929514
ZAF,2020-11-07,22455,4951969
ZAF,2020-11-08,17266,4969235
ZAF,2020-11-09,12641,4981876
ZAF,2020-11-10,17269,4999145
ZAF,2020-11-11,27432,5026577
ZAF,2020-11-12,25675,5052252
ZAF,2020-11-13,23430,5075682
ZAF,2020-11-14,23497,5099179
ZAF,2020-11-15,19808,5118987
ZAF,2020-11-16,12755,5131742
ZAF,2020-11-17,17930,5149672
ZAF,2020-11-18,28703,5178375
ZAF,2020-11-19,24456,5202831
ZAF,2020-11-20,29019,5231850
ZAF,2020-11-21,26007,5257857
ZAF,2020-11-22,21904,5279761
ZAF,2020-11-23,14377,5294138
ZAF,2020-11-24,20288,5314426
ZAF,2020-11-25,29437,5343863
ZAF,2020-11-26,28010,5371873
ZAF,2020-11-27,0,5371873
ZAF,2020-11-28,0,5371873
ZAF,2020-11-29,0,5371873
ZAF,2020-11-30,0,5371873
ZAF,2020-12-01,0,5371873
ZAF,2020-12-02,0,5371873
ZAF,2020-12-03,0,5371873
ZAF,2020-12-04,33415,5405288
ZAF,2020-12-05,31844,5437132
ZAF,2020-12-06,26735,5463867
ZAF,2020-12-07,19252,5483119
ZAF,2020-12-08,28127,5511246
ZAF,2020-12-09,50221,5561467
ZAF,2020-12-10,45207,5606674
ZAF,2020-12-11,44074,5650748
ZAF,2020-12-12,40211,5690959
ZAF,2020-12-13,39423,5730382
ZAF,2020-12-14,25049,5755431
ZAF,2020-12-15,36347,5791778
ZAF,2020-12-16,48118,5839896
ZAF,2020-12-17,42543,5882439
ZAF,2020-12-18,40751,5923190
ZAF,2020-12-19,48387,5971577
ZAF,2020-12-20,40466,6012043
ZAF,2020-12-21,35844,6047887
ZAF,2020-12-22,39045,6086932
ZAF,2020-12-23,54048,6140980
ZAF,2020-12-24,56008,6196988
ZAF,2020-12-25,52223,6249211
ZAF,2020-12-26,37817,6287028
ZAF,2020-12-27,29494,6316522
ZAF,2020-12-28,23707,6340229
ZAF,2020-12-29,31457,6371686
ZAF,2020-12-30,53279,6424965
ZAF,2020-12-31,55447,6480412
ZAF,2021-01-01,50110,6530522
ZAF,2021-01-02,46913,6577435
ZAF,2021-01-03,36622,6614057
ZAF,2021-01-04,37419,6651476
ZAF,2021-01-05,47875,6699351
ZAF,2021-01-06,70060,6769411
ZAF,2021-01-07,69271,6838682
ZAF,2021-01-08,76202,6914884
ZAF,2021-01-09,77167,6992051
ZAF,2021-01-10,63046,7055097
ZAF,2021-01-11,52496,7107593
ZAF,2021-01-12,50671,7158264
ZAF,2021-01-13,71681,7229945
ZAF,2021-01-14,74830,7304775
ZAF,2021-01-15,65209,7369984
ZAF,2021-01-16,59994,7429978
ZAF,2021-01-17,54696,7484674
ZAF,2021-01-18,39901,7524575
ZAF,2021-01-19,46648,7571223
ZAF,2021-01-20,62054,7633277
ZAF,2021-01-21,58540,7691817
ZAF,2021-01-22,62251,7754068
ZAF,2021-01-23,64143,7818211
ZAF,2021-01-24,46119,7864330
ZAF,2021-01-25,26113,7890443
ZAF,2021-01-26,39529,7929972
ZAF,2021-01-27,49065,7979037
ZAF,2021-01-28,48406,8027443
ZAF,2021-01-29,47345,8074788
ZAF,2021-01-30,41540,8116328
ZAF,2021-01-31,34076,8150404
ZAF,2021-02-01,21549,8171953
ZAF,2021-02-02,28942,8200895
ZAF,2021-02-03,39596,8240491
ZAF,2021-02-04,31032,8271523
ZAF,2021-02-05,36250,8307773
ZAF,2021-02-06,33187,8340960
ZAF,2021-02-07,26055,8367015
ZAF,2021-02-08,15599,8382614
ZAF,2021-02-09,26859,8409473
ZAF,2021-02-10,35195,8444668
ZAF,2021-02-11,32265,8476933
ZAF,2021-02-12,35718,8512651
ZAF,2021-02-13,31149,8543800
ZAF,2021-02-14,24470,8568270
ZAF,2021-02-15,15778,8584048
ZAF,2021-02-16,24486,8608534
ZAF,2021-02-17,35413,8643947
ZAF,2021-02-18,34556,8678503
ZAF,2021-02-19,31638,8710141
ZAF,2021-02-20,28722,8738863
ZAF,2021-02-21,24856,8763719
ZAF,2021-02-22,15342,8779061
ZAF,2021-02-23,25093,8804154
ZAF,2021-02-24,34510,8838664
ZAF,2021-02-25,31862,8870526
ZAF,2021-02-26,28752,8899278
ZAF,2021-02-27,26569,8925847
ZAF,2021-02-28,22836,8948683
ZAF,2021-03-01,12794,8961477
ZAF,2021-03-02,23753,8985230
ZAF,2021-03-03,33498,9018728
ZAF,2021-03-04,30799,9049527
ZAF,2021-03-05,29024,9078551
ZAF,2021-03-06,29156,9107707
ZAF,2021-03-07,18989,9126696
ZAF,2021-03-08,13630,9140326
ZAF,2021-03-09,30762,9171088
ZAF,2021-03-10,36217,9207305
ZAF,2021-03-11,33493,9240798
ZAF,2021-03-12,24133,9264931
ZAF,2021-03-13,32862,9297793
ZAF,2021-03-14,23903,9321696
ZAF,2021-03-15,15023,9336719
ZAF,2021-03-16,24920,9361639
ZAF,2021-03-17,34419,9396058
ZAF,2021-03-18,31550,9427608
ZAF,2021-03-19,28519,9456127
ZAF,2021-03-20,26339,9482466
ZAF,2021-03-21,24025,9506491
ZAF,2021-03-22,13932,9520423
ZAF,2021-03-23,16445,9536868
ZAF,2021-03-24,25155,9562023
ZAF,2021-03-25,32002,9594025
ZAF,2021-03-26,29240,9623265
ZAF,2021-03-27,27554,9650819
ZAF,2021-03-28,24256,9675075
ZAF,2021-03-29,16123,9691198
ZAF,2021-03-30,24841,9716039
ZAF,2021-03-31,34513,9750552
ZAF,2021-04-01,32725,9783277
ZAF,2021-04-02,27622,9810899
ZAF,2021-04-03,16391,9827290
ZAF,2021-04-04,12117,9839407
ZAF,2021-04-05,11091,9850498
ZAF,2021-04-06,16137,9866635
ZAF,2021-04-07,24594,9891229
ZAF,2021-04-08,35874,9927103
ZAF,2021-04-09,30560,9957663
ZAF,2021-04-10,29464,9987127
ZAF,2021-04-11,23013,10010140
ZAF,2021-04-12,16042,10026182
ZAF,2021-04-13,26165,10052347
ZAF,2021-04-14,34971,10087318
ZAF,2021-04-15,43550,10130868
ZAF,2021-04-16,31600,10162468
ZAF,2021-04-17,14377,10176845
ZAF,2021-04-18,31425,10208270
ZAF,2021-04-19,18130,10226400
ZAF,2021-04-20,23893,10250293
ZAF,2021-04-21,34091,10284384
ZAF,2021-04-22,34493,10318877
ZAF,2021-04-23,33903,10352780
ZAF,2021-04-24,26934,10379714
ZAF,2021-04-25,22469,10402183
ZAF,2021-04-26,14838,10417021
ZAF,2021-04-27,21776,10438797
ZAF,2021-04-28,22514,10461311
ZAF,2021-04-29,34923,10496234
ZAF,2021-04-30,29840,10526074
ZAF,2021-05-01,27957,10554031
ZAF,2021-05-02,16194,10570225
ZAF,2021-05-03,16752,10586977
ZAF,2021-05-04,24040,10611017
ZAF,2021-05-05,33414,10644431
ZAF,2021-05-06,32577,10677008
ZAF,2021-05-07,25934,10702942
ZAF,2021-05-08,29873,10732815
ZAF,2021-05-09,26098,10758913
ZAF,2021-05-10,18311,10777224
ZAF,2021-05-11,25886,10803110
ZAF,2021-05-12,37020,10840130
ZAF,2021-05-13,42073,10882203
ZAF,2021-05-14,41994,10924197
ZAF,2021-05-15,34512,10958709
ZAF,2021-05-16,27543,10986252
ZAF,2021-05-17,19505,11005757
ZAF,2021-05-18,32397,11038154
ZAF,2021-05-19,40355,11078509
ZAF,2021-05-20,39612,11118121
ZAF,2021-05-21,34903,11153024
ZAF,2021-05-22,43755,11196779
ZAF,2021-05-23,29355,11226134
ZAF,2021-05-24,23352,11249486
ZAF,2021-05-25,28026,11277512
ZAF,2021-05-26,45877,11323389
ZAF,2021-05-27,43442,11366831
ZAF,2021-05-28,39802,11406633
ZAF,2021-05-29,39618,11446251
ZAF,2021-05-30,31523,11477774
ZAF,2021-05-31,24669,11502443
ZAF,2021-06-01,36677,11539120
ZAF,2021-06-02,45484,11584604
ZAF,2021-06-03,43776,11628380
ZAF,2021-06-04,43137,11671517
ZAF,2021-06-05,40460,11711977
ZAF,2021-06-06,35821,11747798
ZAF,2021-06-07,23199,11770997
ZAF,2021-06-08,32225,11803222
ZAF,2021-06-09,53732,11856954
ZAF,2021-06-10,58322,11915276
ZAF,2021-06-11,48609,11963885
ZAF,2021-06-12,56173,12020058
ZAF,2021-06-13,44560,12064618
ZAF,2021-06-14,30034,12094652
ZAF,2021-06-15,47394,12142046
ZAF,2021-06-16,60995,12203041
ZAF,2021-06-17,52118,12255159
ZAF,2021-06-18,51301,12306460
ZAF,2021-06-19,58635,12365095
ZAF,2021-06-20,55593,12420688
ZAF,2021-06-21,36858,12457546
ZAF,2021-06-22,46893,12504439
ZAF,2021-06-23,70186,12574625
ZAF,2021-06-24,65631,12640256
ZAF,2021-06-25,73709,12713965
ZAF,2021-06-26,70067,12784032
KOR,2020-01-21,0,0
KOR,2020-01-22,5,5
KOR,2020-01-23,0,5
KOR,2020-01-24,0,5
KOR,2020-01-25,0,5
KOR,2020-01-26,0,5
KOR,2020-01-27,9,14
KOR,2020-01-28,130,144
KOR,2020-01-29,0,144
KOR,2020-01-30,0,144
KOR,2020-01-31,0,144
KOR,2020-02-01,0,144
KOR,2020-02-02,58,202
KOR,2020-02-03,0,202
KOR,2020-02-04,0,202
KOR,2020-02-05,107,309
KOR,2020-02-06,171,480
KOR,2020-02-07,245,725
KOR,2020-02-08,571,1296
KOR,2020-02-09,639,1935
KOR,2020-02-10,436,2371
KOR,2020-02-11,853,3224
KOR,2020-02-12,1445,4669
KOR,2020-02-13,723,5392
KOR,2020-02-14,1057,6449
KOR,2020-02-15,665,7114
KOR,2020-02-16,400,7514
KOR,2020-02-17,252,7766
KOR,2020-02-18,1094,8860
KOR,2020-02-19,1146,10006
KOR,2020-02-20,1750,11756
KOR,2020-02-21,2655,14411
KOR,2020-02-22,4805,19216
KOR,2020-02-23,3012,22228
KOR,2020-02-24,5982,28210
KOR,2020-02-25,8101,36311
KOR,2020-02-26,9411,45722
KOR,2020-02-27,11863,57585
KOR,2020-02-28,12950,70535
KOR,2020-02-29,14753,85288
KOR,2020-03-01,11292,96580
KOR,2020-03-02,12606,109186
KOR,2020-03-03,16260,125446
KOR,2020-03-04,10856,136302
KOR,2020-03-05,9834,146136
KOR,2020-03-06,18199,164335
KOR,2020-03-07,13449,177784
KOR,2020-03-08,10329,188113
KOR,2020-03-09,8100,196213
KOR,2020-03-10,13526,209739
KOR,2020-03-11,12251,221990
KOR,2020-03-12,0,221990
KOR,2020-03-13,0,221990
KOR,2020-03-14,0,221990
KOR,2020-03-15,0,221990
KOR,2020-03-16,0,221990
KOR,2020-03-17,0,221990
KOR,2020-03-18,0,221990
KOR,2020-03-19,0,221990
KOR,2020-03-20,10019,232009
KOR,2020-03-21,10666,242675
KOR,2020-03-22,5435,248110
KOR,2020-03-23,7168,255278
KOR,2020-03-24,8734,264012
KOR,2020-03-25,10476,274488
KOR,2020-03-26,6955,281443
KOR,2020-03-27,11169,292612
KOR,2020-03-28,9619,302231
KOR,2020-03-29,0,302231
KOR,2020-03-30,0,302231
KOR,2020-03-31,12009,314240
KOR,2020-04-01,11290,325530
KOR,2020-04-02,8896,334426
KOR,2020-04-03,10507,344933
KOR,2020-04-04,0,344933
KOR,2020-04-05,0,344933
KOR,2020-04-06,5847,350780
KOR,2020-04-07,9145,359925
KOR,2020-04-08,11491,371416
KOR,2020-04-09,11057,382473
KOR,2020-04-10,8551,391024
KOR,2020-04-11,8656,399680
KOR,2020-04-12,4424,404104
KOR,2020-04-13,4519,408623
KOR,2020-04-14,7435,416058
KOR,2020-04-15,6739,422797
KOR,2020-04-16,4981,427778
KOR,2020-04-17,7770,435548
KOR,2020-04-18,0,435548
KOR,2020-04-19,0,435548
KOR,2020-04-20,4188,439736
KOR,2020-04-21,7239,446975
KOR,2020-04-22,7545,454520
KOR,2020-04-23,7994,462514
KOR,2020-04-24,6088,468602
KOR,2020-04-25,0,468602
KOR,2020-04-26,0,468602
KOR,2020-04-27,0,468602
KOR,2020-04-28,6546,475148
KOR,2020-04-29,6579,481727
KOR,2020-04-30,0,481727
KOR,2020-05-01,0,481727
KOR,2020-05-02,4682,486409
KOR,2020-05-03,3319,489728
KOR,2020-05-04,3360,493088
KOR,2020-05-05,5634,498722
KOR,2020-05-06,3707,502429
KOR,2020-05-07,5873,508302
KOR,2020-05-08,5037,513339
KOR,2020-05-09,4881,518220
KOR,2020-05-10,0,518220
KOR,2020-05-11,0,518220
KOR,2020-05-12,6990,525210
KOR,2020-05-13,11781,536991
KOR,2020-05-14,14421,551412
KOR,2020-05-15,16110,567522
KOR,2020-05-16,0,567522
KOR,2020-05-17,0,567522
KOR,2020-05-18,7125,574647
KOR,2020-05-19,11531,586178
KOR,2020-05-20,11433,597611
KOR,2020-05-21,10513,608124
KOR,2020-05-22,11537,619661
KOR,2020-05-23,10719,630380
KOR,2020-05-24,0,630380
KOR,2020-05-25,0,630380
KOR,2020-05-26,10083,640463
KOR,2020-05-27,14384,654847
KOR,2020-05-28,14481,669328
KOR,2020-05-29,14267,683595
KOR,2020-05-30,16040,699635
KOR,2020-05-31,10925,710560
KOR,2020-06-01,9805,720365
KOR,2020-06-02,13596,733961
KOR,2020-06-03,18058,752019
KOR,2020-06-04,16672,768691
KOR,2020-06-05,16535,785226
KOR,2020-06-06,15157,800383
KOR,2020-06-07,8937,809320
KOR,2020-06-08,7552,816872
KOR,2020-06-09,14698,831570
KOR,2020-06-10,17211,848781
KOR,2020-06-11,15645,864426
KOR,2020-06-12,15849,880275
KOR,2020-06-13,14109,894384
KOR,2020-06-14,7620,902004
KOR,2020-06-15,5954,907958
KOR,2020-06-16,12209,920167
KOR,2020-06-17,14199,934366
KOR,2020-06-18,12664,947030
KOR,2020-06-19,12875,959905
KOR,2020-06-20,12558,972463
KOR,2020-06-21,6961,979424
KOR,2020-06-22,6271,985695
KOR,2020-06-23,11071,996766
KOR,2020-06-24,14618,1011384
KOR,2020-06-25,13226,1024610
KOR,2020-06-26,11909,1036519
KOR,2020-06-27,10427,1046946
KOR,2020-06-28,8776,1055722
KOR,2020-06-29,8765,1064487
KOR,2020-06-30,11502,1075989
KOR,2020-07-01,12748,1088737
KOR,2020-07-02,10475,1099212
KOR,2020-07-03,10021,1109233
KOR,2020-07-04,11001,1120234
KOR,2020-07-05,0,1120234
KOR,2020-07-06,0,1120234
KOR,2020-07-07,12015,1132249
KOR,2020-07-08,13204,1145453
KOR,2020-07-09,12136,1157589
KOR,2020-07-10,13504,1171093
KOR,2020-07-11,0,1171093
KOR,2020-07-12,0,1171093
KOR,2020-07-13,6153,1177246
KOR,2020-07-14,9860,1187106
KOR,2020-07-15,11692,1198798
KOR,2020-07-16,9925,1208723
KOR,2020-07-17,9963,1218686
KOR,2020-07-18,9374,1228060
KOR,2020-07-19,6065,1234125
KOR,2020-07-20,5545,1239670
KOR,2020-07-21,9635,1249305
KOR,2020-07-22,11794,1261099
KOR,2020-07-23,9116,1270215
KOR,2020-07-24,10332,1280547
KOR,2020-07-25,9185,1289732
KOR,2020-07-26,4759,1294491
KOR,2020-07-27,4492,1298983
KOR,2020-07-28,9056,1308039
KOR,2020-07-29,10721,1318760
KOR,2020-07-30,9216,1327976
KOR,2020-07-31,8269,1336245
KOR,2020-08-01,8086,1344331
KOR,2020-08-02,4926,1349257
KOR,2020-08-03,3878,1353135
KOR,2020-08-04,8700,1361835
KOR,2020-08-05,8641,1370476
KOR,2020-08-06,8759,1379235
KOR,2020-08-07,8128,1387363
KOR,2020-08-08,7825,1395188
KOR,2020-08-09,3438,1398626
KOR,2020-08-10,4060,1402686
KOR,2020-08-11,8448,1411134
KOR,2020-08-12,8922,1420056
KOR,2020-08-13,7823,1427879
KOR,2020-08-14,7852,1435731
KOR,2020-08-15,8726,1444457
KOR,2020-08-16,6104,1450561
KOR,2020-08-17,5724,1456285
KOR,2020-08-18,6317,1462602
KOR,2020-08-19,12219,1474821
KOR,2020-08-20,15043,1489864
KOR,2020-08-21,16993,1506857
KOR,2020-08-22,17295,1524152
KOR,2020-08-23,10249,1534401
KOR,2020-08-24,12805,1547206
KOR,2020-08-25,19048,1566254
KOR,2020-08-26,21236,1587490
KOR,2020-08-27,20827,1608317
KOR,2020-08-28,19468,1627785
KOR,2020-08-29,18277,1646062
KOR,2020-08-30,10866,1656928
KOR,2020-08-31,13664,1670592
KOR,2020-09-01,22524,1693116
KOR,2020-09-02,21210,1714326
KOR,2020-09-03,21481,1735807
KOR,2020-09-04,0,1735807
KOR,2020-09-05,0,1735807
KOR,2020-09-06,11346,1747153
KOR,2020-09-07,7874,1755027
KOR,2020-09-08,18520,1773547
KOR,2020-09-09,22993,1796540
KOR,2020-09-10,20872,1817412
KOR,2020-09-11,23215,1840627
KOR,2020-09-12,17843,1858470
KOR,2020-09-13,7934,1866404
KOR,2020-09-14,7961,1874365
KOR,2020-09-15,13742,1888107
KOR,2020-09-16,15722,1903829
KOR,2020-09-17,13394,1917223
KOR,2020-09-18,14578,1931801
KOR,2020-09-19,13495,1945296
KOR,2020-09-20,7970,1953266
KOR,2020-09-21,6626,1959892
KOR,2020-09-22,12837,1972729
KOR,2020-09-23,14482,1987211
KOR,2020-09-24,11845,1999056
KOR,2020-09-25,12484,2011540
KOR,2020-09-26,11136,2022676
KOR,2020-09-27,5802,2028478
KOR,2020-09-28,5077,2033555
KOR,2020-09-29,10272,2043827
KOR,2020-09-30,9415,2053242
KOR,2020-10-01,6003,2059245
KOR,2020-10-02,5376,2064621
KOR,2020-10-03,4790,2069411
KOR,2020-10-04,5657,2075068
KOR,2020-10-05,5702,2080770
KOR,2020-10-06,12765,2093535
KOR,2020-10-07,13239,2106774
KOR,2020-10-08,11931,2118705
KOR,2020-10-09,11668,2130373
KOR,2020-10-10,6168,2136541
KOR,2020-10-11,5478,2142019
KOR,2020-10-12,5238,2147257
KOR,2020-10-13,12229,2159486
KOR,2020-10-14,14411,2173897
KOR,2020-10-15,9419,2183316
KOR,2020-10-16,9594,2192910
KOR,2020-10-17,9138,2202048
KOR,2020-10-18,5539,2207587
KOR,2020-10-19,5715,2213302
KOR,2020-10-20,9469,2222771
KOR,2020-10-21,12066,2234837
KOR,2020-10-22,11514,2246351
KOR,2020-10-23,12679,2259030
KOR,2020-10-24,10600,2269630
KOR,2020-10-25,5673,2275303
KOR,2020-10-26,7037,2282340
KOR,2020-10-27,13083,2295423
KOR,2020-10-28,15472,2310895
KOR,2020-10-29,11774,2322669
KOR,2020-10-30,14028,2336697
KOR,2020-10-31,12956,2349653
KOR,2020-11-01,6978,2356631
KOR,2020-11-02,5334,2361965
KOR,2020-11-03,12918,2374883
KOR,2020-11-04,13961,2388844
KOR,2020-11-05,10639,2399483
KOR,2020-11-06,12041,2411524
KOR,2020-11-07,10347,2421871
KOR,2020-11-08,6200,2428071
KOR,2020-11-09,6165,2434236
KOR,2020-11-10,12708,2446944
KOR,2020-11-11,11741,2458685
KOR,2020-11-12,12642,2471327
KOR,2020-11-13,10804,2482131
KOR,2020-11-14,11305,2493436
KOR,2020-11-15,7903,2501339
KOR,2020-11-16,8877,2510216
KOR,2020-11-17,15176,2525392
KOR,2020-11-18,17121,2542513
KOR,2020-11-19,16644,2559157
KOR,2020-11-20,16982,2576139
KOR,2020-11-21,20101,2596240
KOR,2020-11-22,9460,2605700
KOR,2020-11-23,10819,2616519
KOR,2020-11-24,22950,2639469
KOR,2020-11-25,21937,2661406
KOR,2020-11-26,22118,2683524
KOR,2020-11-27,20255,2703779
KOR,2020-11-28,20270,2724049
KOR,2020-11-29,10932,2734981
KOR,2020-11-30,13665,2748646
KOR,2020-12-01,21298,2769944
KOR,2020-12-02,22711,2792655
KOR,2020-12-03,24282,2816937
KOR,2020-12-04,27295,2844232
KOR,2020-12-05,20836,2865068
KOR,2020-12-06,12922,2877990
KOR,2020-12-07,14215,2892205
KOR,2020-12-08,8685,2900890
KOR,2020-12-09,28105,2928995
KOR,2020-12-10,27027,2956022
KOR,2020-12-11,28342,2984364
KOR,2020-12-12,29597,3013961
KOR,2020-12-13,21344,3035305
KOR,2020-12-14,23326,3058631
KOR,2020-12-15,0,3058631
KOR,2020-12-16,0,3058631
KOR,2020-12-17,45597,3104228
KOR,2020-12-18,39595,3143823
KOR,2020-12-19,40837,3184660
KOR,2020-12-20,23605,3208265
KOR,2020-12-21,23804,3232069
KOR,2020-12-22,53880,3285949
KOR,2020-12-23,52159,3338108
KOR,2020-12-24,58215,3396323
KOR,2020-12-25,50891,3447214
KOR,2020-12-26,29835,3477049
KOR,2020-12-27,27033,3504082
KOR,2020-12-28,28993,3533075
KOR,2020-12-29,58790,3591865
KOR,2020-12-30,60532,3652397
KOR,2020-12-31,55791,3708188
KOR,2021-01-01,48849,3757037
KOR,2021-01-02,31021,3788058
KOR,2021-01-03,30954,3819012
KOR,2021-01-04,31510,3850522
KOR,2021-01-05,59734,3910256
KOR,2021-01-06,67176,3977432
KOR,2021-01-07,65261,4042693
KOR,2021-01-08,61505,4104198
KOR,2021-01-09,64141,4168339
KOR,2021-01-10,28317,4196656
KOR,2021-01-11,29912,4226568
KOR,2021-01-12,65393,4291961
KOR,2021-01-13,62083,4354044
KOR,2021-01-14,66219,4420263
KOR,2021-01-15,60135,4480398
KOR,2021-01-16,60879,4541277
KOR,2021-01-17,25274,4566551
KOR,2021-01-18,27280,4593831
KOR,2021-01-19,56796,4650627
KOR,2021-01-20,58007,4708634
KOR,2021-01-21,52550,4761184
KOR,2021-01-22,52554,4813738
KOR,2021-01-23,43986,4857724
KOR,2021-01-24,25506,4883230
KOR,2021-01-25,22953,4906183
KOR,2021-01-26,42607,4948790
KOR,2021-01-27,46676,4995466
KOR,2021-01-28,51945,5047411
KOR,2021-01-29,43746,5091157
KOR,2021-01-30,44224,5135381
KOR,2021-01-31,20535,5155916
KOR,2021-02-01,21116,5177032
KOR,2021-02-02,44762,5221794
KOR,2021-02-03,60717,5282511
KOR,2021-02-04,64692,5347203
KOR,2021-02-05,57164,5404367
KOR,2021-02-06,0,5404367
KOR,2021-02-07,0,5404367
KOR,2021-02-08,0,5404367
KOR,2021-02-09,0,5404367
KOR,2021-02-10,0,5404367
KOR,2021-02-11,0,5404367
KOR,2021-02-12,24114,5428481
KOR,2021-02-13,0,5428481
KOR,2021-02-14,0,5428481
KOR,2021-02-15,20828,5449309
KOR,2021-02-16,53879,5503188
KOR,2021-02-17,51564,5554752
KOR,2021-02-18,44337,5599089
KOR,2021-02-19,42382,5641471
KOR,2021-02-20,39618,5681089
KOR,2021-02-21,23490,5704579
KOR,2021-02-22,18699,5723278
KOR,2021-02-23,41931,5765209
KOR,2021-02-24,37386,5802595
KOR,2021-02-25,46542,5849137
KOR,2021-02-26,38582,5887719
KOR,2021-02-27,37102,5924821
KOR,2021-02-28,17891,5942712
KOR,2021-03-01,15893,5958605
KOR,2021-03-02,16534,5975139
KOR,2021-03-03,41792,6016931
KOR,2021-03-04,41475,6058406
KOR,2021-03-05,33493,6091899
KOR,2021-03-06,31468,6123367
KOR,2021-03-07,19958,6143325
KOR,2021-03-08,17685,6161010
KOR,2021-03-09,0,6161010
KOR,2021-03-10,0,6161010
KOR,2021-03-11,0,6161010
KOR,2021-03-12,0,6161010
KOR,2021-03-13,0,6161010
KOR,2021-03-14,0,6161010
KOR,2021-03-15,0,6161010
KOR,2021-03-16,0,6161010
KOR,2021-03-17,0,6161010
KOR,2021-03-18,0,6161010
KOR,2021-03-19,0,6161010
KOR,2021-03-20,0,6161010
KOR,2021-03-21,0,6161010
KOR,2021-03-22,0,6161010
KOR,2021-03-23,47986,6208996
KOR,2021-03-24,0,6208996
KOR,2021-03-25,0,6208996
KOR,2021-03-26,53118,6262114
KOR,2021-03-27,45400,6307514
KOR,2021-03-28,19597,6327111
KOR,2021-03-29,20402,6347513
KOR,2021-03-30,48182,6395695
KOR,2021-03-31,50923,6446618
KOR,2021-04-01,42146,6488764
KOR,2021-04-02,38899,6527663
KOR,2021-04-03,36770,6564433
KOR,2021-04-04,15364,6579797
KOR,2021-04-05,18646,6598443
KOR,2021-04-06,53812,6652255
KOR,2021-04-07,49390,6701645
KOR,2021-04-08,42902,6744547
KOR,2021-04-09,42774,6787321
KOR,2021-04-10,39415,6826736
KOR,2021-04-11,21007,6847743
KOR,2021-04-12,19912,6867655
KOR,2021-04-13,57400,6925055
KOR,2021-04-14,55826,6980881
KOR,2021-04-15,50144,7031025
KOR,2021-04-16,41544,7072569
KOR,2021-04-17,0,7072569
KOR,2021-04-18,0,7072569
KOR,2021-04-19,0,7072569
KOR,2021-04-20,47944,7120513
KOR,2021-04-21,38381,7158894
KOR,2021-04-22,39983,7198877
KOR,2021-04-23,43225,7242102
KOR,2021-04-24,41063,7283165
KOR,2021-04-25,22577,7305742
KOR,2021-04-26,17664,7323406
KOR,2021-04-27,50206,7373612
KOR,2021-04-28,44231,7417843
KOR,2021-04-29,36055,7453898
KOR,2021-04-30,40394,7494292
KOR,2021-05-01,32395,7526687
KOR,2021-05-02,13451,7540138
KOR,2021-05-03,14677,7554815
KOR,2021-05-04,52755,7607570
KOR,2021-05-05,36015,7643585
KOR,2021-05-06,18863,7662448
KOR,2021-05-07,38521,7700969
KOR,2021-05-08,38449,7739418
KOR,2021-05-09,13584,7753002
KOR,2021-05-10,14170,7767172
KOR,2021-05-11,40995,7808167
KOR,2021-05-12,37604,7845771
KOR,2021-05-13,36376,7882147
KOR,2021-05-14,32447,7914594
KOR,2021-05-15,33795,7948389
KOR,2021-05-16,15073,7963462
KOR,2021-05-17,16545,7980007
KOR,2021-05-18,40095,8020102
KOR,2021-05-19,32559,8052661
KOR,2021-05-20,14335,8066996
KOR,2021-05-21,34479,8101475
KOR,2021-05-22,30444,8131919
KOR,2021-05-23,10656,8142575
KOR,2021-05-24,18845,8161420
KOR,2021-05-25,42720,8204140
KOR,2021-05-26,32760,8236900
KOR,2021-05-27,34645,8271545
KOR,2021-05-28,36550,8308095
KOR,2021-05-29,30217,8338312
KOR,2021-05-30,11320,8349632
KOR,2021-05-31,12084,8361716
KOR,2021-06-01,37585,8399301
KOR,2021-06-02,34643,8433944
KOR,2021-06-03,37069,8471013
KOR,2021-06-04,34978,8505991
KOR,2021-06-05,31310,8537301
KOR,2021-06-06,14442,8551743
KOR,2021-06-07,12539,8564282
KOR,2021-06-08,33553,8597835
KOR,2021-06-09,44035,8641870
KOR,2021-06-10,33176,8675046
KOR,2021-06-11,30776,8705822
KOR,2021-06-12,41024,8746846
KOR,2021-06-13,10055,8756901
KOR,2021-06-14,13683,8770584
KOR,2021-06-15,30733,8801317
KOR,2021-06-16,37814,8839131
KOR,2021-06-17,25897,8865028
KOR,2021-06-18,31694,8896722
KOR,2021-06-19,26222,8922944
KOR,2021-06-20,10139,8933083
KOR,2021-06-21,13042,8946125
KOR,2021-06-22,35302,8981427
KOR,2021-06-23,27242,9008669
KOR,2021-06-24,37653,9046322
KOR,2021-06-25,26546,9072868
KOR,2021-06-26,36586,9109454
KOR,2021-06-27,11359,9120813
KOR,2021-06-28,13784,9134597
KOR,2021-06-29,32797,9167394
SSD,2020-08-27,0,0
SSD,2020-08-28,0,0
SSD,2020-08-29,0,0
SSD,2020-08-30,0,0
SSD,2020-08-31,0,0
SSD,2020-09-01,0,0
SSD,2020-09-02,0,0
SSD,2020-09-03,219,219
SSD,2020-09-04,434,653
SSD,2020-09-05,0,653
SSD,2020-09-06,0,653
SSD,2020-09-07,150,803
SSD,2020-09-08,116,919
SSD,2020-09-09,0,919
SSD,2020-09-10,0,919
SSD,2020-09-11,0,919
SSD,2020-09-12,0,919
SSD,2020-09-13,0,919
SSD,2020-09-14,0,919
SSD,2020-09-15,0,919
SSD,2020-09-16,0,919
SSD,2020-09-17,0,919
SSD,2020-09-18,470,1389
SSD,2020-09-19,0,1389
SSD,2020-09-20,0,1389
SSD,2020-09-21,0,1389
SSD,2020-09-22,0,1389
SSD,2020-09-23,0,1389
SSD,2020-09-24,0,1389
SSD,2020-09-25,0,1389
SSD,2020-09-26,0,1389
SSD,2020-09-27,0,1389
SSD,2020-09-28,0,1389
SSD,2020-09-29,0,1389
SSD,2020-09-30,0,1389
SSD,2020-10-01,0,1389
SSD,2020-10-02,0,1389
SSD,2020-10-03,0,1389
SSD,2020-10-04,0,1389
SSD,2020-10-05,0,1389
SSD,2020-10-06,569,1958
SSD,2020-10-07,360,2318
SSD,2020-10-08,0,2318
SSD,2020-10-09,0,2318
SSD,2020-10-10,0,2318
SSD,2020-10-11,0,2318
SSD,2020-10-12,0,2318
SSD,2020-10-13,0,2318
SSD,2020-10-14,435,2753
SSD,2020-10-15,518,3271
SSD,2020-10-16,0,3271
SSD,2020-10-17,0,3271
SSD,2020-10-18,420,3691
SSD,2020-10-19,0,3691
SSD,2020-10-20,0,3691
SSD,2020-10-21,604,4295
SSD,2020-10-22,546,4841
SSD,2020-10-23,415,5256
SSD,2020-10-24,247,5503
SSD,2020-10-25,0,5503
SSD,2020-10-26,0,5503
SSD,2020-10-27,182,5685
SSD,2020-10-28,597,6282
SSD,2020-10-29,814,7096
SSD,2020-10-30,0,7096
SSD,2020-10-31,0,7096
SSD,2020-11-01,410,7506
SSD,2020-11-02,305,7811
SSD,2020-11-03,531,8342
SSD,2020-11-04,0,8342
SSD,2020-11-05,0,8342
SSD,2020-11-06,0,8342
SSD,2020-11-07,0,8342
SSD,2020-11-08,0,8342
SSD,2020-11-09,0,8342
SSD,2020-11-10,0,8342
SSD,2020-11-11,0,8342
SSD,2020-11-12,874,9216
SSD,2020-11-13,542,9758
SSD,2020-11-14,0,9758
SSD,2020-11-15,0,9758
SSD,2020-11-16,412,10170
SSD,2020-11-17,0,10170
SSD,2020-11-18,0,10170
SSD,2020-11-19,735,10905
SSD,2020-11-20,0,10905
SSD,2020-11-21,0,10905
SSD,2020-11-22,0,10905
SSD,2020-11-23,381,11286
SSD,2020-11-24,0,11286
SSD,2020-11-25,0,11286
SSD,2020-11-26,585,11871
SSD,2020-11-27,652,12523
SSD,2020-11-28,0,12523
SSD,2020-11-29,0,12523
SSD,2020-11-30,505,13028
SSD,2020-12-01,596,13624
SSD,2020-12-02,0,13624
SSD,2020-12-03,0,13624
SSD,2020-12-04,863,14487
SSD,2020-12-05,0,14487
SSD,2020-12-06,0,14487
SSD,2020-12-07,0,14487
SSD,2020-12-08,0,14487
SSD,2020-12-09,0,14487
SSD,2020-12-10,0,14487
SSD,2020-12-11,0,14487
SSD,2020-12-12,0,14487
SSD,2020-12-13,0,14487
SSD,2020-12-14,0,14487
SSD,2020-12-15,0,14487
SSD,2020-12-16,0,14487
SSD,2020-12-17,0,14487
SSD,2020-12-18,266,14753
SSD,2020-12-19,0,14753
SSD,2020-12-20,0,14753
SSD,2020-12-21,7340,22093
SSD,2020-12-22,684,22777
SSD,2020-12-23,0,22777
SSD,2020-12-24,0,22777
SSD,2020-12-25,0,22777
SSD,2020-12-26,0,22777
SSD,2020-12-27,0,22777
SSD,2020-12-28,0,22777
SSD,2020-12-29,0,22777
SSD,2020-12-30,0,22777
SSD,2020-12-31,260,23037
SSD,2021-01-01,0,23037
SSD,2021-01-02,0,23037
SSD,2021-01-03,0,23037
SSD,2021-01-04,0,23037
SSD,2021-01-05,0,23037
SSD,2021-01-06,0,23037
SSD,2021-01-07,0,23037
SSD,2021-01-08,0,23037
SSD,2021-01-09,0,23037
SSD,2021-01-10,363,23400
SSD,2021-01-11,201,23601
SSD,2021-01-12,0,23601
SSD,2021-01-13,0,23601
SSD,2021-01-14,0,23601
SSD,2021-01-15,0,23601
SSD,2021-01-16,0,23601
SSD,2021-01-17,0,23601
SSD,2021-01-18,0,23601
SSD,2021-01-19,407,24008
SSD,2021-01-20,400,24408
SSD,2021-01-21,0,24408
SSD,2021-01-22,0,24408
SSD,2021-01-23,0,24408
SSD,2021-01-24,0,24408
SSD,2021-01-25,0,24408
SSD,2021-01-26,0,24408
SSD,2021-01-27,0,24408
SSD,2021-01-28,0,24408
SSD,2021-01-29,0,24408
SSD,2021-01-30,0,24408
SSD,2021-01-31,0,24408
SSD,2021-02-01,0,24408
SSD,2021-02-02,0,24408
SSD,2021-02-03,0,24408
SSD,2021-02-04,0,24408
SSD,2021-02-05,0,24408
SSD,2021-02-06,0,24408
SSD,2021-02-07,0,24408
SSD,2021-02-08,0,24408
SSD,2021-02-09,0,24408
SSD,2021-02-10,0,24408
SSD,2021-02-11,859,25267
SSD,2021-02-12,0,25267
SSD,2021-02-13,0,25267
SSD,2021-02-14,0,25267
SSD,2021-02-15,472,25739
SSD,2021-02-16,854,26593
SSD,2021-02-17,0,26593
SSD,2021-02-18,0,26593
SSD,2021-02-19,872,27465
SSD,2021-02-20,703,28168
SSD,2021-02-21,1514,29682
SSD,2021-02-22,694,30376
SSD,2021-02-23,759,31135
SSD,2021-02-24,553,31688
SSD,2021-02-25,1172,32860
SSD,2021-02-26,1121,33981
SSD,2021-02-27,938,34919
SSD,2021-02-28,521,35440
SSD,2021-03-01,988,36428
SSD,2021-03-02,1030,37458
SSD,2021-03-03,0,37458
SSD,2021-03-04,0,37458
SSD,2021-03-05,882,38340
SSD,2021-03-06,731,39071
SSD,2021-03-07,719,39790
SSD,2021-03-08,0,39790
SSD,2021-03-09,0,39790
SSD,2021-03-10,0,39790
SSD,2021-03-11,0,39790
SSD,2021-03-12,0,39790
SSD,2021-03-13,0,39790
SSD,2021-03-14,0,39790
SSD,2021-03-15,0,39790
SSD,2021-03-16,0,39790
SSD,2021-03-17,0,39790
SSD,2021-03-18,0,39790
SSD,2021-03-19,0,39790
SSD,2021-03-20,0,39790
SSD,2021-03-21,0,39790
SSD,2021-03-22,0,39790
SSD,2021-03-23,0,39790
SSD,2021-03-24,0,39790
SSD,2021-03-25,0,39790
SSD,2021-03-26,892,40682
SSD,2021-03-27,489,41171
SSD,2021-03-28,0,41171
SSD,2021-03-29,0,41171
SSD,2021-03-30,0,41171
SSD,2021-03-31,0,41171
SSD,2021-04-01,0,41171
SSD,2021-04-02,0,41171
SSD,2021-04-03,389,41560
SSD,2021-04-04,558,42118
SSD,2021-04-05,335,42453
SSD,2021-04-06,525,42978
SSD,2021-04-07,594,43572
SSD,2021-04-08,943,44515
SSD,2021-04-09,832,45347
SSD,2021-04-10,605,45952
SSD,2021-04-11,467,46419
SSD,2021-04-12,456,46875
SSD,2021-04-13,627,47502
SSD,2021-04-14,701,48203
SSD,2021-04-15,0,48203
SSD,2021-04-16,0,48203
SSD,2021-04-17,0,48203
SSD,2021-04-18,0,48203
SSD,2021-04-19,0,48203
SSD,2021-04-20,538,48741
SSD,2021-04-21,0,48741
SSD,2021-04-22,0,48741
SSD,2021-04-23,889,49630
SSD,2021-04-24,548,50178
SSD,2021-04-25,518,50696
SSD,2021-04-26,0,50696
SSD,2021-04-27,0,50696
SSD,2021-04-28,677,51373
SSD,2021-04-29,0,51373
SSD,2021-04-30,0,51373
SSD,2021-05-01,0,51373
SSD,2021-05-02,0,51373
SSD,2021-05-03,0,51373
SSD,2021-05-04,0,51373
SSD,2021-05-05,547,51920
SSD,2021-05-06,724,52644
SSD,2021-05-07,755,53399
SSD,2021-05-08,0,53399
SSD,2021-05-09,0,53399
SSD,2021-05-10,402,53801
SSD,2021-05-11,0,53801
SSD,2021-05-12,0,53801
SSD,2021-05-13,508,54309
SSD,2021-05-14,410,54719
SSD,2021-05-15,0,54719
SSD,2021-05-16,0,54719
SSD,2021-05-17,0,54719
SSD,2021-05-18,0,54719
SSD,2021-05-19,0,54719
SSD,2021-05-20,0,54719
SSD,2021-05-21,0,54719
SSD,2021-05-22,0,54719
SSD,2021-05-23,0,54719
SSD,2021-05-24,0,54719
SSD,2021-05-25,0,54719
SSD,2021-05-26,0,54719
ESP,2020-04-13,0,0
ESP,2020-04-14,0,0
ESP,2020-04-15,0,0
ESP,2020-04-16,0,0
ESP,2020-04-17,0,0
ESP,2020-04-18,0,0
ESP,2020-04-19,0,0
ESP,2020-04-20,0,0
ESP,2020-04-21,0,0
ESP,2020-04-22,0,0
ESP,2020-04-23,0,0
ESP,2020-04-24,0,0
ESP,2020-04-25,0,0
ESP,2020-04-26,0,0
ESP,2020-04-27,0,0
ESP,2020-04-28,0,0
ESP,2020-04-29,0,0
ESP,2020-04-30,0,0
ESP,2020-05-01,0,0
ESP,2020-05-02,0,0
ESP,2020-05-03,0,0
ESP,2020-05-04,0,0
ESP,2020-05-05,0,0
ESP,2020-05-06,0,0
ESP,2020-05-07,0,0
ESP,2020-05-08,0,0
ESP,2020-05-09,0,0
ESP,2020-05-10,0,0
ESP,2020-05-11,0,0
ESP,2020-05-12,0,0
ESP,2020-05-13,0,0
ESP,2020-05-14,0,0
ESP,2020-05-15,0,0
ESP,2020-05-16,0,0
ESP,2020-05-17,0,0
ESP,2020-05-18,0,0
ESP,2020-05-19,0,0
ESP,2020-05-20,0,0
ESP,2020-05-21,0,0
ESP,2020-05-22,0,0
ESP,2020-05-23,0,0
ESP,2020-05-24,0,0
ESP,2020-05-25,0,0
ESP,2020-05-26,0,0
ESP,2020-05-27,0,0
ESP,2020-05-28,0,0
ESP,2020-05-29,0,0
ESP,2020-05-30,0,0
ESP,2020-05-31,0,0
ESP,2020-06-01,0,0
ESP,2020-06-02,0,0
ESP,2020-06-03,0,0
ESP,2020-06-04,0,0
ESP,2020-06-05,0,0
ESP,2020-06-06,0,0
ESP,2020-06-07,0,0
ESP,2020-06-08,0,0
ESP,2020-06-09,0,0
ESP,2020-06-10,0,0
ESP,2020-06-11,0,0
ESP,2020-06-12,0,0
ESP,2020-06-13,0,0
ESP,2020-06-14,0,0
ESP,2020-06-15,0,0
ESP,2020-06-16,0,0
ESP,2020-06-17,0,0
ESP,2020-06-18,0,0
ESP,2020-06-19,0,0
ESP,2020-06-20,0,0
ESP,2020-06-21,0,0
ESP,2020-06-22,0,0
ESP,2020-06-23,0,0
ESP,2020-06-24,0,0
ESP,2020-06-25,0,0
ESP,2020-06-26,0,0
ESP,2020-06-27,0,0
ESP,2020-06-28,0,0
ESP,2020-06-29,0,0
ESP,2020-06-30,0,0
ESP,2020-07-01,0,0
ESP,2020-07-02,0,0
ESP,2020-07-03,0,0
ESP,2020-07-04,0,0
ESP,2020-07-05,0,0
ESP,2020-07-06,0,0
ESP,2020-07-07,0,0
ESP,2020-07-08,0,0
ESP,2020-07-09,0,0
ESP,2020-07-10,0,0
ESP,2020-07-11,0,0
ESP,2020-07-12,0,0
ESP,2020-07-13,0,0
ESP,2020-07-14,0,0
ESP,2020-07-15,0,0
ESP,2020-07-16,0,0
ESP,2020-07-17,0,0
ESP,2020-07-18,0,0
ESP,2020-07-19,0,0
ESP,2020-07-20,0,0
ESP,2020-07-21,0,0
ESP,2020-07-22,0,0
ESP,2020-07-23,0,0
ESP,2020-07-24,0,0
ESP,2020-07-25,0,0
ESP,2020-07-26,0,0
ESP,2020-07-27,0,0
ESP,2020-07-28,0,0
ESP,2020-07-29,0,0
ESP,2020-07-30,0,0
ESP,2020-07-31,0,0
ESP,2020-08-01,0,0
ESP,2020-08-02,0,0
ESP,2020-08-03,0,0
ESP,2020-08-04,0,0
ESP,2020-08-05,0,0
ESP,2020-08-06,0,0
ESP,2020-08-07,0,0
ESP,2020-08-08,0,0
ESP,2020-08-09,0,0
ESP,2020-08-10,0,0
ESP,2020-08-11,0,0
ESP,2020-08-12,0,0
ESP,2020-08-13,0,0
ESP,2020-08-14,0,0
ESP,2020-08-15,0,0
ESP,2020-08-16,0,0
ESP,2020-08-17,0,0
ESP,2020-08-18,0,0
ESP,2020-08-19,0,0
ESP,2020-08-20,0,0
ESP,2020-08-21,0,0
ESP,2020-08-22,0,0
ESP,2020-08-23,0,0
ESP,2020-08-24,0,0
ESP,2020-08-25,0,0
ESP,2020-08-26,0,0
ESP,2020-08-27,0,0
ESP,2020-08-28,0,0
ESP,2020-08-29,0,0
ESP,2020-08-30,0,0
ESP,2020-08-31,0,0
ESP,2020-09-01,0,0
ESP,2020-09-02,0,0
ESP,2020-09-03,0,0
ESP,2020-09-04,0,0
ESP,2020-09-05,0,0
ESP,2020-09-06,0,0
ESP,2020-09-07,0,0
ESP,2020-09-08,0,0
ESP,2020-09-09,0,0
ESP,2020-09-10,0,0
ESP,2020-09-11,0,0
ESP,2020-09-12,0,0
ESP,2020-09-13,0,0
ESP,2020-09-14,0,0
ESP,2020-09-15,0,0
ESP,2020-09-16,0,0
ESP,2020-09-17,0,0
ESP,2020-09-18,0,0
ESP,2020-09-19,0,0
ESP,2020-09-20,0,0
ESP,2020-09-21,0,0
ESP,2020-09-22,0,0
ESP,2020-09-23,0,0
ESP,2020-09-24,0,0
ESP,2020-09-25,0,0
ESP,2020-09-26,0,0
ESP,2020-09-27,0,0
ESP,2020-09-28,0,0
ESP,2020-09-29,0,0
ESP,2020-09-30,0,0
ESP,2020-10-01,0,0
ESP,2020-10-02,0,0
ESP,2020-10-03,0,0
ESP,2020-10-04,0,0
ESP,2020-10-05,0,0
ESP,2020-10-06,0,0
ESP,2020-10-07,0,0
ESP,2020-10-08,0,0
ESP,2020-10-09,0,0
ESP,2020-10-10,0,0
ESP,2020-10-11,0,0
ESP,2020-10-12,0,0
ESP,2020-10-13,0,0
ESP,2020-10-14,0,0
ESP,2020-10-15,0,0
ESP,2020-10-16,0,0
ESP,2020-10-17,0,0
ESP,2020-10-18,0,0
ESP,2020-10-19,0,0
ESP,2020-10-20,0,0
ESP,2020-10-21,0,0
ESP,2020-10-22,0,0
ESP,2020-10-23,0,0
ESP,2020-10-24,0,0
ESP,2020-10-25,0,0
ESP,2020-10-26,0,0
ESP,2020-10-27,0,0
ESP,2020-10-28,0,0
ESP,2020-10-29,0,0
ESP,2020-10-30,0,0
ESP,2020-10-31,0,0
ESP,2020-11-01,0,0
ESP,2020-11-02,0,0
ESP,2020-11-03,0,0
ESP,2020-11-04,0,0
ESP,2020-11-05,0,0
ESP,2020-11-06,0,0
ESP,2020-11-07,0,0
ESP,2020-11-08,0,0
ESP,2020-11-09,0,0
ESP,2020-11-10,0,0
ESP,2020-11-11,0,0
ESP,2020-11-12,0,0
ESP,2020-11-13,0,0
ESP,2020-11-14,0,0
ESP,2020-11-15,0,0
ESP,2020-11-16,0,0
ESP,2020-11-17,0,0
ESP,2020-11-18,0,0
ESP,2020-11-19,0,0
ESP,2020-11-20,0,0
ESP,2020-11-21,0,0
ESP,2020-11-22,0,0
ESP,2020-11-23,0,0
ESP,2020-11-24,0,0
ESP,2020-11-25,0,0
ESP,2020-11-26,0,0
ESP,2020-11-27,0,0
ESP,2020-11-28,0,0
ESP,2020-11-29,0,0
ESP,2020-11-30,0,0
ESP,2020-12-01,0,0
ESP,2020-12-02,0,0
ESP,2020-12-03,0,0
ESP,2020-12-04,0,0
ESP,2020-12-05,0,0
ESP,2020-12-06,0,0
ESP,2020-12-07,0,0
ESP,2020-12-08,0,0
ESP,2020-12-09,0,0
ESP,2020-12-10,0,0
ESP,2020-12-11,0,0
ESP,2020-12-12,0,0
ESP,2020-12-13,0,0
ESP,2020-12-14,0,0
ESP,2020-12-15,0,0
ESP,2020-12-16,0,0
ESP,2020-12-17,0,0
ESP,2020-12-18,0,0
ESP,2020-12-19,0,0
ESP,2020-12-20,0,0
ESP,2020-12-21,0,0
ESP,2020-12-22,0,0
ESP,2020-12-23,0,0
ESP,2020-12-24,0,0
ESP,2020-12-25,0,0
ESP,2020-12-26,0,0
ESP,2020-12-27,0,0
ESP,2020-12-28,0,0
ESP,2020-12-29,0,0
ESP,2020-12-30,0,0
ESP,2020-12-31,0,0
ESP,2021-01-01,0,0
ESP,2021-01-02,0,0
ESP,2021-01-03,0,0
ESP,2021-01-04,0,0
ESP,2021-01-05,0,0
ESP,2021-01-06,0,0
ESP,2021-01-07,0,0
ESP,2021-01-08,0,0
ESP,2021-01-09,0,0
ESP,2021-01-10,0,0
ESP,2021-01-11,0,0
ESP,2021-01-12,0,0
ESP,2021-01-13,0,0
ESP,2021-01-14,0,0
ESP,2021-01-15,0,0
ESP,2021-01-16,0,0
ESP,2021-01-17,0,0
ESP,2021-01-18,0,0
ESP,2021-01-19,0,0
ESP,2021-01-20,0,0
ESP,2021-01-21,0,0
ESP,2021-01-22,0,0
ESP,2021-01-23,0,0
ESP,2021-01-24,0,0
ESP,2021-01-25,0,0
ESP,2021-01-26,0,0
ESP,2021-01-27,0,0
ESP,2021-01-28,0,0
ESP,2021-01-29,0,0
ESP,2021-01-30,0,0
ESP,2021-01-31,0,0
ESP,2021-02-01,0,0
ESP,2021-02-02,0,0
ESP,2021-02-03,0,0
ESP,2021-02-04,0,0
ESP,2021-02-05,0,0
ESP,2021-02-06,0,0
ESP,2021-02-07,0,0
ESP,2021-02-08,0,0
ESP,2021-02-09,0,0
ESP,2021-02-10,0,0
ESP,2021-02-11,0,0
ESP,2021-02-12,0,0
ESP,2021-02-13,0,0
ESP,2021-02-14,0,0
ESP,2021-02-15,0,0
ESP,2021-02-16,0,0
ESP,2021-02-17,0,0
ESP,2021-02-18,0,0
ESP,2021-02-19,0,0
ESP,2021-02-20,0,0
ESP,2021-02-21,0,0
ESP,2021-02-22,0,0
ESP,2021-02-23,0,0
ESP,2021-02-24,0,0
ESP,2021-02-25,0,0
ESP,2021-02-26,0,0
ESP,2021-02-27,0,0
ESP,2021-02-28,0,0
ESP,2021-03-01,0,0
ESP,2021-03-02,0,0
ESP,2021-03-03,0,0
ESP,2021-03-04,0,0
ESP,2021-03-05,0,0
ESP,2021-03-06,0,0
ESP,2021-03-07,0,0
ESP,2021-03-08,0,0
ESP,2021-03-09,0,0
ESP,2021-03-10,0,0
ESP,2021-03-11,0,0
ESP,2021-03-12,0,0
ESP,2021-03-13,0,0
ESP,2021-03-14,0,0
ESP,2021-03-15,0,0
ESP,2021-03-16,0,0
ESP,2021-03-17,0,0
ESP,2021-03-18,0,0
ESP,2021-03-19,0,0
ESP,2021-03-20,0,0
ESP,2021-03-21,0,0
ESP,2021-03-22,0,0
ESP,2021-03-23,0,0
ESP,2021-03-24,0,0
ESP,2021-03-25,0,0
ESP,2021-03-26,0,0
ESP,2021-03-27,0,0
ESP,2021-03-28,0,0
ESP,2021-03-29,0,0
ESP,2021-03-30,0,0
ESP,2021-03-31,0,0
ESP,2021-04-01,0,0
ESP,2021-04-02,0,0
ESP,2021-04-03,0,0
ESP,2021-04-04,0,0
ESP,2021-04-05,0,0
ESP,2021-04-06,0,0
ESP,2021-04-07,0,0
ESP,2021-04-08,0,0
ESP,2021-04-09,0,0
ESP,2021-04-10,0,0
ESP,2021-04-11,0,0
ESP,2021-04-12,0,0
ESP,2021-04-13,0,0
ESP,2021-04-14,0,0
ESP,2021-04-15,0,0
ESP,2021-04-16,0,0
ESP,2021-04-17,0,0
ESP,2021-04-18,0,0
ESP,2021-04-19,0,0
ESP,2021-04-20,0,0
ESP,2021-04-21,0,0
ESP,2021-04-22,0,0
ESP,2021-04-23,0,0
ESP,2021-04-24,0,0
ESP,2021-04-25,0,0
ESP,2021-04-26,0,0
ESP,2021-04-27,0,0
ESP,2021-04-28,0,0
ESP,2021-04-29,0,0
ESP,2021-04-30,0,0
ESP,2021-05-01,0,0
ESP,2021-05-02,0,0
ESP,2021-05-03,0,0
ESP,2021-05-04,0,0
ESP,2021-05-05,0,0
ESP,2021-05-06,0,0
ESP,2021-05-07,0,0
ESP,2021-05-08,0,0
ESP,2021-05-09,0,0
ESP,2021-05-10,0,0
ESP,2021-05-11,0,0
ESP,2021-05-12,0,0
ESP,2021-05-13,0,0
ESP,2021-05-14,0,0
ESP,2021-05-15,0,0
ESP,2021-05-16,0,0
ESP,2021-05-17,0,0
ESP,2021-05-18,0,0
ESP,2021-05-19,0,0
ESP,2021-05-20,0,0
ESP,2021-05-21,0,0
ESP,2021-05-22,0,0
ESP,2021-05-23,0,0
ESP,2021-05-24,0,0
ESP,2021-05-25,0,0
ESP,2021-05-26,0,0
ESP,2021-05-27,0,0
ESP,2021-05-28,0,0
ESP,2021-05-29,0,0
ESP,2021-05-30,0,0
ESP,2021-05-31,0,0
ESP,2021-06-01,0,0
ESP,2021-06-02,0,0
ESP,2021-06-03,0,0
ESP,2021-06-04,0,0
ESP,2021-06-05,0,0
ESP,2021-06-06,0,0
ESP,2021-06-07,0,0
ESP,2021-06-08,0,0
ESP,2021-06-09,0,0
ESP,2021-06-10,0,0
ESP,2021-06-11,0,0
ESP,2021-06-12,0,0
ESP,2021-06-13,0,0
ESP,2021-06-14,0,0
ESP,2021-06-15,0,0
ESP,2021-06-16,0,0
ESP,2021-06-17,0,0
LKA,2020-02-18,1,1
LKA,2020-02-19,0,1
LKA,2020-02-20,1,2
LKA,2020-02-21,0,2
LKA,2020-02-22,0,2
LKA,2020-02-23,0,2
LKA,2020-02-24,0,2
LKA,2020-02-25,0,2
LKA,2020-02-26,2,4
LKA,2020-02-27,2,6
LKA,2020-02-28,5,11
LKA,2020-02-29,3,14
LKA,2020-03-01,1,15
LKA,2020-03-02,10,25
LKA,2020-03-03,6,31
LKA,2020-03-04,9,40
LKA,2020-03-05,1,41
LKA,2020-03-06,4,45
LKA,2020-03-07,7,52
LKA,2020-03-08,3,55
LKA,2020-03-09,1,56
LKA,2020-03-10,12,68
LKA,2020-03-11,10,78
LKA,2020-03-12,17,95
LKA,2020-03-13,25,120
LKA,2020-03-14,88,208
LKA,2020-03-15,65,273
LKA,2020-03-16,89,362
LKA,2020-03-17,151,513
LKA,2020-03-18,108,621
LKA,2020-03-19,162,783
LKA,2020-03-20,119,902
LKA,2020-03-21,149,1051
LKA,2020-03-22,174,1225
LKA,2020-03-23,143,1368
LKA,2020-03-24,164,1532
LKA,2020-03-25,128,1660
LKA,2020-03-26,131,1791
LKA,2020-03-27,152,1943
LKA,2020-03-28,108,2051
LKA,2020-03-29,136,2187
LKA,2020-03-30,155,2342
LKA,2020-03-31,224,2566
LKA,2020-04-01,219,2785
LKA,2020-04-02,250,3035
LKA,2020-04-03,311,3346
LKA,2020-04-04,295,3641
LKA,2020-04-05,324,3965
LKA,2020-04-06,394,4359
LKA,2020-04-07,353,4712
LKA,2020-04-08,376,5088
LKA,2020-04-09,287,5375
LKA,2020-04-10,397,5772
LKA,2020-04-11,393,6165
LKA,2020-04-12,609,6774
LKA,2020-04-13,431,7205
LKA,2020-04-14,342,7547
LKA,2020-04-15,465,8012
LKA,2020-04-16,548,8560
LKA,2020-04-17,710,9270
LKA,2020-04-18,522,9792
LKA,2020-04-19,702,10494
LKA,2020-04-20,642,11136
LKA,2020-04-21,650,11786
LKA,2020-04-22,774,12560
LKA,2020-04-23,1141,13701
LKA,2020-04-24,876,14577
LKA,2020-04-25,816,15393
LKA,2020-04-26,1075,16468
LKA,2020-04-27,1869,18337
LKA,2020-04-28,1139,19476
LKA,2020-04-29,1545,21021
LKA,2020-04-30,1397,22418
LKA,2020-05-01,1107,23525
LKA,2020-05-02,1681,25206
LKA,2020-05-03,1636,26842
LKA,2020-05-04,1045,27887
LKA,2020-05-05,1491,29378
LKA,2020-05-06,1147,30525
LKA,2020-05-07,1553,32078
LKA,2020-05-08,1821,33899
LKA,2020-05-09,1424,35323
LKA,2020-05-10,1282,36605
LKA,2020-05-11,1057,37662
LKA,2020-05-12,1078,38740
LKA,2020-05-13,889,39629
LKA,2020-05-14,1489,41118
LKA,2020-05-15,938,42056
LKA,2020-05-16,1081,43137
LKA,2020-05-17,1254,44391
LKA,2020-05-18,960,45351
LKA,2020-05-19,1062,46413
LKA,2020-05-20,1108,47521
LKA,2020-05-21,1603,49124
LKA,2020-05-22,1970,51094
LKA,2020-05-23,1998,53092
LKA,2020-05-24,1742,54834
LKA,2020-05-25,1347,56181
LKA,2020-05-26,1146,57327
LKA,2020-05-27,1838,59165
LKA,2020-05-28,1713,60878
LKA,2020-05-29,1330,62208
LKA,2020-05-30,1727,63935
LKA,2020-05-31,1420,65355
LKA,2020-06-01,1066,66421
LKA,2020-06-02,1783,68204
LKA,2020-06-03,2086,70290
LKA,2020-06-04,1890,72180
LKA,2020-06-05,1816,73996
LKA,2020-06-06,1243,75239
LKA,2020-06-07,1718,76957
LKA,2020-06-08,1766,78723
LKA,2020-06-09,1579,80302
LKA,2020-06-10,1433,81735
LKA,2020-06-11,1677,83412
LKA,2020-06-12,1390,84802
LKA,2020-06-13,1165,85967
LKA,2020-06-14,1116,87083
LKA,2020-06-15,1651,88734
LKA,2020-06-16,1276,90010
LKA,2020-06-17,1381,91391
LKA,2020-06-18,1374,92765
LKA,2020-06-19,1495,94260
LKA,2020-06-20,827,95087
LKA,2020-06-21,1181,96268
LKA,2020-06-22,1134,97402
LKA,2020-06-23,1232,98634
LKA,2020-06-24,1349,99983
LKA,2020-06-25,1243,101226
LKA,2020-06-26,1439,102665
LKA,2020-06-27,1607,104272
LKA,2020-06-28,833,105105
LKA,2020-06-29,1340,106445
LKA,2020-06-30,1365,107810
LKA,2020-07-01,1296,109106
LKA,2020-07-02,1399,110505
LKA,2020-07-03,1519,112024
LKA,2020-07-04,852,112876
LKA,2020-07-05,599,113475
LKA,2020-07-06,1290,114765
LKA,2020-07-07,1610,116375
LKA,2020-07-08,1182,117557
LKA,2020-07-09,1424,118981
LKA,2020-07-10,1749,120730
LKA,2020-07-11,1341,122071
LKA,2020-07-12,2251,124322
LKA,2020-07-13,1310,125632
LKA,2020-07-14,2288,127920
LKA,2020-07-15,2470,130390
LKA,2020-07-16,2406,132796
LKA,2020-07-17,2723,135519
LKA,2020-07-18,1888,137407
LKA,2020-07-19,2184,139591
LKA,2020-07-20,1924,141515
LKA,2020-07-21,2158,143673
LKA,2020-07-22,1700,145373
LKA,2020-07-23,2012,147385
LKA,2020-07-24,1811,149196
LKA,2020-07-25,2018,151214
LKA,2020-07-26,1851,153065
LKA,2020-07-27,1126,154191
LKA,2020-07-28,1349,155540
LKA,2020-07-29,1403,156943
LKA,2020-07-30,1683,158626
LKA,2020-07-31,1600,160226
LKA,2020-08-01,1864,162090
LKA,2020-08-02,1540,163630
LKA,2020-08-03,1712,165342
LKA,2020-08-04,1395,166737
LKA,2020-08-05,935,167672
LKA,2020-08-06,1085,168757
LKA,2020-08-07,1069,169826
LKA,2020-08-08,1343,171169
LKA,2020-08-09,1803,172972
LKA,2020-08-10,1519,174491
LKA,2020-08-11,2909,177400
LKA,2020-08-12,2549,179949
LKA,2020-08-13,2732,182681
LKA,2020-08-14,2437,185118
LKA,2020-08-15,2839,187957
LKA,2020-08-16,1561,189518
LKA,2020-08-17,1989,191507
LKA,2020-08-18,3518,195025
LKA,2020-08-19,2247,197272
LKA,2020-08-20,2876,200148
LKA,2020-08-21,2759,202907
LKA,2020-08-22,2800,205707
LKA,2020-08-23,2690,208397
LKA,2020-08-24,2693,211090
LKA,2020-08-25,2372,213462
LKA,2020-08-26,2847,216309
LKA,2020-08-27,2853,219162
LKA,2020-08-28,2748,221910
LKA,2020-08-29,2072,223982
LKA,2020-08-30,2129,226111
LKA,2020-08-31,1941,228052
LKA,2020-09-01,2495,230547
LKA,2020-09-02,2163,232710
LKA,2020-09-03,2511,235221
LKA,2020-09-04,2389,237610
LKA,2020-09-05,2297,239907
LKA,2020-09-06,1724,241631
LKA,2020-09-07,1353,242984
LKA,2020-09-08,2128,245112
LKA,2020-09-09,1776,246888
LKA,2020-09-10,2440,249328
LKA,2020-09-11,2464,251792
LKA,2020-09-12,2050,253842
LKA,2020-09-13,2201,256043
LKA,2020-09-14,1434,257477
LKA,2020-09-15,2301,259778
LKA,2020-09-16,2600,262378
LKA,2020-09-17,1965,264343
LKA,2020-09-18,1714,266057
LKA,2020-09-19,2314,268371
LKA,2020-09-20,1112,269483
LKA,2020-09-21,1398,270881
LKA,2020-09-22,2827,273708
LKA,2020-09-23,1882,275590
LKA,2020-09-24,2555,278145
LKA,2020-09-25,1595,279740
LKA,2020-09-26,2457,282197
LKA,2020-09-27,1862,284059
LKA,2020-09-28,1398,285457
LKA,2020-09-29,2407,287864
LKA,2020-09-30,1724,289588
LKA,2020-10-01,1517,291105
LKA,2020-10-02,2114,293219
LKA,2020-10-03,2244,295463
LKA,2020-10-04,1148,296611
LKA,2020-10-05,1890,298501
LKA,2020-10-06,4880,303381
LKA,2020-10-07,5608,308989
LKA,2020-10-08,4824,313813
LKA,2020-10-09,7196,321009
LKA,2020-10-10,7495,328504
LKA,2020-10-11,7248,335752
LKA,2020-10-12,6591,342343
LKA,2020-10-13,6566,348909
LKA,2020-10-14,8789,357698
LKA,2020-10-15,8161,365859
LKA,2020-10-16,8589,374448
LKA,2020-10-17,9513,383961
LKA,2020-10-18,7099,391060
LKA,2020-10-19,7136,398196
LKA,2020-10-20,8270,406466
LKA,2020-10-21,8777,415243
LKA,2020-10-22,8089,423332
LKA,2020-10-23,9469,432801
LKA,2020-10-24,9189,441990
LKA,2020-10-25,8846,450836
LKA,2020-10-26,9619,460455
LKA,2020-10-27,8831,469286
LKA,2020-10-28,11552,480838
LKA,2020-10-29,9725,490563
LKA,2020-10-30,10173,500736
LKA,2020-10-31,11999,512735
LKA,2020-11-01,11713,524448
LKA,2020-11-02,9940,534388
LKA,2020-11-03,10655,545043
LKA,2020-11-04,11316,556359
LKA,2020-11-05,11824,568183
LKA,2020-11-06,11620,579803
LKA,2020-11-07,10632,590435
LKA,2020-11-08,7986,598421
LKA,2020-11-09,8272,606693
LKA,2020-11-10,10207,616900
LKA,2020-11-11,10111,627011
LKA,2020-11-12,9575,636586
LKA,2020-11-13,13671,650257
LKA,2020-11-14,11130,661387
LKA,2020-11-15,10713,672100
LKA,2020-11-16,8743,680843
LKA,2020-11-17,11105,691948
LKA,2020-11-18,10306,702254
LKA,2020-11-19,11398,713652
LKA,2020-11-20,11212,724864
LKA,2020-11-21,12095,736959
LKA,2020-11-22,10679,747638
LKA,2020-11-23,7467,755105
LKA,2020-11-24,10400,765505
LKA,2020-11-25,12105,777610
LKA,2020-11-26,13286,790896
LKA,2020-11-27,11936,802832
LKA,2020-11-28,13065,815897
LKA,2020-11-29,12031,827928
LKA,2020-11-30,7463,835391
LKA,2020-12-01,13423,848814
LKA,2020-12-02,13632,862446
LKA,2020-12-03,13598,876044
LKA,2020-12-04,13741,889785
LKA,2020-12-05,14125,903910
LKA,2020-12-06,13831,917741
LKA,2020-12-07,11182,928923
LKA,2020-12-08,14336,943259
LKA,2020-12-09,14416,957675
LKA,2020-12-10,13864,971539
LKA,2020-12-11,17425,988964
LKA,2020-12-12,15239,1004203
LKA,2020-12-13,13479,1017682
LKA,2020-12-14,9363,1027045
LKA,2020-12-15,15273,1042318
LKA,2020-12-16,13178,1055496
LKA,2020-12-17,14024,1069520
LKA,2020-12-18,16542,1086062
LKA,2020-12-19,16603,1102665
LKA,2020-12-20,10534,1113199
LKA,2020-12-21,11672,1124871
LKA,2020-12-22,13895,1138766
LKA,2020-12-23,13853,1152619
LKA,2020-12-24,14933,1167552
LKA,2020-12-25,13516,1181068
LKA,2020-12-26,11060,1192128
LKA,2020-12-27,12222,1204350
LKA,2020-12-28,8668,1213018
LKA,2020-12-29,10564,1223582
LKA,2020-12-30,12592,1236174
LKA,2020-12-31,14243,1250417
LKA,2021-01-01,14600,1265017
LKA,2021-01-02,10719,1275736
LKA,2021-01-03,12826,1288562
LKA,2021-01-04,10774,1299336
LKA,2021-01-05,12456,1311792
LKA,2021-01-06,15041,1326833
LKA,2021-01-07,16351,1343184
LKA,2021-01-08,17217,1360401
LKA,2021-01-09,16206,1376607
LKA,2021-01-10,13224,1389831
LKA,2021-01-11,12139,1401970
LKA,2021-01-12,14329,1416299
LKA,2021-01-13,14565,1430864
LKA,2021-01-14,15146,1446010
LKA,2021-01-15,13681,1459691
LKA,2021-01-16,15218,1474909
LKA,2021-01-17,14984,1489893
LKA,2021-01-18,14294,1504187
LKA,2021-01-19,18050,1522237
LKA,2021-01-20,16108,1538345
LKA,2021-01-21,19285,1557630
LKA,2021-01-22,18515,1576145
LKA,2021-01-23,17523,1593668
LKA,2021-01-24,14947,1608615
LKA,2021-01-25,16431,1625046
LKA,2021-01-26,15259,1640305
LKA,2021-01-27,19420,1659725
LKA,2021-01-28,18132,1677857
LKA,2021-01-29,16226,1694083
LKA,2021-01-30,14316,1708399
LKA,2021-01-31,13537,1721936
LKA,2021-02-01,12340,1734276
LKA,2021-02-02,13218,1747494
LKA,2021-02-03,14860,1762354
LKA,2021-02-04,12024,1774378
LKA,2021-02-05,14749,1789127
LKA,2021-02-06,15746,1804873
LKA,2021-02-07,12145,1817018
LKA,2021-02-08,14402,1831420
LKA,2021-02-09,16493,1847913
LKA,2021-02-10,19687,1867600
LKA,2021-02-11,15543,1883143
LKA,2021-02-12,16387,1899530
LKA,2021-02-13,16866,1916396
LKA,2021-02-14,15430,1931826
LKA,2021-02-15,11895,1943721
LKA,2021-02-16,13585,1957306
LKA,2021-02-17,15386,1972692
LKA,2021-02-18,15554,1988246
LKA,2021-02-19,15909,2004155
LKA,2021-02-20,12936,2017091
LKA,2021-02-21,11779,2028870
LKA,2021-02-22,11222,2040092
LKA,2021-02-23,13714,2053806
LKA,2021-02-24,12198,2066004
LKA,2021-02-25,13868,2079872
LKA,2021-02-26,12632,2092504
LKA,2021-02-27,10421,2102925
LKA,2021-02-28,9822,2112747
LKA,2021-03-01,9949,2122696
LKA,2021-03-02,10786,2133482
LKA,2021-03-03,12883,2146365
LKA,2021-03-04,13049,2159414
LKA,2021-03-05,11895,2171309
LKA,2021-03-06,11172,2182481
LKA,2021-03-07,11809,2194290
LKA,2021-03-08,7575,2201865
LKA,2021-03-09,11615,2213480
LKA,2021-03-10,12557,2226037
LKA,2021-03-11,10819,2236856
LKA,2021-03-12,10396,2247252
LKA,2021-03-13,11539,2258791
LKA,2021-03-14,8564,2267355
LKA,2021-03-15,7154,2274509
LKA,2021-03-16,12098,2286607
LKA,2021-03-17,11926,2298533
LKA,2021-03-18,11421,2309954
LKA,2021-03-19,12101,2322055
LKA,2021-03-20,11742,2333797
LKA,2021-03-21,9180,2342977
LKA,2021-03-22,8618,2351595
LKA,2021-03-23,10453,2362048
LKA,2021-03-24,11035,2373083
LKA,2021-03-25,11580,2384663
LKA,2021-03-26,10956,2395619
LKA,2021-03-27,11671,2407290
LKA,2021-03-28,9210,2416500
LKA,2021-03-29,6711,2423211
LKA,2021-03-30,11095,2434306
LKA,2021-03-31,9636,2443942
LKA,2021-04-01,10767,2454709
LKA,2021-04-02,11266,2465975
LKA,2021-04-03,9995,2475970
LKA,2021-04-04,9243,2485213
LKA,2021-04-05,8165,2493378
LKA,2021-04-06,7099,2500477
LKA,2021-04-07,9713,2510190
LKA,2021-04-08,12322,2522512
LKA,2021-04-09,9294,2531806
LKA,2021-04-10,10123,2541929
LKA,2021-04-11,8684,2550613
LKA,2021-04-12,7134,2557747
LKA,2021-04-13,6185,2563932
LKA,2021-04-14,5065,2568997
LKA,2021-04-15,4024,2573021
LKA,2021-04-16,4107,2577128
LKA,2021-04-17,6578,2583706
LKA,2021-04-18,6811,2590517
LKA,2021-04-19,8782,2599299
LKA,2021-04-20,8404,2607703
LKA,2021-04-21,12464,2620167
LKA,2021-04-22,15268,2635435
LKA,2021-04-23,12439,2647874
LKA,2021-04-24,16860,2664734
LKA,2021-04-25,13919,2678653
LKA,2021-04-26,13138,2691791
LKA,2021-04-27,13965,2705756
LKA,2021-04-28,14365,2720121
LKA,2021-04-29,23730,2743851
LKA,2021-04-30,27104,2770955
LKA,2021-05-01,25232,2796187
LKA,2021-05-02,23631,2819818
LKA,2021-05-03,18584,2838402
LKA,2021-05-04,22379,2860781
LKA,2021-05-05,26360,2887141
LKA,2021-05-06,27889,2915030
LKA,2021-05-07,22889,2937919
LKA,2021-05-08,25177,2963096
LKA,2021-05-09,23263,2986359
LKA,2021-05-10,23808,3010167
LKA,2021-05-11,26428,3036595
LKA,2021-05-12,26248,3062843
LKA,2021-05-13,26648,3089491
LKA,2021-05-14,24451,3113942
LKA,2021-05-15,22247,3136189
LKA,2021-05-16,27183,3163372
LKA,2021-05-17,26941,3190313
LKA,2021-05-18,25590,3215903
LKA,2021-05-19,25397,3241300
LKA,2021-05-20,25713,3267013
LKA,2021-05-21,25680,3292693
LKA,2021-05-22,22824,3315517
LKA,2021-05-23,22824,3338341
LKA,2021-05-24,17159,3355500
LKA,2021-05-25,17263,3372763
LKA,2021-05-26,20193,3392956
LKA,2021-05-27,18156,3411112
LKA,2021-05-28,20542,3431654
LKA,2021-05-29,19873,3451527
LKA,2021-05-30,22758,3474285
LKA,2021-05-31,20785,3495070
LKA,2021-06-01,17627,3512697
LKA,2021-06-02,19314,3532011
LKA,2021-06-03,21697,3553708
LKA,2021-06-04,21754,3575462
LKA,2021-06-05,19539,3595001
LKA,2021-06-06,20403,3615404
LKA,2021-06-07,19539,3634943
LKA,2021-06-08,17096,3652039
LKA,2021-06-09,18903,3670942
LKA,2021-06-10,19828,3690770
LKA,2021-06-11,18691,3709461
LKA,2021-06-12,19676,3729137
LKA,2021-06-13,18885,3748022
LKA,2021-06-14,16873,3764895
LKA,2021-06-15,15214,3780109
LKA,2021-06-16,18257,3798366
LKA,2021-06-17,20128,3818494
LKA,2021-06-18,20211,3838705
LKA,2021-06-19,16851,3855556
LKA,2021-06-20,18768,3874324
LKA,2021-06-21,18764,3893088
LKA,2021-06-22,18764,3911852
LKA,2021-06-23,20577,3932429
LKA,2021-06-24,19663,3952092
LKA,2021-06-25,17552,3969644
LKA,2021-06-26,14110,3983754
LKA,2021-06-27,18342,4002096
LKA,2021-06-28,18008,4020104
SWE,2020-07-13,9913,9913
SWE,2020-07-14,9913,19826
SWE,2020-07-15,9913,29739
SWE,2020-07-16,9913,39652
SWE,2020-07-17,9913,49565
SWE,2020-07-18,9913,59478
SWE,2020-07-19,9913,69391
SWE,2020-07-20,8449,77840
SWE,2020-07-21,8449,86289
SWE,2020-07-22,8449,94738
SWE,2020-07-23,8449,103187
SWE,2020-07-24,8449,111636
SWE,2020-07-25,8449,120085
SWE,2020-07-26,8449,128534
SWE,2020-07-27,7566,136100
SWE,2020-07-28,7566,143666
SWE,2020-07-29,7566,151232
SWE,2020-07-30,7566,158798
SWE,2020-07-31,7566,166364
SWE,2020-08-01,7566,173930
SWE,2020-08-02,7566,181496
SWE,2020-08-03,7674,189170
SWE,2020-08-04,7674,196844
SWE,2020-08-05,7674,204518
SWE,2020-08-06,7674,212192
SWE,2020-08-07,7674,219866
SWE,2020-08-08,7674,227540
SWE,2020-08-09,7674,235214
SWE,2020-08-10,8090,243304
SWE,2020-08-11,8090,251394
SWE,2020-08-12,8090,259484
SWE,2020-08-13,8090,267574
SWE,2020-08-14,8090,275664
SWE,2020-08-15,8090,283754
SWE,2020-08-16,8090,291844
SWE,2020-08-17,9364,301208
SWE,2020-08-18,9364,310572
SWE,2020-08-19,9364,319936
SWE,2020-08-20,9364,329300
SWE,2020-08-21,9364,338664
SWE,2020-08-22,9364,348028
SWE,2020-08-23,9364,357392
SWE,2020-08-24,12151,369543
SWE,2020-08-25,12151,381694
SWE,2020-08-26,12151,393845
SWE,2020-08-27,12151,405996
SWE,2020-08-28,12151,418147
SWE,2020-08-29,12151,430298
SWE,2020-08-30,12151,442449
SWE,2020-08-31,18027,460476
SWE,2020-09-01,18027,478503
SWE,2020-09-02,18027,496530
SWE,2020-09-03,18027,514557
SWE,2020-09-04,18027,532584
SWE,2020-09-05,18027,550611
SWE,2020-09-06,18027,568638
SWE,2020-09-07,20382,589020
SWE,2020-09-08,20382,609402
SWE,2020-09-09,20382,629784
SWE,2020-09-10,20382,650166
SWE,2020-09-11,20382,670548
SWE,2020-09-12,20382,690930
SWE,2020-09-13,20382,711312
SWE,2020-09-14,19924,731236
SWE,2020-09-15,19924,751160
SWE,2020-09-16,19924,771084
SWE,2020-09-17,19924,791008
SWE,2020-09-18,19924,810932
SWE,2020-09-19,19924,830856
SWE,2020-09-20,19924,850780
SWE,2020-09-21,18407,869187
SWE,2020-09-22,18407,887594
SWE,2020-09-23,18407,906001
SWE,2020-09-24,18407,924408
SWE,2020-09-25,18407,942815
SWE,2020-09-26,18407,961222
SWE,2020-09-27,18407,979629
SWE,2020-09-28,18580,998209
SWE,2020-09-29,18580,1016789
SWE,2020-09-30,18580,1035369
SWE,2020-10-01,18580,1053949
SWE,2020-10-02,18580,1072529
SWE,2020-10-03,18580,1091109
SWE,2020-10-04,18580,1109689
SWE,2020-10-05,19916,1129605
SWE,2020-10-06,19916,1149521
SWE,2020-10-07,19916,1169437
SWE,2020-10-08,19916,1189353
SWE,2020-10-09,19916,1209269
SWE,2020-10-10,19916,1229185
SWE,2020-10-11,19916,1249101
SWE,2020-10-12,21564,1270665
SWE,2020-10-13,21564,1292229
SWE,2020-10-14,21564,1313793
SWE,2020-10-15,21564,1335357
SWE,2020-10-16,21564,1356921
SWE,2020-10-17,21564,1378485
SWE,2020-10-18,21564,1400049
SWE,2020-10-19,23961,1424010
SWE,2020-10-20,23961,1447971
SWE,2020-10-21,23961,1471932
SWE,2020-10-22,23961,1495893
SWE,2020-10-23,23961,1519854
SWE,2020-10-24,23961,1543815
SWE,2020-10-25,23961,1567776
SWE,2020-10-26,27613,1595389
SWE,2020-10-27,27613,1623002
SWE,2020-10-28,27613,1650615
SWE,2020-10-29,27613,1678228
SWE,2020-10-30,27613,1705841
SWE,2020-10-31,27613,1733454
SWE,2020-11-01,27613,1761067
SWE,2020-11-02,33414,1794481
SWE,2020-11-03,33414,1827895
SWE,2020-11-04,33414,1861309
SWE,2020-11-05,33414,1894723
SWE,2020-11-06,33414,1928137
SWE,2020-11-07,33414,1961551
SWE,2020-11-08,33414,1994965
SWE,2020-11-09,37239,2032204
SWE,2020-11-10,37239,2069443
SWE,2020-11-11,37239,2106682
SWE,2020-11-12,37239,2143921
SWE,2020-11-13,37239,2181160
SWE,2020-11-14,37239,2218399
SWE,2020-11-15,37239,2255638
SWE,2020-11-16,38266,2293904
SWE,2020-11-17,38266,2332170
SWE,2020-11-18,38266,2370436
SWE,2020-11-19,38266,2408702
SWE,2020-11-20,38266,2446968
SWE,2020-11-21,38266,2485234
SWE,2020-11-22,38266,2523500
SWE,2020-11-23,40350,2563850
SWE,2020-11-24,40350,2604200
SWE,2020-11-25,40350,2644550
SWE,2020-11-26,40350,2684900
SWE,2020-11-27,40350,2725250
SWE,2020-11-28,40350,2765600
SWE,2020-11-29,40350,2805950
SWE,2020-11-30,38302,2844252
SWE,2020-12-01,38302,2882554
SWE,2020-12-02,38302,2920856
SWE,2020-12-03,38302,2959158
SWE,2020-12-04,38302,2997460
SWE,2020-12-05,38302,3035762
SWE,2020-12-06,38302,3074064
SWE,2020-12-07,39644,3113708
SWE,2020-12-08,39644,3153352
SWE,2020-12-09,39644,3192996
SWE,2020-12-10,39644,3232640
SWE,2020-12-11,39644,3272284
SWE,2020-12-12,39644,3311928
SWE,2020-12-13,39644,3351572
SWE,2020-12-14,43821,3395393
SWE,2020-12-15,43821,3439214
SWE,2020-12-16,43821,3483035
SWE,2020-12-17,43821,3526856
SWE,2020-12-18,43821,3570677
SWE,2020-12-19,43821,3614498
SWE,2020-12-20,43821,3658319
SWE,2020-12-21,34116,3692435
SWE,2020-12-22,34116,3726551
SWE,2020-12-23,34116,3760667
SWE,2020-12-24,34116,3794783
SWE,2020-12-25,34116,3828899
SWE,2020-12-26,34116,3863015
SWE,2020-12-27,34116,3897131
SWE,2020-12-28,29221,3926352
SWE,2020-12-29,29221,3955573
SWE,2020-12-30,29221,3984794
SWE,2020-12-31,29221,4014015
SWE,2021-01-01,29221,4043236
SWE,2021-01-02,29221,4072457
SWE,2021-01-03,29221,4101678
SWE,2021-01-04,30475,4132153
SWE,2021-01-05,30475,4162628
SWE,2021-01-06,30475,4193103
SWE,2021-01-07,30475,4223578
SWE,2021-01-08,30475,4254053
SWE,2021-01-09,30475,4284528
SWE,2021-01-10,30475,4315003
SWE,2021-01-11,29567,4344570
SWE,2021-01-12,29567,4374137
SWE,2021-01-13,29567,4403704
SWE,2021-01-14,29567,4433271
SWE,2021-01-15,29567,4462838
SWE,2021-01-16,29567,4492405
SWE,2021-01-17,29567,4521972
SWE,2021-01-18,28494,4550466
SWE,2021-01-19,28494,4578960
SWE,2021-01-20,28494,4607454
SWE,2021-01-21,28494,4635948
SWE,2021-01-22,28494,4664442
SWE,2021-01-23,28494,4692936
SWE,2021-01-24,28494,4721430
SWE,2021-01-25,28405,4749835
SWE,2021-01-26,28405,4778240
SWE,2021-01-27,28405,4806645
SWE,2021-01-28,28405,4835050
SWE,2021-01-29,28405,4863455
SWE,2021-01-30,28405,4891860
SWE,2021-01-31,28405,4920265
SWE,2021-02-01,29034,4949299
SWE,2021-02-02,29034,4978333
SWE,2021-02-03,29034,5007367
SWE,2021-02-04,29034,5036401
SWE,2021-02-05,29034,5065435
SWE,2021-02-06,29034,5094469
SWE,2021-02-07,29034,5123503
SWE,2021-02-08,30710,5154213
SWE,2021-02-09,30710,5184923
SWE,2021-02-10,30710,5215633
SWE,2021-02-11,30710,5246343
SWE,2021-02-12,30710,5277053
SWE,2021-02-13,30710,5307763
SWE,2021-02-14,30710,5338473
SWE,2021-02-15,32580,5371053
SWE,2021-02-16,32580,5403633
SWE,2021-02-17,32580,5436213
SWE,2021-02-18,32580,5468793
SWE,2021-02-19,32580,5501373
SWE,2021-02-20,32580,5533953
SWE,2021-02-21,32580,5566533
SWE,2021-02-22,34898,5601431
SWE,2021-02-23,34898,5636329
SWE,2021-02-24,34898,5671227
SWE,2021-02-25,34898,5706125
SWE,2021-02-26,34898,5741023
SWE,2021-02-27,34898,5775921
SWE,2021-02-28,34898,5810819
SWE,2021-03-01,36440,5847259
SWE,2021-03-02,36440,5883699
SWE,2021-03-03,36440,5920139
SWE,2021-03-04,36440,5956579
SWE,2021-03-05,36440,5993019
SWE,2021-03-06,36440,6029459
SWE,2021-03-07,36440,6065899
SWE,2021-03-08,39611,6105510
SWE,2021-03-09,39611,6145121
SWE,2021-03-10,39611,6184732
SWE,2021-03-11,39611,6224343
SWE,2021-03-12,39611,6263954
SWE,2021-03-13,39611,6303565
SWE,2021-03-14,39611,6343176
SWE,2021-03-15,44584,6387760
SWE,2021-03-16,44584,6432344
SWE,2021-03-17,44584,6476928
SWE,2021-03-18,44584,6521512
SWE,2021-03-19,44584,6566096
SWE,2021-03-20,44584,6610680
SWE,2021-03-21,44584,6655264
SWE,2021-03-22,48560,6703824
SWE,2021-03-23,48560,6752384
SWE,2021-03-24,48560,6800944
SWE,2021-03-25,48560,6849504
SWE,2021-03-26,48560,6898064
SWE,2021-03-27,48560,6946624
SWE,2021-03-28,48560,6995184
SWE,2021-03-29,46403,7041587
SWE,2021-03-30,46403,7087990
SWE,2021-03-31,46403,7134393
SWE,2021-04-01,46403,7180796
SWE,2021-04-02,46403,7227199
SWE,2021-04-03,46403,7273602
SWE,2021-04-04,46403,7320005
SWE,2021-04-05,44659,7364664
SWE,2021-04-06,44659,7409323
SWE,2021-04-07,44659,7453982
SWE,2021-04-08,44659,7498641
SWE,2021-04-09,44659,7543300
SWE,2021-04-10,44659,7587959
SWE,2021-04-11,44659,7632618
SWE,2021-04-12,48658,7681276
SWE,2021-04-13,48658,7729934
SWE,2021-04-14,48658,7778592
SWE,2021-04-15,48658,7827250
SWE,2021-04-16,48658,7875908
SWE,2021-04-17,48658,7924566
SWE,2021-04-18,48658,7973224
SWE,2021-04-19,46636,8019860
SWE,2021-04-20,46636,8066496
SWE,2021-04-21,46636,8113132
SWE,2021-04-22,46636,8159768
SWE,2021-04-23,46636,8206404
SWE,2021-04-24,46636,8253040
SWE,2021-04-25,46636,8299676
SWE,2021-04-26,49375,8349051
SWE,2021-04-27,49375,8398426
SWE,2021-04-28,49375,8447801
SWE,2021-04-29,49375,8497176
SWE,2021-04-30,49375,8546551
SWE,2021-05-01,49375,8595926
SWE,2021-05-02,49375,8645301
SWE,2021-05-03,51085,8696386
SWE,2021-05-04,51085,8747471
SWE,2021-05-05,51085,8798556
SWE,2021-05-06,51085,8849641
SWE,2021-05-07,51085,8900726
SWE,2021-05-08,51085,8951811
SWE,2021-05-09,51085,9002896
SWE,2021-05-10,41424,9044320
SWE,2021-05-11,41424,9085744
SWE,2021-05-12,41424,9127168
SWE,2021-05-13,41424,9168592
SWE,2021-05-14,41424,9210016
SWE,2021-05-15,41424,9251440
SWE,2021-05-16,41424,9292864
SWE,2021-05-17,37510,9330374
SWE,2021-05-18,37510,9367884
SWE,2021-05-19,37510,9405394
SWE,2021-05-20,37510,9442904
SWE,2021-05-21,37510,9480414
SWE,2021-05-22,37510,9517924
SWE,2021-05-23,37510,9555434
SWE,2021-05-24,32800,9588234
SWE,2021-05-25,32800,9621034
SWE,2021-05-26,32800,9653834
SWE,2021-05-27,32800,9686634
SWE,2021-05-28,32800,9719434
SWE,2021-05-29,32800,9752234
SWE,2021-05-30,32800,9785034
SWE,2021-05-31,27113,9812147
SWE,2021-06-01,27113,9839260
SWE,2021-06-02,27113,9866373
SWE,2021-06-03,27113,9893486
SWE,2021-06-04,27113,9920599
SWE,2021-06-05,27113,9947712
SWE,2021-06-06,27113,9974825
SWE,2021-06-07,22353,9997178
SWE,2021-06-08,22353,10019531
SWE,2021-06-09,22353,10041884
SWE,2021-06-10,22353,10064237
SWE,2021-06-11,22353,10086590
SWE,2021-06-12,22353,10108943
SWE,2021-06-13,22353,10131296
SWE,2021-06-14,21588,10152884
SWE,2021-06-15,21588,10174472
SWE,2021-06-16,21588,10196060
SWE,2021-06-17,21588,10217648
SWE,2021-06-18,21588,10239236
SWE,2021-06-19,21588,10260824
SWE,2021-06-20,21588,10282412
CHE,2020-05-23,2512,2512
CHE,2020-05-24,1654,4166
CHE,2020-05-25,3877,8043
CHE,2020-05-26,5578,13621
CHE,2020-05-27,4908,18529
CHE,2020-05-28,4152,22681
CHE,2020-05-29,3683,26364
CHE,2020-05-30,2585,28949
CHE,2020-05-31,1558,30507
CHE,2020-06-01,1772,32279
CHE,2020-06-02,4135,36414
CHE,2020-06-03,5159,41573
CHE,2020-06-04,5141,46714
CHE,2020-06-05,4799,51513
CHE,2020-06-06,3117,54630
CHE,2020-06-07,1529,56159
CHE,2020-06-08,4601,60760
CHE,2020-06-09,6411,67171
CHE,2020-06-10,6522,73693
CHE,2020-06-11,5604,79297
CHE,2020-06-12,6437,85734
CHE,2020-06-13,4356,90090
CHE,2020-06-14,1787,91877
CHE,2020-06-15,6376,98253
CHE,2020-06-16,9928,108181
CHE,2020-06-17,9523,117704
CHE,2020-06-18,8403,126107
CHE,2020-06-19,7557,133664
CHE,2020-06-20,4697,138361
CHE,2020-06-21,1773,140134
CHE,2020-06-22,8167,148301
CHE,2020-06-23,11642,159943
CHE,2020-06-24,9117,169060
CHE,2020-06-25,9240,178300
CHE,2020-06-26,10168,188468
CHE,2020-06-27,6445,194913
CHE,2020-06-28,2535,197448
CHE,2020-06-29,13939,211387
CHE,2020-06-30,14930,226317
CHE,2020-07-01,11146,237463
CHE,2020-07-02,10832,248295
CHE,2020-07-03,10340,258635
CHE,2020-07-04,6208,264843
CHE,2020-07-05,2500,267343
CHE,2020-07-06,7784,275127
CHE,2020-07-07,9963,285090
CHE,2020-07-08,8834,293924
CHE,2020-07-09,8508,302432
CHE,2020-07-10,7672,310104
CHE,2020-07-11,4741,314845
CHE,2020-07-12,1931,316776
CHE,2020-07-13,6698,323474
CHE,2020-07-14,8724,332198
CHE,2020-07-15,7694,339892
CHE,2020-07-16,7248,347140
CHE,2020-07-17,6682,353822
CHE,2020-07-18,3759,357581
CHE,2020-07-19,1764,359345
CHE,2020-07-20,5641,364986
CHE,2020-07-21,6792,371778
CHE,2020-07-22,6689,378467
CHE,2020-07-23,5483,383950
CHE,2020-07-24,5517,389467
CHE,2020-07-25,3630,393097
CHE,2020-07-26,1777,394874
CHE,2020-07-27,5418,400292
CHE,2020-07-28,7261,407553
CHE,2020-07-29,6769,414322
CHE,2020-07-30,7050,421372
CHE,2020-07-31,5686,427058
CHE,2020-08-01,3050,430108
CHE,2020-08-02,2124,432232
CHE,2020-08-03,6184,438416
CHE,2020-08-04,7293,445709
CHE,2020-08-05,6765,452474
CHE,2020-08-06,6574,459048
CHE,2020-08-07,6133,465181
CHE,2020-08-08,3724,468905
CHE,2020-08-09,2016,470921
CHE,2020-08-10,5924,476845
CHE,2020-08-11,7271,484116
CHE,2020-08-12,6635,490751
CHE,2020-08-13,7302,498053
CHE,2020-08-14,7295,505348
CHE,2020-08-15,4844,510192
CHE,2020-08-16,2419,512611
CHE,2020-08-17,8177,520788
CHE,2020-08-18,10526,531314
CHE,2020-08-19,9388,540702
CHE,2020-08-20,10034,550736
CHE,2020-08-21,9936,560672
CHE,2020-08-22,6134,566806
CHE,2020-08-23,3299,570105
CHE,2020-08-24,9822,579927
CHE,2020-08-25,13094,593021
CHE,2020-08-26,12776,605797
CHE,2020-08-27,13060,618857
CHE,2020-08-28,12431,631288
CHE,2020-08-29,8362,639650
CHE,2020-08-30,3837,643487
CHE,2020-08-31,11258,654745
CHE,2020-09-01,16320,671065
CHE,2020-09-02,15895,686960
CHE,2020-09-03,15396,702356
CHE,2020-09-04,14410,716766
CHE,2020-09-05,9519,726285
CHE,2020-09-06,4334,730619
CHE,2020-09-07,13225,743844
CHE,2020-09-08,17507,761351
CHE,2020-09-09,16236,777587
CHE,2020-09-10,15557,793144
CHE,2020-09-11,13996,807140
CHE,2020-09-12,9864,817004
CHE,2020-09-13,4139,821143
CHE,2020-09-14,12707,833850
CHE,2020-09-15,16706,850556
CHE,2020-09-16,15325,865881
CHE,2020-09-17,15142,881023
CHE,2020-09-18,13357,894380
CHE,2020-09-19,7809,902189
CHE,2020-09-20,3558,905747
CHE,2020-09-21,10190,915937
CHE,2020-09-22,13309,929246
CHE,2020-09-23,12787,942033
CHE,2020-09-24,11796,953829
CHE,2020-09-25,11123,964952
CHE,2020-09-26,5992,970944
CHE,2020-09-27,2802,973746
CHE,2020-09-28,9269,983015
CHE,2020-09-29,12407,995422
CHE,2020-09-30,11823,1007245
CHE,2020-10-01,11958,1019203
CHE,2020-10-02,11183,1030386
CHE,2020-10-03,7591,1037977
CHE,2020-10-04,3532,1041509
CHE,2020-10-05,11702,1053211
CHE,2020-10-06,14756,1067967
CHE,2020-10-07,15261,1083228
CHE,2020-10-08,15716,1098944
CHE,2020-10-09,16000,1114944
CHE,2020-10-10,10815,1125759
CHE,2020-10-11,5102,1130861
CHE,2020-10-12,14976,1145837
CHE,2020-10-13,20312,1166149
CHE,2020-10-14,20249,1186398
CHE,2020-10-15,22053,1208451
CHE,2020-10-16,24321,1232772
CHE,2020-10-17,16073,1248845
CHE,2020-10-18,8511,1257356
CHE,2020-10-19,21181,1278537
CHE,2020-10-20,28894,1307431
CHE,2020-10-21,28178,1335609
CHE,2020-10-22,30540,1366149
CHE,2020-10-23,32336,1398485
CHE,2020-10-24,22982,1421467
CHE,2020-10-25,13055,1434522
CHE,2020-10-26,28692,1463214
CHE,2020-10-27,37808,1501022
CHE,2020-10-28,37354,1538376
CHE,2020-10-29,38011,1576387
CHE,2020-10-30,38176,1614563
CHE,2020-10-31,24472,1639035
CHE,2020-11-01,12771,1651806
CHE,2020-11-02,30088,1681894
CHE,2020-11-03,38132,1720026
CHE,2020-11-04,36405,1756431
CHE,2020-11-05,35067,1791498
CHE,2020-11-06,32594,1824092
CHE,2020-11-07,22701,1846793
CHE,2020-11-08,11821,1858614
CHE,2020-11-09,27348,1885962
CHE,2020-11-10,34468,1920430
CHE,2020-11-11,31360,1951790
CHE,2020-11-12,30586,1982376
CHE,2020-11-13,28226,2010602
CHE,2020-11-14,18505,2029107
CHE,2020-11-15,9398,2038505
CHE,2020-11-16,25651,2064156
CHE,2020-11-17,29107,2093263
CHE,2020-11-18,26264,2119527
CHE,2020-11-19,25476,2145003
CHE,2020-11-20,25545,2170548
CHE,2020-11-21,16485,2187033
CHE,2020-11-22,9341,2196374
CHE,2020-11-23,26315,2222689
CHE,2020-11-24,29503,2252192
CHE,2020-11-25,27571,2279763
CHE,2020-11-26,26128,2305891
CHE,2020-11-27,26027,2331918
CHE,2020-11-28,15769,2347687
CHE,2020-11-29,8749,2356436
CHE,2020-11-30,25167,2381603
CHE,2020-12-01,27034,2408637
CHE,2020-12-02,27819,2436456
CHE,2020-12-03,27360,2463816
CHE,2020-12-04,28554,2492370
CHE,2020-12-05,18229,2510599
CHE,2020-12-06,10087,2520686
CHE,2020-12-07,28944,2549630
CHE,2020-12-08,31410,2581040
CHE,2020-12-09,32859,2613899
CHE,2020-12-10,34582,2648481
CHE,2020-12-11,39429,2687910
CHE,2020-12-12,26911,2714821
CHE,2020-12-13,15490,2730311
CHE,2020-12-14,31987,2762298
CHE,2020-12-15,39317,2801615
CHE,2020-12-16,40960,2842575
CHE,2020-12-17,43750,2886325
CHE,2020-12-18,44918,2931243
CHE,2020-12-19,26364,2957607
CHE,2020-12-20,15154,2972761
CHE,2020-12-21,38447,3011208
CHE,2020-12-22,44896,3056104
CHE,2020-12-23,46451,3102555
CHE,2020-12-24,34673,3137228
CHE,2020-12-25,12948,3150176
CHE,2020-12-26,15222,3165398
CHE,2020-12-27,12810,3178208
CHE,2020-12-28,28911,3207119
CHE,2020-12-29,29460,3236579
CHE,2020-12-30,28353,3264932
CHE,2020-12-31,23591,3288523
CHE,2021-01-01,10043,3298566
CHE,2021-01-02,15941,3314507
CHE,2021-01-03,12358,3326865
CHE,2021-01-04,29424,3356289
CHE,2021-01-05,31342,3387631
CHE,2021-01-06,27013,3414644
CHE,2021-01-07,27556,3442200
CHE,2021-01-08,26558,3468758
CHE,2021-01-09,15808,3484566
CHE,2021-01-10,8903,3493469
CHE,2021-01-11,27515,3520984
CHE,2021-01-12,25736,3546720
CHE,2021-01-13,24506,3571226
CHE,2021-01-14,23847,3595073
CHE,2021-01-15,22791,3617864
CHE,2021-01-16,14434,3632298
CHE,2021-01-17,7919,3640217
CHE,2021-01-18,27637,3667854
CHE,2021-01-19,31375,3699229
CHE,2021-01-20,26684,3725913
CHE,2021-01-21,25988,3751901
CHE,2021-01-22,26533,3778434
CHE,2021-01-23,16000,3794434
CHE,2021-01-24,8085,3802519
CHE,2021-01-25,25650,3828169
CHE,2021-01-26,27762,3855931
CHE,2021-01-27,25713,3881644
CHE,2021-01-28,28857,3910501
CHE,2021-01-29,29310,3939811
CHE,2021-01-30,18859,3958670
CHE,2021-01-31,10909,3969579
CHE,2021-02-01,28577,3998156
CHE,2021-02-02,30451,4028607
CHE,2021-02-03,31048,4059655
CHE,2021-02-04,34541,4094196
CHE,2021-02-05,31434,4125630
CHE,2021-02-06,18407,4144037
CHE,2021-02-07,10859,4154896
CHE,2021-02-08,33325,4188221
CHE,2021-02-09,33411,4221632
CHE,2021-02-10,31936,4253568
CHE,2021-02-11,34183,4287751
CHE,2021-02-12,32403,4320154
CHE,2021-02-13,18503,4338657
CHE,2021-02-14,9404,4348061
CHE,2021-02-15,30816,4378877
CHE,2021-02-16,30914,4409791
CHE,2021-02-17,29465,4439256
CHE,2021-02-18,30568,4469824
CHE,2021-02-19,30042,4499866
CHE,2021-02-20,15604,4515470
CHE,2021-02-21,8563,4524033
CHE,2021-02-22,26636,4550669
CHE,2021-02-23,27494,4578163
CHE,2021-02-24,26369,4604532
CHE,2021-02-25,30765,4635297
CHE,2021-02-26,30737,4666034
CHE,2021-02-27,16345,4682379
CHE,2021-02-28,8887,4691266
CHE,2021-03-01,27767,4719033
CHE,2021-03-02,29759,4748792
CHE,2021-03-03,28626,4777418
CHE,2021-03-04,30761,4808179
CHE,2021-03-05,31456,4839635
CHE,2021-03-06,16103,4855738
CHE,2021-03-07,9062,4864800
CHE,2021-03-08,31290,4896090
CHE,2021-03-09,33298,4929388
CHE,2021-03-10,31854,4961242
CHE,2021-03-11,34546,4995788
CHE,2021-03-12,34238,5030026
CHE,2021-03-13,17704,5047730
CHE,2021-03-14,10337,5058067
CHE,2021-03-15,35617,5093684
CHE,2021-03-16,37644,5131328
CHE,2021-03-17,37836,5169164
CHE,2021-03-18,41313,5210477
CHE,2021-03-19,39914,5250391
CHE,2021-03-20,22535,5272926
CHE,2021-03-21,13305,5286231
CHE,2021-03-22,41346,5327577
CHE,2021-03-23,42308,5369885
CHE,2021-03-24,39727,5409612
CHE,2021-03-25,43743,5453355
CHE,2021-03-26,44276,5497631
CHE,2021-03-27,26919,5524550
CHE,2021-03-28,15018,5539568
CHE,2021-03-29,39137,5578705
CHE,2021-03-30,47778,5626483
CHE,2021-03-31,56907,5683390
CHE,2021-04-01,57441,5740831
CHE,2021-04-02,28110,5768941
CHE,2021-04-03,28991,5797932
CHE,2021-04-04,17017,5814949
CHE,2021-04-05,17952,5832901
CHE,2021-04-06,38066,5870967
CHE,2021-04-07,39293,5910260
CHE,2021-04-08,38625,5948885
CHE,2021-04-09,35543,5984428
CHE,2021-04-10,21544,6005972
CHE,2021-04-11,12020,6017992
CHE,2021-04-12,28815,6046807
CHE,2021-04-13,31658,6078465
CHE,2021-04-14,30616,6109081
CHE,2021-04-15,33188,6142269
CHE,2021-04-16,32375,6174644
CHE,2021-04-17,19084,6193728
CHE,2021-04-18,10912,6204640
CHE,2021-04-19,26616,6231256
CHE,2021-04-20,28465,6259721
CHE,2021-04-21,28877,6288598
CHE,2021-04-22,33415,6322013
CHE,2021-04-23,33129,6355142
CHE,2021-04-24,20946,6376088
CHE,2021-04-25,11515,6387603
CHE,2021-04-26,27097,6414700
CHE,2021-04-27,29602,6444302
CHE,2021-04-28,29748,6474050
CHE,2021-04-29,33167,6507217
CHE,2021-04-30,33052,6540269
CHE,2021-05-01,18813,6559082
CHE,2021-05-02,10338,6569420
CHE,2021-05-03,25391,6594811
CHE,2021-05-04,27395,6622206
CHE,2021-05-05,28488,6650694
CHE,2021-05-06,32525,6683219
CHE,2021-05-07,33363,6716582
CHE,2021-05-08,18256,6734838
CHE,2021-05-09,10358,6745196
CHE,2021-05-10,29920,6775116
CHE,2021-05-11,38311,6813427
CHE,2021-05-12,40218,6853645
CHE,2021-05-13,16636,6870281
CHE,2021-05-14,27359,6897640
CHE,2021-05-15,19091,6916731
CHE,2021-05-16,10700,6927431
CHE,2021-05-17,26608,6954039
CHE,2021-05-18,28775,6982814
CHE,2021-05-19,33433,7016247
CHE,2021-05-20,40092,7056339
CHE,2021-05-21,38819,7095158
CHE,2021-05-22,20647,7115805
CHE,2021-05-23,10259,7126064
CHE,2021-05-24,12220,7138284
CHE,2021-05-25,25681,7163965
CHE,2021-05-26,28739,7192704
CHE,2021-05-27,30259,7222963
CHE,2021-05-28,31119,7254082
CHE,2021-05-29,17842,7271924
CHE,2021-05-30,8882,7280806
CHE,2021-05-31,23960,7304766
CHE,2021-06-01,27041,7331807
CHE,2021-06-02,30903,7362710
CHE,2021-06-03,26496,7389206
CHE,2021-06-04,28598,7417804
CHE,2021-06-05,16252,7434056
CHE,2021-06-06,8568,7442624
CHE,2021-06-07,20412,7463036
CHE,2021-06-08,21296,7484332
CHE,2021-06-09,22461,7506793
CHE,2021-06-10,26342,7533135
CHE,2021-06-11,28098,7561233
CHE,2021-06-12,15827,7577060
CHE,2021-06-13,7459,7584519
CHE,2021-06-14,18245,7602764
CHE,2021-06-15,19919,7622683
CHE,2021-06-16,21708,7644391
CHE,2021-06-17,26800,7671191
CHE,2021-06-18,30020,7701211
CHE,2021-06-19,16256,7717467
CHE,2021-06-20,7281,7724748
CHE,2021-06-21,17904,7742652
CHE,2021-06-22,18204,7760856
CHE,2021-06-23,20278,7781134
CHE,2021-06-24,24744,7805878
CHE,2021-06-25,25622,7831500
CHE,2021-06-26,15946,7847446
TWN,2020-01-16,4,4
TWN,2020-01-17,0,4
TWN,2020-01-18,1,5
TWN,2020-01-19,1,6
TWN,2020-01-20,2,8
TWN,2020-01-21,12,20
TWN,2020-01-22,44,64
TWN,2020-01-23,70,134
TWN,2020-01-24,57,191
TWN,2020-01-25,91,282
TWN,2020-01-26,117,399
TWN,2020-01-27,123,522
TWN,2020-01-28,95,617
TWN,2020-01-29,106,723
TWN,2020-01-30,100,823
TWN,2020-01-31,93,916
TWN,2020-02-01,87,1003
TWN,2020-02-02,64,1067
TWN,2020-02-03,131,1198
TWN,2020-02-04,103,1301
TWN,2020-02-05,157,1458
TWN,2020-02-06,77,1535
TWN,2020-02-07,199,1734
TWN,2020-02-08,225,1959
TWN,2020-02-09,128,2087
TWN,2020-02-10,205,2292
TWN,2020-02-11,168,2460
TWN,2020-02-12,128,2588
TWN,2020-02-13,115,2703
TWN,2020-02-14,72,2775
TWN,2020-02-15,89,2864
TWN,2020-02-16,112,2976
TWN,2020-02-17,813,3789
TWN,2020-02-18,832,4621
TWN,2020-02-19,696,5317
TWN,2020-02-20,796,6113
TWN,2020-02-21,714,6827
TWN,2020-02-22,444,7271
TWN,2020-02-23,328,7599
TWN,2020-02-24,698,8297
TWN,2020-02-25,609,8906
TWN,2020-02-26,521,9427
TWN,2020-02-27,520,9947
TWN,2020-02-28,371,10318
TWN,2020-02-29,511,10829
TWN,2020-03-01,430,11259
TWN,2020-03-02,600,11859
TWN,2020-03-03,506,12365
TWN,2020-03-04,485,12850
TWN,2020-03-05,297,13147
TWN,2020-03-06,381,13528
TWN,2020-03-07,307,13835
TWN,2020-03-08,298,14133
TWN,2020-03-09,476,14609
TWN,2020-03-10,332,14941
TWN,2020-03-11,445,15386
TWN,2020-03-12,677,16063
TWN,2020-03-13,439,16502
TWN,2020-03-14,379,16881
TWN,2020-03-15,306,17187
TWN,2020-03-16,730,17917
TWN,2020-03-17,873,18790
TWN,2020-03-18,1197,19987
TWN,2020-03-19,1363,21350
TWN,2020-03-20,1371,22721
TWN,2020-03-21,1047,23768
TWN,2020-03-22,811,24579
TWN,2020-03-23,1139,25718
TWN,2020-03-24,924,26642
TWN,2020-03-25,938,27580
TWN,2020-03-26,929,28509
TWN,2020-03-27,864,29373
TWN,2020-03-28,527,29900
TWN,2020-03-29,835,30735
TWN,2020-03-30,1023,31758
TWN,2020-03-31,924,32682
TWN,2020-04-01,1009,33691
TWN,2020-04-02,822,34513
TWN,2020-04-03,880,35393
TWN,2020-04-04,864,36257
TWN,2020-04-05,912,37169
TWN,2020-04-06,1814,38983
TWN,2020-04-07,1685,40668
TWN,2020-04-08,1628,42296
TWN,2020-04-09,1576,43872
TWN,2020-04-10,1564,45436
TWN,2020-04-11,1091,46527
TWN,2020-04-12,664,47191
TWN,2020-04-13,1340,48531
TWN,2020-04-14,1204,49735
TWN,2020-04-15,952,50687
TWN,2020-04-16,903,51590
TWN,2020-04-17,838,52428
TWN,2020-04-18,557,52985
TWN,2020-04-19,624,53609
TWN,2020-04-20,1835,55444
TWN,2020-04-21,1371,56815
TWN,2020-04-22,1154,57969
TWN,2020-04-23,1014,58983
TWN,2020-04-24,827,59810
TWN,2020-04-25,619,60429
TWN,2020-04-26,495,60924
TWN,2020-04-27,740,61664
TWN,2020-04-28,694,62358
TWN,2020-04-29,484,62842
TWN,2020-04-30,495,63337
TWN,2020-05-01,374,63711
TWN,2020-05-02,380,64091
TWN,2020-05-03,342,64433
TWN,2020-05-04,528,64961
TWN,2020-05-05,632,65593
TWN,2020-05-06,451,66044
TWN,2020-05-07,417,66461
TWN,2020-05-08,402,66863
TWN,2020-05-09,269,67132
TWN,2020-05-10,267,67399
TWN,2020-05-11,362,67761
TWN,2020-05-12,349,68110
TWN,2020-05-13,277,68387
TWN,2020-05-14,274,68661
TWN,2020-05-15,323,68984
TWN,2020-05-16,220,69204
TWN,2020-05-17,185,69389
TWN,2020-05-18,269,69658
TWN,2020-05-19,223,69881
TWN,2020-05-20,226,70107
TWN,2020-05-21,236,70343
TWN,2020-05-22,187,70530
TWN,2020-05-23,170,70700
TWN,2020-05-24,183,70883
TWN,2020-05-25,222,71105
TWN,2020-05-26,299,71404
TWN,2020-05-27,183,71587
TWN,2020-05-28,170,71757
TWN,2020-05-29,156,71913
TWN,2020-05-30,174,72087
TWN,2020-05-31,237,72324
TWN,2020-06-01,186,72510
TWN,2020-06-02,178,72688
TWN,2020-06-03,188,72876
TWN,2020-06-04,170,73046
TWN,2020-06-05,184,73230
TWN,2020-06-06,138,73368
TWN,2020-06-07,108,73476
TWN,2020-06-08,129,73605
TWN,2020-06-09,152,73757
TWN,2020-06-10,152,73909
TWN,2020-06-11,135,74044
TWN,2020-06-12,142,74186
TWN,2020-06-13,118,74304
TWN,2020-06-14,111,74415
TWN,2020-06-15,145,74560
TWN,2020-06-16,147,74707
TWN,2020-06-17,146,74853
TWN,2020-06-18,135,74988
TWN,2020-06-19,159,75147
TWN,2020-06-20,114,75261
TWN,2020-06-21,104,75365
TWN,2020-06-22,156,75521
TWN,2020-06-23,126,75647
TWN,2020-06-24,173,75820
TWN,2020-06-25,217,76037
TWN,2020-06-26,176,76213
TWN,2020-06-27,154,76367
TWN,2020-06-28,127,76494
TWN,2020-06-29,184,76678
TWN,2020-06-30,210,76888
TWN,2020-07-01,141,77029
TWN,2020-07-02,129,77158
TWN,2020-07-03,140,77298
TWN,2020-07-04,119,77417
TWN,2020-07-05,151,77568
TWN,2020-07-06,177,77745
TWN,2020-07-07,136,77881
TWN,2020-07-08,141,78022
TWN,2020-07-09,188,78210
TWN,2020-07-10,165,78375
TWN,2020-07-11,118,78493
TWN,2020-07-12,126,78619
TWN,2020-07-13,126,78745
TWN,2020-07-14,155,78900
TWN,2020-07-15,164,79064
TWN,2020-07-16,191,79255
TWN,2020-07-17,145,79400
TWN,2020-07-18,111,79511
TWN,2020-07-19,135,79646
TWN,2020-07-20,161,79807
TWN,2020-07-21,143,79950
TWN,2020-07-22,156,80106
TWN,2020-07-23,163,80269
TWN,2020-07-24,135,80404
TWN,2020-07-25,95,80499
TWN,2020-07-26,123,80622
TWN,2020-07-27,201,80823
TWN,2020-07-28,341,81164
TWN,2020-07-29,220,81384
TWN,2020-07-30,203,81587
TWN,2020-07-31,235,81822
TWN,2020-08-01,104,81926
TWN,2020-08-02,132,82058
TWN,2020-08-03,273,82331
TWN,2020-08-04,192,82523
TWN,2020-08-05,212,82735
TWN,2020-08-06,214,82949
TWN,2020-08-07,164,83113
TWN,2020-08-08,173,83286
TWN,2020-08-09,142,83428
TWN,2020-08-10,247,83675
TWN,2020-08-11,147,83822
TWN,2020-08-12,190,84012
TWN,2020-08-13,229,84241
TWN,2020-08-14,198,84439
TWN,2020-08-15,133,84572
TWN,2020-08-16,124,84696
TWN,2020-08-17,260,84956
TWN,2020-08-18,165,85121
TWN,2020-08-19,222,85343
TWN,2020-08-20,214,85557
TWN,2020-08-21,217,85774
TWN,2020-08-22,128,85902
TWN,2020-08-23,117,86019
TWN,2020-08-24,242,86261
TWN,2020-08-25,155,86416
TWN,2020-08-26,182,86598
TWN,2020-08-27,204,86802
TWN,2020-08-28,177,86979
TWN,2020-08-29,148,87127
TWN,2020-08-30,157,87284
TWN,2020-08-31,215,87499
TWN,2020-09-01,144,87643
TWN,2020-09-02,152,87795
TWN,2020-09-03,232,88027
TWN,2020-09-04,242,88269
TWN,2020-09-05,112,88381
TWN,2020-09-06,173,88554
TWN,2020-09-07,188,88742
TWN,2020-09-08,187,88929
TWN,2020-09-09,155,89084
TWN,2020-09-10,224,89308
TWN,2020-09-11,186,89494
TWN,2020-09-12,126,89620
TWN,2020-09-13,210,89830
TWN,2020-09-14,154,89984
TWN,2020-09-15,160,90144
TWN,2020-09-16,282,90426
TWN,2020-09-17,680,91106
TWN,2020-09-18,351,91457
TWN,2020-09-19,95,91552
TWN,2020-09-20,98,91650
TWN,2020-09-21,283,91933
TWN,2020-09-22,175,92108
TWN,2020-09-23,257,92365
TWN,2020-09-24,198,92563
TWN,2020-09-25,137,92700
TWN,2020-09-26,275,92975
TWN,2020-09-27,204,93179
TWN,2020-09-28,259,93438
TWN,2020-09-29,211,93649
TWN,2020-09-30,260,93909
TWN,2020-10-01,152,94061
TWN,2020-10-02,392,94453
TWN,2020-10-03,109,94562
TWN,2020-10-04,167,94729
TWN,2020-10-05,356,95085
TWN,2020-10-06,170,95255
TWN,2020-10-07,432,95687
TWN,2020-10-08,590,96277
TWN,2020-10-09,339,96616
TWN,2020-10-10,114,96730
TWN,2020-10-11,123,96853
TWN,2020-10-12,305,97158
TWN,2020-10-13,271,97429
TWN,2020-10-14,345,97774
TWN,2020-10-15,589,98363
TWN,2020-10-16,382,98745
TWN,2020-10-17,132,98877
TWN,2020-10-18,176,99053
TWN,2020-10-19,314,99367
TWN,2020-10-20,223,99590
TWN,2020-10-21,215,99805
TWN,2020-10-22,329,100134
TWN,2020-10-23,177,100311
TWN,2020-10-24,97,100408
TWN,2020-10-25,118,100526
TWN,2020-10-26,293,100819
TWN,2020-10-27,206,101025
TWN,2020-10-28,198,101223
TWN,2020-10-29,569,101792
TWN,2020-10-30,156,101948
TWN,2020-10-31,93,102041
TWN,2020-11-01,116,102157
TWN,2020-11-02,352,102509
TWN,2020-11-03,288,102797
TWN,2020-11-04,325,103122
TWN,2020-11-05,272,103394
TWN,2020-11-06,394,103788
TWN,2020-11-07,114,103902
TWN,2020-11-08,118,104020
TWN,2020-11-09,320,104340
TWN,2020-11-10,292,104632
TWN,2020-11-11,287,104919
TWN,2020-11-12,380,105299
TWN,2020-11-13,204,105503
TWN,2020-11-14,98,105601
TWN,2020-11-15,102,105703
TWN,2020-11-16,382,106085
TWN,2020-11-17,215,106300
TWN,2020-11-18,287,106587
TWN,2020-11-19,429,107016
TWN,2020-11-20,199,107215
TWN,2020-11-21,210,107425
TWN,2020-11-22,126,107551
TWN,2020-11-23,341,107892
TWN,2020-11-24,342,108234
TWN,2020-11-25,329,108563
TWN,2020-11-26,425,108988
TWN,2020-11-27,638,109626
TWN,2020-11-28,479,110105
TWN,2020-11-29,241,110346
TWN,2020-11-30,337,110683
TWN,2020-12-01,363,111046
TWN,2020-12-02,184,111230
TWN,2020-12-03,898,112128
TWN,2020-12-04,283,112411
TWN,2020-12-05,146,112557
TWN,2020-12-06,137,112694
TWN,2020-12-07,242,112936
TWN,2020-12-08,291,113227
TWN,2020-12-09,300,113527
TWN,2020-12-10,434,113961
TWN,2020-12-11,780,114741
TWN,2020-12-12,423,115164
TWN,2020-12-13,216,115380
TWN,2020-12-14,847,116227
TWN,2020-12-15,801,117028
TWN,2020-12-16,757,117785
TWN,2020-12-17,790,118575
TWN,2020-12-18,577,119152
TWN,2020-12-19,240,119392
TWN,2020-12-20,183,119575
TWN,2020-12-21,760,120335
TWN,2020-12-22,800,121135
TWN,2020-12-23,670,121805
TWN,2020-12-24,728,122533
TWN,2020-12-25,759,123292
TWN,2020-12-26,324,123616
TWN,2020-12-27,365,123981
TWN,2020-12-28,1017,124998
TWN,2020-12-29,810,125808
TWN,2020-12-30,674,126482
TWN,2020-12-31,507,126989
TWN,2021-01-01,200,127189
TWN,2021-01-02,251,127440
TWN,2021-01-03,159,127599
TWN,2021-01-04,1185,128784
TWN,2021-01-05,597,129381
TWN,2021-01-06,807,130188
TWN,2021-01-07,699,130887
TWN,2021-01-08,597,131484
TWN,2021-01-09,249,131733
TWN,2021-01-10,276,132009
TWN,2021-01-11,985,132994
TWN,2021-01-12,612,133606
TWN,2021-01-13,758,134364
TWN,2021-01-14,967,135331
TWN,2021-01-15,1174,136505
TWN,2021-01-16,543,137048
TWN,2021-01-17,447,137495
TWN,2021-01-18,1518,139013
TWN,2021-01-19,949,139962
TWN,2021-01-20,1244,141206
TWN,2021-01-21,1187,142393
TWN,2021-01-22,1323,143716
TWN,2021-01-23,1007,144723
TWN,2021-01-24,593,145316
TWN,2021-01-25,1735,147051
TWN,2021-01-26,1516,148567
TWN,2021-01-27,1629,150196
TWN,2021-01-28,1601,151797
TWN,2021-01-29,1877,153674
TWN,2021-01-30,1358,155032
TWN,2021-01-31,872,155904
TWN,2021-02-01,1210,157114
TWN,2021-02-02,3243,160357
TWN,2021-02-03,1167,161524
TWN,2021-02-04,927,162451
TWN,2021-02-05,877,163328
TWN,2021-02-06,517,163845
TWN,2021-02-07,791,164636
TWN,2021-02-08,1106,165742
TWN,2021-02-09,783,166525
TWN,2021-02-10,378,166903
TWN,2021-02-11,275,167178
TWN,2021-02-12,276,167454
TWN,2021-02-13,324,167778
TWN,2021-02-14,334,168112
TWN,2021-02-15,325,168437
TWN,2021-02-16,320,168757
TWN,2021-02-17,758,169515
TWN,2021-02-18,698,170213
TWN,2021-02-19,839,171052
TWN,2021-02-20,371,171423
TWN,2021-02-21,231,171654
TWN,2021-02-22,735,172389
TWN,2021-02-23,487,172876
TWN,2021-02-24,546,173422
TWN,2021-02-25,544,173966
TWN,2021-02-26,417,174383
TWN,2021-02-27,221,174604
TWN,2021-02-28,197,174801
TWN,2021-03-01,276,175077
TWN,2021-03-02,434,175511
TWN,2021-03-03,288,175799
TWN,2021-03-04,675,176474
TWN,2021-03-05,706,177180
TWN,2021-03-06,349,177529
TWN,2021-03-07,176,177705
TWN,2021-03-08,1093,178798
TWN,2021-03-09,357,179155
TWN,2021-03-10,490,179645
TWN,2021-03-11,626,180271
TWN,2021-03-12,641,180912
TWN,2021-03-13,212,181124
TWN,2021-03-14,142,181266
TWN,2021-03-15,535,181801
TWN,2021-03-16,649,182450
TWN,2021-03-17,485,182935
TWN,2021-03-18,360,183295
TWN,2021-03-19,432,183727
TWN,2021-03-20,219,183946
TWN,2021-03-21,163,184109
TWN,2021-03-22,803,184912
TWN,2021-03-23,437,185349
TWN,2021-03-24,568,185917
TWN,2021-03-25,716,186633
TWN,2021-03-26,628,187261
TWN,2021-03-27,251,187512
TWN,2021-03-28,164,187676
TWN,2021-03-29,849,188525
TWN,2021-03-30,834,189359
TWN,2021-03-31,965,190324
TWN,2021-04-01,604,190928
TWN,2021-04-02,275,191203
TWN,2021-04-03,290,191493
TWN,2021-04-04,158,191651
TWN,2021-04-05,303,191954
TWN,2021-04-06,1159,193113
TWN,2021-04-07,658,193771
TWN,2021-04-08,669,194440
TWN,2021-04-09,846,195286
TWN,2021-04-10,230,195516
TWN,2021-04-11,159,195675
TWN,2021-04-12,755,196430
TWN,2021-04-13,538,196968
TWN,2021-04-14,597,197565
TWN,2021-04-15,526,198091
TWN,2021-04-16,548,198639
TWN,2021-04-17,139,198778
TWN,2021-04-18,128,198906
TWN,2021-04-19,719,199625
TWN,2021-04-20,525,200150
TWN,2021-04-21,836,200986
TWN,2021-04-22,670,201656
TWN,2021-04-23,831,202487
TWN,2021-04-24,543,203030
TWN,2021-04-25,614,203644
TWN,2021-04-26,1099,204743
TWN,2021-04-27,752,205495
TWN,2021-04-28,764,206259
TWN,2021-04-29,1144,207403
TWN,2021-04-30,854,208257
TWN,2021-05-01,383,208640
TWN,2021-05-02,418,209058
TWN,2021-05-03,1392,210450
TWN,2021-05-04,988,211438
TWN,2021-05-05,1094,212532
TWN,2021-05-06,1006,213538
TWN,2021-05-07,1066,214604
TWN,2021-05-08,413,215017
TWN,2021-05-09,680,215697
TWN,2021-05-10,1237,216934
TWN,2021-05-11,1218,218152
TWN,2021-05-12,2432,220584
TWN,2021-05-13,3893,224477
TWN,2021-05-14,6143,230620
TWN,2021-05-15,6496,237116
TWN,2021-05-16,8398,245514
TWN,2021-05-17,15444,260958
TWN,2021-05-18,18084,279042
TWN,2021-05-19,17525,296567
TWN,2021-05-20,17887,314454
TWN,2021-05-21,21643,336097
TWN,2021-05-22,14448,350545
TWN,2021-05-23,12834,363379
TWN,2021-05-24,22880,386259
TWN,2021-05-25,24350,410609
TWN,2021-05-26,20791,431400
TWN,2021-05-27,19751,451151
TWN,2021-05-28,28752,479903
TWN,2021-05-29,16138,496041
TWN,2021-05-30,13503,509544
TWN,2021-05-31,27398,536942
TWN,2021-06-01,30758,567700
TWN,2021-06-02,29479,597179
TWN,2021-06-03,27878,625057
TWN,2021-06-04,31184,656241
TWN,2021-06-05,18803,675044
TWN,2021-06-06,14479,689523
TWN,2021-06-07,34616,724139
TWN,2021-06-08,31969,756108
TWN,2021-06-09,33989,790097
TWN,2021-06-10,35096,825193
TWN,2021-06-11,37108,862301
TWN,2021-06-12,22238,884539
TWN,2021-06-13,16101,900640
TWN,2021-06-14,19864,920504
TWN,2021-06-15,31232,951736
TWN,2021-06-16,34199,985935
TWN,2021-06-17,37130,1023065
TWN,2021-06-18,33127,1056192
TWN,2021-06-19,18661,1074853
TWN,2021-06-20,14223,1089076
TWN,2021-06-21,32954,1122030
TWN,2021-06-22,35302,1157332
TWN,2021-06-23,33002,1190334
TWN,2021-06-24,32962,1223296
TWN,2021-06-25,30035,1253331
TWN,2021-06-26,19965,1273296
TWN,2021-06-27,14356,1287652
TWN,2021-06-28,24309,1311961
THA,2020-01-04,2,2
THA,2020-01-05,2,4
THA,2020-01-06,5,9
THA,2020-01-07,0,9
THA,2020-01-08,1,10
THA,2020-01-09,13,23
THA,2020-01-10,18,41
THA,2020-01-11,3,44
THA,2020-01-12,6,50
THA,2020-01-13,14,64
THA,2020-01-14,7,71
THA,2020-01-15,12,83
THA,2020-01-16,9,92
THA,2020-01-17,5,97
THA,2020-01-18,23,120
THA,2020-01-19,6,126
THA,2020-01-20,48,174
THA,2020-01-21,12,186
THA,2020-01-22,8,194
THA,2020-01-23,24,218
THA,2020-01-24,19,237
THA,2020-01-25,26,263
THA,2020-01-26,61,324
THA,2020-01-27,59,383
THA,2020-01-28,78,461
THA,2020-01-29,108,569
THA,2020-01-30,135,704
THA,2020-01-31,142,846
THA,2020-02-01,224,1070
THA,2020-02-02,153,1223
THA,2020-02-03,128,1351
THA,2020-02-04,235,1586
THA,2020-02-05,387,1973
THA,2020-02-06,205,2178
THA,2020-02-07,152,2330
THA,2020-02-08,104,2434
THA,2020-02-09,61,2495
THA,2020-02-10,51,2546
THA,2020-02-11,65,2611
THA,2020-02-12,116,2727
THA,2020-02-13,69,2796
THA,2020-02-14,53,2849
THA,2020-02-15,81,2930
THA,2020-02-16,33,2963
THA,2020-02-17,125,3088
THA,2020-02-18,124,3212
THA,2020-02-19,188,3400
THA,2020-02-20,193,3593
THA,2020-02-21,190,3783
THA,2020-02-22,180,3963
THA,2020-02-23,255,4218
THA,2020-02-24,351,4569
THA,2020-02-25,489,5058
THA,2020-02-26,721,5779
THA,2020-02-27,1404,7183
THA,2020-02-28,1174,8357
THA,2020-02-29,731,9088
THA,2020-03-01,621,9709
THA,2020-03-02,751,10460
THA,2020-03-03,716,11176
THA,2020-03-04,632,11808
THA,2020-03-05,671,12479
THA,2020-03-06,619,13098
THA,2020-03-07,696,13794
THA,2020-03-08,560,14354
THA,2020-03-09,807,15161
THA,2020-03-10,611,15772
THA,2020-03-11,1005,16777
THA,2020-03-12,1054,17831
THA,2020-03-13,1246,19077
THA,2020-03-14,1356,20433
THA,2020-03-15,2106,22539
THA,2020-03-16,2190,24729
THA,2020-03-17,3162,27891
THA,2020-03-18,2696,30587
THA,2020-03-19,2895,33482
THA,2020-03-20,2109,35591
THA,2020-03-21,1668,37259
THA,2020-03-22,2058,39317
THA,2020-03-23,2369,41686
THA,2020-03-24,2363,44049
THA,2020-03-25,2923,46972
THA,2020-03-26,3358,50330
THA,2020-03-27,3429,53759
THA,2020-03-28,2627,56386
THA,2020-03-29,2251,58637
THA,2020-03-30,2320,60957
THA,2020-03-31,2506,63463
THA,2020-04-01,2777,66240
THA,2020-04-02,2963,69203
THA,2020-04-03,2762,71965
THA,2020-04-04,3189,75154
THA,2020-04-05,3525,78679
THA,2020-04-06,3891,82570
THA,2020-04-07,4738,87308
THA,2020-04-08,3804,91112
THA,2020-04-09,3577,94689
THA,2020-04-10,3776,98465
THA,2020-04-11,3892,102357
THA,2020-04-12,2754,105111
THA,2020-04-13,3698,108809
THA,2020-04-14,3904,112713
THA,2020-04-15,4879,117592
THA,2020-04-16,5419,123011
THA,2020-04-17,4892,127903
THA,2020-04-18,6176,134079
THA,2020-04-19,4466,138545
THA,2020-04-20,4224,142769
THA,2020-04-21,5517,148286
THA,2020-04-22,6933,155219
THA,2020-04-23,9222,164441
THA,2020-04-24,6527,170968
THA,2020-04-25,5619,176587
THA,2020-04-26,5836,182423
THA,2020-04-27,8072,190495
THA,2020-04-28,9765,200260
THA,2020-04-29,8772,209032
THA,2020-04-30,11423,220455
THA,2020-05-01,7530,227985
THA,2020-05-02,9243,237228
THA,2020-05-03,6085,243313
THA,2020-05-04,6511,249824
THA,2020-05-05,7326,257150
THA,2020-05-06,6191,263341
THA,2020-05-07,7667,271008
THA,2020-05-08,7916,278924
THA,2020-05-09,6194,285118
THA,2020-05-10,5576,290694
THA,2020-05-11,5759,296453
THA,2020-05-12,6785,303238
THA,2020-05-13,7440,310678
THA,2020-05-14,7010,317688
THA,2020-05-15,8075,325763
THA,2020-05-16,6491,332254
THA,2020-05-17,4043,336297
THA,2020-05-18,6761,343058
THA,2020-05-19,7656,350714
THA,2020-05-20,8534,359248
THA,2020-05-21,8627,367875
THA,2020-05-22,7736,375611
THA,2020-05-23,7914,383525
THA,2020-05-24,4298,387823
THA,2020-05-25,8194,396017
THA,2020-05-26,9193,405210
THA,2020-05-27,10021,415231
THA,2020-05-28,9181,424412
THA,2020-05-29,8759,433171
THA,2020-05-30,7758,440929
THA,2020-05-31,4797,445726
THA,2020-06-01,8103,453829
THA,2020-06-02,10293,464122
THA,2020-06-03,6696,470818
THA,2020-06-04,10029,480847
THA,2020-06-05,8963,489810
THA,2020-06-06,5259,495069
THA,2020-06-07,5081,500150
THA,2020-06-08,8670,508820
THA,2020-06-09,10526,519346
THA,2020-06-10,7940,527286
THA,2020-06-11,10366,537652
THA,2020-06-12,8818,546470
THA,2020-06-13,5626,552096
THA,2020-06-14,4798,556894
THA,2020-06-15,7963,564857
THA,2020-06-16,8936,573793
THA,2020-06-17,8002,581795
THA,2020-06-18,8137,589932
THA,2020-06-19,6891,596823
THA,2020-06-20,3943,600766
THA,2020-06-21,3605,604371
THA,2020-06-22,6205,610576
THA,2020-06-23,5779,616355
THA,2020-06-24,5263,621618
THA,2020-06-25,6671,628289
THA,2020-06-26,4320,632609
THA,2020-06-27,3543,636152
THA,2020-06-28,2547,638699
THA,2020-06-29,6437,645136
THA,2020-06-30,5259,650395
THA,2020-07-01,4380,654775
THA,2020-07-02,4645,659420
THA,2020-07-03,4255,663675
THA,2020-07-04,2406,666081
THA,2020-07-05,2529,668610
THA,2020-07-06,3114,671724
THA,2020-07-07,3000,674724
THA,2020-07-08,3515,678239
THA,2020-07-09,4335,682574
THA,2020-07-10,5076,687650
THA,2020-07-11,3317,690967
THA,2020-07-12,2813,693780
THA,2020-07-13,4121,697901
THA,2020-07-14,6127,704028
THA,2020-07-15,5387,709415
THA,2020-07-16,8355,717770
THA,2020-07-17,6028,723798
THA,2020-07-18,4881,728679
THA,2020-07-19,3320,731999
THA,2020-07-20,4730,736729
THA,2020-07-21,4473,741202
THA,2020-07-22,6655,747857
THA,2020-07-23,5778,753635
THA,2020-07-24,5772,759407
THA,2020-07-25,3897,763304
THA,2020-07-26,2962,766266
THA,2020-07-27,4326,770592
THA,2020-07-28,4624,775216
THA,2020-07-29,5658,780874
THA,2020-07-30,6915,787789
THA,2020-07-31,5029,792818
THA,2020-08-01,3681,796499
THA,2020-08-02,3186,799685
THA,2020-08-03,3701,803386
THA,2020-08-04,3955,807341
THA,2020-08-05,4594,811935
THA,2020-08-06,3986,815921
THA,2020-08-07,4533,820454
THA,2020-08-08,4379,824833
THA,2020-08-09,3552,828385
THA,2020-08-10,3556,831941
THA,2020-08-11,4136,836077
THA,2020-08-12,4003,840080
THA,2020-08-13,4034,844114
THA,2020-08-14,3244,847358
THA,2020-08-15,3356,850714
THA,2020-08-16,3072,853786
THA,2020-08-17,4262,858048
THA,2020-08-18,4200,862248
THA,2020-08-19,6208,868456
THA,2020-08-20,5473,873929
THA,2020-08-21,4297,878226
THA,2020-08-22,3568,881794
THA,2020-08-23,2666,884460
THA,2020-08-24,5347,889807
THA,2020-08-25,3688,893495
THA,2020-08-26,5209,898704
THA,2020-08-27,4866,903570
THA,2020-08-28,4755,908325
THA,2020-08-29,3563,911888
THA,2020-08-30,3684,915572
THA,2020-08-31,4988,920560
THA,2020-09-01,4220,924780
THA,2020-09-02,3821,928601
THA,2020-09-03,4689,933290
THA,2020-09-04,4562,937852
THA,2020-09-05,2903,940755
THA,2020-09-06,3463,944218
THA,2020-09-07,4737,948955
THA,2020-09-08,6175,955130
THA,2020-09-09,5368,960498
THA,2020-09-10,4987,965485
THA,2020-09-11,5010,970495
THA,2020-09-12,5008,975503
THA,2020-09-13,2985,978488
THA,2020-09-14,4389,982877
THA,2020-09-15,4100,986977
THA,2020-09-16,4235,991212
THA,2020-09-17,4035,995247
THA,2020-09-18,4368,999615
THA,2020-09-19,3004,1002619
THA,2020-09-20,3137,1005756
THA,2020-09-21,5208,1010964
THA,2020-09-22,5520,1016484
THA,2020-09-23,4601,1021085
THA,2020-09-24,4679,1025764
THA,2020-09-25,4490,1030254
THA,2020-09-26,4101,1034355
THA,2020-09-27,3767,1038122
THA,2020-09-28,4895,1043017
THA,2020-09-29,5364,1048381
THA,2020-09-30,4990,1053371
THA,2020-10-01,4342,1057713
THA,2020-10-02,4097,1061810
THA,2020-10-03,3336,1065146
THA,2020-10-04,3950,1069096
THA,2020-10-05,4155,1073251
THA,2020-10-06,3876,1077127
THA,2020-10-07,4275,1081402
THA,2020-10-08,4588,1085990
THA,2020-10-09,5881,1091871
THA,2020-10-10,4596,1096467
THA,2020-10-11,3363,1099830
THA,2020-10-12,5058,1104888
THA,2020-10-13,4570,1109458
THA,2020-10-14,4993,1114451
THA,2020-10-15,4772,1119223
THA,2020-10-16,5038,1124261
THA,2020-10-17,3580,1127841
THA,2020-10-18,3909,1131750
THA,2020-10-19,4974,1136724
THA,2020-10-20,6837,1143561
THA,2020-10-21,5038,1148599
THA,2020-10-22,4955,1153554
THA,2020-10-23,4280,1157834
THA,2020-10-24,4050,1161884
THA,2020-10-25,3171,1165055
THA,2020-10-26,4903,1169958
THA,2020-10-27,5133,1175091
THA,2020-10-28,4250,1179341
THA,2020-10-29,4543,1183884
THA,2020-10-30,3905,1187789
THA,2020-10-31,3517,1191306
THA,2020-11-01,2985,1194291
THA,2020-11-02,4148,1198439
THA,2020-11-03,5234,1203673
THA,2020-11-04,4549,1208222
THA,2020-11-05,4341,1212563
THA,2020-11-06,3176,1215739
THA,2020-11-07,3838,1219577
THA,2020-11-08,2815,1222392
THA,2020-11-09,3583,1225975
THA,2020-11-10,4664,1230639
THA,2020-11-11,4669,1235308
THA,2020-11-12,4085,1239393
THA,2020-11-13,3465,1242858
THA,2020-11-14,3453,1246311
THA,2020-11-15,2544,1248855
THA,2020-11-16,3053,1251908
THA,2020-11-17,4224,1256132
THA,2020-11-18,4480,1260612
THA,2020-11-19,2591,1263203
THA,2020-11-20,2613,1265816
THA,2020-11-21,2414,1268230
THA,2020-11-22,2438,1270668
THA,2020-11-23,3679,1274347
THA,2020-11-24,4115,1278462
THA,2020-11-25,4433,1282895
THA,2020-11-26,3434,1286329
THA,2020-11-27,4111,1290440
THA,2020-11-28,3215,1293655
THA,2020-11-29,3362,1297017
THA,2020-11-30,4505,1301522
THA,2020-12-01,5242,1306764
THA,2020-12-02,5300,1312064
THA,2020-12-03,5353,1317417
THA,2020-12-04,5783,1323200
THA,2020-12-05,5300,1328500
THA,2020-12-06,4584,1333084
THA,2020-12-07,5697,1338781
THA,2020-12-08,7297,1346078
THA,2020-12-09,7678,1353756
THA,2020-12-10,5765,1359521
THA,2020-12-11,4660,1364181
THA,2020-12-12,4044,1368225
THA,2020-12-13,3738,1371963
THA,2020-12-14,5079,1377042
THA,2020-12-15,6174,1383216
THA,2020-12-16,6780,1389996
THA,2020-12-17,5385,1395381
THA,2020-12-18,5340,1400721
THA,2020-12-19,5317,1406038
THA,2020-12-20,7510,1413548
THA,2020-12-21,17733,1431281
THA,2020-12-22,20137,1451418
THA,2020-12-23,25205,1476623
THA,2020-12-24,25319,1501942
THA,2020-12-25,21332,1523274
THA,2020-12-26,18883,1542157
THA,2020-12-27,13459,1555616
THA,2020-12-28,21084,1576700
THA,2020-12-29,20364,1597064
THA,2020-12-30,23370,1620434
THA,2020-12-31,13734,1634168
THA,2021-01-01,9779,1643947
THA,2021-01-02,11267,1655214
THA,2021-01-03,14192,1669406
THA,2021-01-04,23347,1692753
THA,2021-01-05,31425,1724178
THA,2021-01-06,33810,1757988
THA,2021-01-07,32641,1790629
THA,2021-01-08,35304,1825933
THA,2021-01-09,27916,1853849
THA,2021-01-10,17829,1871678
THA,2021-01-11,36098,1907776
THA,2021-01-12,29228,1937004
THA,2021-01-13,27749,1964753
THA,2021-01-14,31615,1996368
THA,2021-01-15,29315,2025683
THA,2021-01-16,21176,2046859
THA,2021-01-17,13891,2060750
THA,2021-01-18,19737,2080487
THA,2021-01-19,28470,2108957
THA,2021-01-20,24951,2133908
THA,2021-01-21,24937,2158845
THA,2021-01-22,27128,2185973
THA,2021-01-23,18171,2204144
THA,2021-01-24,10182,2214326
THA,2021-01-25,17462,2231788
THA,2021-01-26,24097,2255885
THA,2021-01-27,25215,2281100
THA,2021-01-28,22839,2303939
THA,2021-01-29,20112,2324051
THA,2021-01-30,21634,2345685
THA,2021-01-31,14738,2360423
THA,2021-02-01,17360,2377783
THA,2021-02-02,20603,2398386
THA,2021-02-03,21226,2419612
THA,2021-02-04,21260,2440872
THA,2021-02-05,18727,2459599
THA,2021-02-06,16725,2476324
THA,2021-02-07,9822,2486146
THA,2021-02-08,13144,2499290
THA,2021-02-09,16518,2515808
THA,2021-02-10,17535,2533343
THA,2021-02-11,17280,2550623
THA,2021-02-12,13501,2564124
THA,2021-02-13,7299,2571423
THA,2021-02-14,7241,2578664
THA,2021-02-15,12679,2591343
THA,2021-02-16,16669,2608012
THA,2021-02-17,16423,2624435
THA,2021-02-18,17121,2641556
THA,2021-02-19,18920,2660476
THA,2021-02-20,10277,2670753
THA,2021-02-21,11022,2681775
THA,2021-02-22,17541,2699316
THA,2021-02-23,20627,2719943
THA,2021-02-24,23919,2743862
THA,2021-02-25,19315,2763177
THA,2021-02-26,14077,2777254
THA,2021-02-27,9457,2786711
THA,2021-02-28,6041,2792752
THA,2021-03-01,12993,2805745
THA,2021-03-02,18111,2823856
THA,2021-03-03,17366,2841222
THA,2021-03-04,18576,2859798
THA,2021-03-05,15761,2875559
THA,2021-03-06,11063,2886622
THA,2021-03-07,8254,2894876
THA,2021-03-08,12445,2907321
THA,2021-03-09,16501,2923822
THA,2021-03-10,17383,2941205
THA,2021-03-11,15521,2956726
THA,2021-03-12,15044,2971770
THA,2021-03-13,11303,2983073
THA,2021-03-14,8484,2991557
THA,2021-03-15,17095,3008652
THA,2021-03-16,20141,3028793
THA,2021-03-17,18726,3047519
THA,2021-03-18,19697,3067216
THA,2021-03-19,18317,3085533
THA,2021-03-20,16202,3101735
THA,2021-03-21,11474,3113209
THA,2021-03-22,19887,3133096
THA,2021-03-23,20802,3153898
THA,2021-03-24,23231,3177129
THA,2021-03-25,17915,3195044
THA,2021-03-26,16790,3211834
THA,2021-03-27,12317,3224151
THA,2021-03-28,8253,3232404
THA,2021-03-29,16748,3249152
THA,2021-03-30,16443,3265595
THA,2021-03-31,18094,3283689
THA,2021-04-01,18156,3301845
THA,2021-04-02,16259,3318104
THA,2021-04-03,15951,3334055
THA,2021-04-04,9583,3343638
THA,2021-04-05,19926,3363564
THA,2021-04-06,23626,3387190
THA,2021-04-07,33732,3420922
THA,2021-04-08,39209,3460131
THA,2021-04-09,45099,3505230
THA,2021-04-10,44640,3549870
THA,2021-04-11,36082,3585952
THA,2021-04-12,49776,3635728
THA,2021-04-13,48220,3683948
THA,2021-04-14,45238,3729186
THA,2021-04-15,48021,3777207
THA,2021-04-16,52644,3829851
THA,2021-04-17,55365,3885216
THA,2021-04-18,56582,3941798
THA,2021-04-19,62560,4004358
THA,2021-04-20,73316,4077674
THA,2021-04-21,72516,4150190
THA,2021-04-22,71529,4221719
THA,2021-04-23,69999,4291718
THA,2021-04-24,60262,4351980
THA,2021-04-25,60236,4412216
THA,2021-04-26,63318,4475534
THA,2021-04-27,70449,4545983
THA,2021-04-28,69806,4615789
THA,2021-04-29,71250,4687039
THA,2021-04-30,68654,4755693
THA,2021-05-01,57946,4813639
THA,2021-05-02,47787,4861426
THA,2021-05-03,49558,4910984
THA,2021-05-04,58761,4969745
THA,2021-05-05,62287,5032032
THA,2021-05-06,69748,5101780
THA,2021-05-07,74866,5176646
THA,2021-05-08,59179,5235825
THA,2021-05-09,57449,5293274
THA,2021-05-10,52028,5345302
THA,2021-05-11,68188,5413490
THA,2021-05-12,72132,5485622
THA,2021-05-13,67738,5553360
THA,2021-05-14,67248,5620608
THA,2021-05-15,52288,5672896
THA,2021-05-16,56598,5729494
THA,2021-05-17,54602,5784096
THA,2021-05-18,67843,5851939
THA,2021-05-19,70541,5922480
THA,2021-05-20,71500,5993980
THA,2021-05-21,75866,6069846
THA,2021-05-22,59202,6129048
THA,2021-05-23,56191,6185239
THA,2021-05-24,55982,6241221
THA,2021-05-25,82290,6323511
THA,2021-05-26,66767,6390278
THA,2021-05-27,73756,6464034
THA,2021-05-28,75041,6539075
THA,2021-05-29,59695,6598770
THA,2021-05-30,58609,6657379
THA,2021-05-31,55774,6713153
THA,2021-06-01,73725,6786878
THA,2021-06-02,63355,6850233
THA,2021-06-03,59196,6909429
THA,2021-06-04,54968,6964397
THA,2021-06-05,52402,7016799
THA,2021-06-06,45812,7062611
THA,2021-06-07,47744,7110355
THA,2021-06-08,56040,7166395
THA,2021-06-09,66650,7233045
THA,2021-06-10,58745,7291790
THA,2021-06-11,63211,7355001
THA,2021-06-12,50989,7405990
THA,2021-06-13,52880,7458870
THA,2021-06-14,51240,7510110
THA,2021-06-15,66332,7576442
THA,2021-06-16,64306,7640748
THA,2021-06-17,68380,7709128
THA,2021-06-18,63296,7772424
THA,2021-06-19,61372,7833796
TLS,2021-06-29,0,0
TGO,2020-03-04,2,2
TGO,2020-03-05,2,4
TGO,2020-03-06,0,4
TGO,2020-03-07,1,5
TGO,2020-03-08,0,5
TGO,2020-03-09,4,9
TGO,2020-03-10,4,13
TGO,2020-03-11,0,13
TGO,2020-03-12,4,17
TGO,2020-03-13,0,17
TGO,2020-03-14,2,19
TGO,2020-03-15,0,19
TGO,2020-03-16,3,22
TGO,2020-03-17,12,34
TGO,2020-03-18,20,54
TGO,2020-03-19,30,84
TGO,2020-03-20,21,105
TGO,2020-03-21,25,130
TGO,2020-03-22,15,145
TGO,2020-03-23,30,175
TGO,2020-03-24,33,208
TGO,2020-03-25,40,248
TGO,2020-03-26,42,290
TGO,2020-03-27,29,319
TGO,2020-03-28,43,362
TGO,2020-03-29,48,410
TGO,2020-03-30,72,482
TGO,2020-03-31,91,573
TGO,2020-04-01,57,630
TGO,2020-04-02,94,724
TGO,2020-04-03,294,1018
TGO,2020-04-04,149,1167
TGO,2020-04-05,167,1334
TGO,2020-04-06,150,1484
TGO,2020-04-07,150,1634
TGO,2020-04-08,130,1764
TGO,2020-04-09,130,1894
TGO,2020-04-10,192,2086
TGO,2020-04-11,164,2250
TGO,2020-04-12,299,2549
TGO,2020-04-13,207,2756
TGO,2020-04-14,67,2823
TGO,2020-04-15,230,3053
TGO,2020-04-16,582,3635
TGO,2020-04-17,308,3943
TGO,2020-04-18,265,4208
TGO,2020-04-19,104,4312
TGO,2020-04-20,86,4398
TGO,2020-04-21,219,4617
TGO,2020-04-22,133,4750
TGO,2020-04-23,290,5040
TGO,2020-04-24,222,5262
TGO,2020-04-25,339,5601
TGO,2020-04-26,367,5968
TGO,2020-04-27,190,6158
TGO,2020-04-28,93,6251
TGO,2020-04-29,441,6692
TGO,2020-04-30,207,6899
TGO,2020-05-01,218,7117
TGO,2020-05-02,0,7117
TGO,2020-05-03,325,7442
TGO,2020-05-04,466,7908
TGO,2020-05-05,471,8379
TGO,2020-05-06,473,8852
TGO,2020-05-07,432,9284
TGO,2020-05-08,390,9674
TGO,2020-05-09,437,10111
TGO,2020-05-10,283,10394
TGO,2020-05-11,184,10578
TGO,2020-05-12,480,11058
TGO,2020-05-13,333,11391
TGO,2020-05-14,422,11813
TGO,2020-05-15,244,12057
TGO,2020-05-16,470,12527
TGO,2020-05-17,103,12630
TGO,2020-05-18,839,13469
TGO,2020-05-19,373,13842
TGO,2020-05-20,371,14213
TGO,2020-05-21,571,14784
TGO,2020-05-22,390,15174
TGO,2020-05-23,830,16004
TGO,2020-05-24,760,16764
TGO,2020-05-25,302,17066
TGO,2020-05-26,452,17518
TGO,2020-05-27,528,18046
TGO,2020-05-28,667,18713
TGO,2020-05-29,466,19179
TGO,2020-05-30,543,19722
TGO,2020-05-31,374,20096
TGO,2020-06-01,421,20517
TGO,2020-06-02,448,20965
TGO,2020-06-03,567,21532
TGO,2020-06-04,297,21829
TGO,2020-06-05,344,22173
TGO,2020-06-06,271,22444
TGO,2020-06-07,591,23035
TGO,2020-06-08,237,23272
TGO,2020-06-09,246,23518
TGO,2020-06-10,487,24005
TGO,2020-06-11,370,24375
TGO,2020-06-12,444,24819
TGO,2020-06-13,599,25418
TGO,2020-06-14,125,25543
TGO,2020-06-15,63,25606
TGO,2020-06-16,431,26037
TGO,2020-06-17,424,26461
TGO,2020-06-18,315,26776
TGO,2020-06-19,579,27355
TGO,2020-06-20,486,27841
TGO,2020-06-21,162,28003
TGO,2020-06-22,79,28082
TGO,2020-06-23,444,28526
TGO,2020-06-24,178,28704
TGO,2020-06-25,224,28928
TGO,2020-06-26,436,29364
TGO,2020-06-27,535,29899
TGO,2020-06-28,434,30333
TGO,2020-06-29,41,30374
TGO,2020-06-30,407,30781
TGO,2020-07-01,510,31291
TGO,2020-07-02,710,32001
TGO,2020-07-03,283,32284
TGO,2020-07-04,491,32775
TGO,2020-07-05,141,32916
TGO,2020-07-06,51,32967
TGO,2020-07-07,382,33349
TGO,2020-07-08,261,33610
TGO,2020-07-09,508,34118
TGO,2020-07-10,509,34627
TGO,2020-07-11,546,35173
TGO,2020-07-12,301,35474
TGO,2020-07-13,384,35858
TGO,2020-07-14,436,36294
TGO,2020-07-15,429,36723
TGO,2020-07-16,379,37102
TGO,2020-07-17,302,37404
TGO,2020-07-18,340,37744
TGO,2020-07-19,319,38063
TGO,2020-07-20,103,38166
TGO,2020-07-21,301,38467
TGO,2020-07-22,325,38792
TGO,2020-07-23,581,39373
TGO,2020-07-24,456,39829
TGO,2020-07-25,577,40406
TGO,2020-07-26,374,40780
TGO,2020-07-27,93,40873
TGO,2020-07-28,389,41262
TGO,2020-07-29,412,41674
TGO,2020-07-30,385,42059
TGO,2020-07-31,474,42533
TGO,2020-08-01,410,42943
TGO,2020-08-02,418,43361
TGO,2020-08-03,364,43725
TGO,2020-08-04,829,44554
TGO,2020-08-05,415,44969
TGO,2020-08-06,815,45784
TGO,2020-08-07,646,46430
TGO,2020-08-08,1062,47492
TGO,2020-08-09,583,48075
TGO,2020-08-10,373,48448
TGO,2020-08-11,959,49407
TGO,2020-08-12,828,50235
TGO,2020-08-13,666,50901
TGO,2020-08-14,639,51540
TGO,2020-08-15,763,52303
TGO,2020-08-16,731,53034
TGO,2020-08-17,458,53492
TGO,2020-08-18,769,54261
TGO,2020-08-19,862,55123
TGO,2020-08-20,635,55758
TGO,2020-08-21,686,56444
TGO,2020-08-22,967,57411
TGO,2020-08-23,656,58067
TGO,2020-08-24,1129,59196
TGO,2020-08-25,1164,60360
TGO,2020-08-26,770,61130
TGO,2020-08-27,1008,62138
TGO,2020-08-28,992,63130
TGO,2020-08-29,979,64109
TGO,2020-08-30,587,64696
TGO,2020-08-31,501,65197
TGO,2020-09-01,961,66158
TGO,2020-09-02,938,67096
TGO,2020-09-03,705,67801
TGO,2020-09-04,796,68597
TGO,2020-09-05,1253,69850
TGO,2020-09-06,727,70577
TGO,2020-09-07,582,71159
TGO,2020-09-08,1412,72571
TGO,2020-09-09,1001,73572
TGO,2020-09-10,940,74512
TGO,2020-09-11,984,75496
TGO,2020-09-12,1155,76651
TGO,2020-09-13,578,77229
TGO,2020-09-14,538,77767
TGO,2020-09-15,884,78651
TGO,2020-09-16,1001,79652
TGO,2020-09-17,887,80539
TGO,2020-09-18,992,81531
TGO,2020-09-19,1097,82628
TGO,2020-09-20,502,83130
TGO,2020-09-21,515,83645
TGO,2020-09-22,995,84640
TGO,2020-09-23,799,85439
TGO,2020-09-24,790,86229
TGO,2020-09-25,946,87175
TGO,2020-09-26,1216,88391
TGO,2020-09-27,685,89076
TGO,2020-09-28,456,89532
TGO,2020-09-29,987,90519
TGO,2020-09-30,1066,91585
TGO,2020-10-01,898,92483
TGO,2020-10-02,1818,94301
TGO,2020-10-03,1151,95452
TGO,2020-10-04,665,96117
TGO,2020-10-05,548,96665
TGO,2020-10-06,1039,97704
TGO,2020-10-07,938,98642
TGO,2020-10-08,753,99395
TGO,2020-10-09,966,100361
TGO,2020-10-10,1189,101550
TGO,2020-10-11,543,102093
TGO,2020-10-12,494,102587
TGO,2020-10-13,1117,103704
TGO,2020-10-14,829,104533
TGO,2020-10-15,764,105297
TGO,2020-10-16,937,106234
TGO,2020-10-17,1273,107507
TGO,2020-10-18,692,108199
TGO,2020-10-19,564,108763
TGO,2020-10-20,1427,110190
TGO,2020-10-21,772,110962
TGO,2020-10-22,1008,111970
TGO,2020-10-23,738,112708
TGO,2020-10-24,1119,113827
TGO,2020-10-25,635,114462
TGO,2020-10-26,453,114915
TGO,2020-10-27,1051,115966
TGO,2020-10-28,872,116838
TGO,2020-10-29,1281,118119
TGO,2020-10-30,1174,119293
TGO,2020-10-31,1697,120990
TGO,2020-11-01,915,121905
TGO,2020-11-02,535,122440
TGO,2020-11-03,1581,124021
TGO,2020-11-04,1245,125266
TGO,2020-11-05,886,126152
TGO,2020-11-06,717,126869
TGO,2020-11-07,1056,127925
TGO,2020-11-08,849,128774
TGO,2020-11-09,547,129321
TGO,2020-11-10,1515,130836
TGO,2020-11-11,864,131700
TGO,2020-11-12,730,132430
TGO,2020-11-13,1110,133540
TGO,2020-11-14,1265,134805
TGO,2020-11-15,954,135759
TGO,2020-11-16,795,136554
TGO,2020-11-17,1368,137922
TGO,2020-11-18,892,138814
TGO,2020-11-19,1192,140006
TGO,2020-11-20,916,140922
TGO,2020-11-21,1335,142257
TGO,2020-11-22,628,142885
TGO,2020-11-23,604,143489
TGO,2020-11-24,965,144454
TGO,2020-11-25,1256,145710
TGO,2020-11-26,736,146446
TGO,2020-11-27,1023,147469
TGO,2020-11-28,1032,148501
TGO,2020-11-29,668,149169
TGO,2020-11-30,969,150138
TGO,2020-12-01,1347,151485
TGO,2020-12-02,863,152348
TGO,2020-12-03,729,153077
TGO,2020-12-04,987,154064
TGO,2020-12-05,1156,155220
TGO,2020-12-06,671,155891
TGO,2020-12-07,595,156486
TGO,2020-12-08,1122,157608
TGO,2020-12-09,741,158349
TGO,2020-12-10,918,159267
TGO,2020-12-11,818,160085
TGO,2020-12-12,1304,161389
TGO,2020-12-13,651,162040
TGO,2020-12-14,648,162688
TGO,2020-12-15,1392,164080
TGO,2020-12-16,743,164823
TGO,2020-12-17,988,165811
TGO,2020-12-18,1074,166885
TGO,2020-12-19,1284,168169
TGO,2020-12-20,672,168841
TGO,2020-12-21,789,169630
TGO,2020-12-22,1269,170899
TGO,2020-12-23,896,171795
TGO,2020-12-24,1147,172942
TGO,2020-12-25,1219,174161
TGO,2020-12-26,756,174917
TGO,2020-12-27,596,175513
TGO,2020-12-28,765,176278
TGO,2020-12-29,1284,177562
TGO,2020-12-30,768,178330
TGO,2020-12-31,841,179171
TGO,2021-01-01,1405,180576
TGO,2021-01-02,509,181085
TGO,2021-01-03,700,181785
TGO,2021-01-04,667,182452
TGO,2021-01-05,1232,183684
TGO,2021-01-06,921,184605
TGO,2021-01-07,927,185532
TGO,2021-01-08,1040,186572
TGO,2021-01-09,1258,187830
TGO,2021-01-10,555,188385
TGO,2021-01-11,666,189051
TGO,2021-01-12,1280,190331
TGO,2021-01-13,766,191097
TGO,2021-01-14,1150,192247
TGO,2021-01-15,1062,193309
TGO,2021-01-16,1044,194353
TGO,2021-01-17,801,195154
TGO,2021-01-18,486,195640
TGO,2021-01-19,1229,196869
TGO,2021-01-20,882,197751
TGO,2021-01-21,1045,198796
TGO,2021-01-22,671,199467
TGO,2021-01-23,1428,200895
TGO,2021-01-24,671,201566
TGO,2021-01-25,541,202107
TGO,2021-01-26,1227,203334
TGO,2021-01-27,1077,204411
TGO,2021-01-28,912,205323
TGO,2021-01-29,943,206266
TGO,2021-01-30,1412,207678
TGO,2021-01-31,672,208350
TGO,2021-02-01,541,208891
TGO,2021-02-02,1242,210133
TGO,2021-02-03,789,210922
TGO,2021-02-04,1021,211943
TGO,2021-02-05,949,212892
TGO,2021-02-06,1413,214305
TGO,2021-02-07,836,215141
TGO,2021-02-08,381,215522
TGO,2021-02-09,1214,216736
TGO,2021-02-10,666,217402
TGO,2021-02-11,1004,218406
TGO,2021-02-12,1048,219454
TGO,2021-02-13,1592,221046
TGO,2021-02-14,834,221880
TGO,2021-02-15,482,222362
TGO,2021-02-16,1317,223679
TGO,2021-02-17,848,224527
TGO,2021-02-18,1084,225611
TGO,2021-02-19,1340,226951
TGO,2021-02-20,1319,228270
TGO,2021-02-21,922,229192
TGO,2021-02-22,560,229752
TGO,2021-02-23,1559,231311
TGO,2021-02-24,975,232286
TGO,2021-02-25,1500,233786
TGO,2021-02-26,1418,235204
TGO,2021-02-27,1665,236869
TGO,2021-02-28,833,237702
TGO,2021-03-01,660,238362
TGO,2021-03-02,1533,239895
TGO,2021-03-03,1072,240967
TGO,2021-03-04,1668,242635
TGO,2021-03-05,1351,243986
TGO,2021-03-06,1511,245497
TGO,2021-03-07,995,246492
TGO,2021-03-08,616,247108
TGO,2021-03-09,1400,248508
TGO,2021-03-10,984,249492
TGO,2021-03-11,1242,250734
TGO,2021-03-12,1177,251911
TGO,2021-03-13,1458,253369
TGO,2021-03-14,1060,254429
TGO,2021-03-15,538,254967
TGO,2021-03-16,1434,256401
TGO,2021-03-17,1230,257631
TGO,2021-03-18,1263,258894
TGO,2021-03-19,1265,260159
TGO,2021-03-20,1605,261764
TGO,2021-03-21,872,262636
TGO,2021-03-22,705,263341
TGO,2021-03-23,1531,264872
TGO,2021-03-24,1467,266339
TGO,2021-03-25,1332,267671
TGO,2021-03-26,1531,269202
TGO,2021-03-27,151,269353
TGO,2021-03-28,976,270329
TGO,2021-03-29,664,270993
TGO,2021-03-30,1913,272906
TGO,2021-03-31,1903,274809
TGO,2021-04-01,1377,276186
TGO,2021-04-02,1912,278098
TGO,2021-04-03,2132,280230
TGO,2021-04-04,1286,281516
TGO,2021-04-05,930,282446
TGO,2021-04-06,664,283110
TGO,2021-04-07,1840,284950
TGO,2021-04-08,1592,286542
TGO,2021-04-09,1687,288229
TGO,2021-04-10,2103,290332
TGO,2021-04-11,923,291255
TGO,2021-04-12,663,291918
TGO,2021-04-13,1326,293244
TGO,2021-04-14,1130,294374
TGO,2021-04-15,1418,295792
TGO,2021-04-16,1478,297270
TGO,2021-04-17,1595,298865
TGO,2021-04-18,924,299789
TGO,2021-04-19,633,300422
TGO,2021-04-20,959,301381
TGO,2021-04-21,848,302229
TGO,2021-04-22,1002,303231
TGO,2021-04-23,929,304160
TGO,2021-04-24,1077,305237
TGO,2021-04-25,835,306072
TGO,2021-04-26,597,306669
TGO,2021-04-27,993,307662
TGO,2021-04-28,503,308165
TGO,2021-04-29,925,309090
TGO,2021-04-30,1030,310120
TGO,2021-05-01,1027,311147
TGO,2021-05-02,672,311819
TGO,2021-05-03,597,312416
TGO,2021-05-04,534,312950
TGO,2021-05-05,799,313749
TGO,2021-05-06,913,314662
TGO,2021-05-07,986,315648
TGO,2021-05-08,1227,316875
TGO,2021-05-09,749,317624
TGO,2021-05-10,548,318172
TGO,2021-05-11,837,319009
TGO,2021-05-12,652,319661
TGO,2021-05-13,794,320455
TGO,2021-05-14,672,321127
TGO,2021-05-15,958,322085
TGO,2021-05-16,739,322824
TGO,2021-05-17,539,323363
TGO,2021-05-18,720,324083
TGO,2021-05-19,678,324761
TGO,2021-05-20,1033,325794
TGO,2021-05-21,856,326650
TGO,2021-05-22,852,327502
TGO,2021-05-23,752,328254
TGO,2021-05-24,602,328856
TGO,2021-05-25,613,329469
TGO,2021-05-26,690,330159
TGO,2021-05-27,868,331027
TGO,2021-05-28,1059,332086
TGO,2021-05-29,1087,333173
TGO,2021-05-30,752,333925
TGO,2021-05-31,668,334593
TGO,2021-06-01,857,335450
TGO,2021-06-02,744,336194
TGO,2021-06-03,873,337067
TGO,2021-06-04,983,338050
TGO,2021-06-05,1184,339234
TGO,2021-06-06,799,340033
TGO,2021-06-07,718,340751
TGO,2021-06-08,830,341581
TGO,2021-06-09,702,342283
TGO,2021-06-10,803,343086
TGO,2021-06-11,885,343971
TGO,2021-06-12,1191,345162
TGO,2021-06-13,847,346009
TGO,2021-06-14,693,346702
TGO,2021-06-15,961,347663
TGO,2021-06-16,862,348525
TGO,2021-06-17,697,349222
TGO,2021-06-18,951,350173
TGO,2021-06-19,1316,351489
TGO,2021-06-20,927,352416
TGO,2021-06-21,902,353318
TGO,2021-06-22,788,354106
TGO,2021-06-23,1110,355216
TGO,2021-06-24,970,356186
TTO,2020-05-05,0,0
TTO,2020-05-06,49,49
TTO,2020-05-07,40,89
TTO,2020-05-08,74,163
TTO,2020-05-09,35,198
TTO,2020-05-10,35,233
TTO,2020-05-11,5,238
TTO,2020-05-12,45,283
TTO,2020-05-13,55,338
TTO,2020-05-14,29,367
TTO,2020-05-15,65,432
TTO,2020-05-16,70,502
TTO,2020-05-17,23,525
TTO,2020-05-18,12,537
TTO,2020-05-19,38,575
TTO,2020-05-20,54,629
TTO,2020-05-21,18,647
TTO,2020-05-22,39,686
TTO,2020-05-23,64,750
TTO,2020-05-24,6,756
TTO,2020-05-25,24,780
TTO,2020-05-26,57,837
TTO,2020-05-27,59,896
TTO,2020-05-28,43,939
TTO,2020-05-29,3,942
TTO,2020-05-30,16,958
TTO,2020-05-31,18,976
TTO,2020-06-01,6,982
TTO,2020-06-02,25,1007
TTO,2020-06-03,31,1038
TTO,2020-06-04,27,1065
TTO,2020-06-05,71,1136
TTO,2020-06-06,5,1141
TTO,2020-06-07,5,1146
TTO,2020-06-08,22,1168
TTO,2020-06-09,22,1190
TTO,2020-06-10,29,1219
TTO,2020-06-11,29,1248
TTO,2020-06-12,13,1261
TTO,2020-06-13,342,1603
TTO,2020-06-14,49,1652
TTO,2020-06-15,2,1654
TTO,2020-06-16,132,1786
TTO,2020-06-17,91,1877
TTO,2020-06-18,21,1898
TTO,2020-06-19,84,1982
TTO,2020-06-20,17,1999
TTO,2020-06-21,4,2003
TTO,2020-06-22,23,2026
TTO,2020-06-23,24,2050
TTO,2020-06-24,45,2095
TTO,2020-06-25,22,2117
TTO,2020-06-26,9,2126
TTO,2020-06-27,18,2144
TTO,2020-06-28,51,2195
TTO,2020-06-29,57,2252
TTO,2020-06-30,1,2253
TTO,2020-07-01,10,2263
TTO,2020-07-02,59,2322
TTO,2020-07-03,39,2361
TTO,2020-07-04,53,2414
TTO,2020-07-05,24,2438
TTO,2020-07-06,0,2438
TTO,2020-07-07,0,2438
TTO,2020-07-08,56,2494
TTO,2020-07-09,20,2514
TTO,2020-07-10,48,2562
TTO,2020-07-11,24,2586
TTO,2020-07-12,12,2598
TTO,2020-07-13,10,2608
TTO,2020-07-14,26,2634
TTO,2020-07-15,4,2638
TTO,2020-07-16,54,2692
TTO,2020-07-17,82,2774
TTO,2020-07-18,14,2788
TTO,2020-07-19,19,2807
TTO,2020-07-20,63,2870
TTO,2020-07-21,0,2870
TTO,2020-07-22,0,2870
TTO,2020-07-23,57,2927
TTO,2020-07-24,83,3010
TTO,2020-07-25,181,3191
TTO,2020-07-26,20,3211
TTO,2020-07-27,18,3229
TTO,2020-07-28,227,3456
TTO,2020-07-29,154,3610
TTO,2020-07-30,443,4053
TTO,2020-07-31,307,4360
TTO,2020-08-01,234,4594
TTO,2020-08-02,332,4926
TTO,2020-08-03,273,5199
TTO,2020-08-04,196,5395
TTO,2020-08-05,324,5719
TTO,2020-08-06,360,6079
TTO,2020-08-07,530,6609
TTO,2020-08-08,419,7028
TTO,2020-08-09,323,7351
TTO,2020-08-10,221,7572
TTO,2020-08-11,443,8015
TTO,2020-08-12,319,8334
TTO,2020-08-13,576,8910
TTO,2020-08-14,271,9181
TTO,2020-08-15,759,9940
TTO,2020-08-16,119,10059
TTO,2020-08-17,594,10653
TTO,2020-08-18,1337,11990
TTO,2020-08-19,886,12876
TTO,2020-08-20,824,13700
TTO,2020-08-21,464,14164
TTO,2020-08-22,510,14674
TTO,2020-08-23,388,15062
TTO,2020-08-24,338,15400
TTO,2020-08-25,0,15400
TTO,2020-08-26,0,15400
TTO,2020-08-27,1619,17019
TTO,2020-08-28,417,17436
TTO,2020-08-29,195,17631
TTO,2020-08-30,442,18073
TTO,2020-08-31,101,18174
TTO,2020-09-01,121,18295
TTO,2020-09-02,283,18578
TTO,2020-09-03,275,18853
TTO,2020-09-04,240,19093
TTO,2020-09-05,243,19336
TTO,2020-09-06,149,19485
TTO,2020-09-07,299,19784
TTO,2020-09-08,260,20044
TTO,2020-09-09,396,20440
TTO,2020-09-10,78,20518
TTO,2020-09-11,181,20699
TTO,2020-09-12,375,21074
TTO,2020-09-13,173,21247
TTO,2020-09-14,282,21529
TTO,2020-09-15,615,22144
TTO,2020-09-16,242,22386
TTO,2020-09-17,222,22608
TTO,2020-09-18,388,22996
TTO,2020-09-19,281,23277
TTO,2020-09-20,221,23498
TTO,2020-09-21,188,23686
TTO,2020-09-22,145,23831
TTO,2020-09-23,379,24210
TTO,2020-09-24,254,24464
TTO,2020-09-25,301,24765
TTO,2020-09-26,282,25047
TTO,2020-09-27,100,25147
TTO,2020-09-28,35,25182
TTO,2020-09-29,100,25282
TTO,2020-09-30,198,25480
TTO,2020-10-01,474,25954
TTO,2020-10-02,308,26262
TTO,2020-10-03,321,26583
TTO,2020-10-04,192,26775
TTO,2020-10-05,40,26815
TTO,2020-10-06,265,27080
TTO,2020-10-07,150,27230
TTO,2020-10-08,368,27598
TTO,2020-10-09,176,27774
TTO,2020-10-10,215,27989
TTO,2020-10-11,176,28165
TTO,2020-10-12,53,28218
TTO,2020-10-13,188,28406
TTO,2020-10-14,138,28544
TTO,2020-10-15,204,28748
TTO,2020-10-16,161,28909
TTO,2020-10-17,110,29019
TTO,2020-10-18,30,29049
TTO,2020-10-19,96,29145
TTO,2020-10-20,157,29302
TTO,2020-10-21,110,29412
TTO,2020-10-22,92,29504
TTO,2020-10-23,71,29575
TTO,2020-10-24,173,29748
TTO,2020-10-25,52,29800
TTO,2020-10-26,85,29885
TTO,2020-10-27,211,30096
TTO,2020-10-28,162,30258
TTO,2020-10-29,169,30427
TTO,2020-10-30,153,30580
TTO,2020-10-31,69,30649
TTO,2020-11-01,35,30684
TTO,2020-11-02,70,30754
TTO,2020-11-03,195,30949
TTO,2020-11-04,169,31118
TTO,2020-11-05,200,31318
TTO,2020-11-06,109,31427
TTO,2020-11-07,64,31491
TTO,2020-11-08,87,31578
TTO,2020-11-09,66,31644
TTO,2020-11-10,170,31814
TTO,2020-11-11,90,31904
TTO,2020-11-12,56,31960
TTO,2020-11-13,12,31972
TTO,2020-11-14,295,32267
TTO,2020-11-15,213,32480
TTO,2020-11-16,60,32540
TTO,2020-11-17,180,32720
TTO,2020-11-18,475,33195
TTO,2020-11-19,50,33245
TTO,2020-11-20,70,33315
TTO,2020-11-21,205,33520
TTO,2020-11-22,80,33600
TTO,2020-11-23,58,33658
TTO,2020-11-24,149,33807
TTO,2020-11-25,70,33877
TTO,2020-11-26,63,33940
TTO,2020-11-27,0,33940
TTO,2020-11-28,0,33940
TTO,2020-11-29,75,34015
TTO,2020-11-30,60,34075
TTO,2020-12-01,66,34141
TTO,2020-12-02,217,34358
TTO,2020-12-03,80,34438
TTO,2020-12-04,124,34562
TTO,2020-12-05,131,34693
TTO,2020-12-06,72,34765
TTO,2020-12-07,50,34815
TTO,2020-12-08,184,34999
TTO,2020-12-09,226,35225
TTO,2020-12-10,135,35360
TTO,2020-12-11,175,35535
TTO,2020-12-12,63,35598
TTO,2020-12-13,75,35673
TTO,2020-12-14,302,35975
TTO,2020-12-15,103,36078
TTO,2020-12-16,152,36230
TTO,2020-12-17,105,36335
TTO,2020-12-18,78,36413
TTO,2020-12-19,80,36493
TTO,2020-12-20,50,36543
TTO,2020-12-21,30892,67435
TTO,2020-12-22,50,67485
TTO,2020-12-23,255,67740
TTO,2020-12-24,75,67815
TTO,2020-12-25,94,67909
TTO,2020-12-26,82,67991
TTO,2020-12-27,37,68028
TTO,2020-12-28,1081,69109
TTO,2020-12-29,316,69425
TTO,2020-12-30,105,69530
TTO,2020-12-31,75,69605
TTO,2021-01-01,212,69817
TTO,2021-01-02,62,69879
TTO,2021-01-03,27,69906
TTO,2021-01-04,112,70018
TTO,2021-01-05,1624,71642
TTO,2021-01-06,266,71908
TTO,2021-01-07,80,71988
TTO,2021-01-08,70,72058
TTO,2021-01-09,13,72071
TTO,2021-01-10,124,72195
TTO,2021-01-11,1750,73945
TTO,2021-01-12,101,74046
TTO,2021-01-13,71,74117
TTO,2021-01-14,129,74246
TTO,2021-01-15,256,74502
TTO,2021-01-16,80,74582
TTO,2021-01-17,216,74798
TTO,2021-01-18,40,74838
TTO,2021-01-19,1930,76768
TTO,2021-01-20,208,76976
TTO,2021-01-21,215,77191
TTO,2021-01-22,262,77453
TTO,2021-01-23,248,77701
TTO,2021-01-24,0,77701
TTO,2021-01-25,0,77701
TTO,2021-01-26,1320,79021
TTO,2021-01-27,270,79291
TTO,2021-01-28,416,79707
TTO,2021-01-29,192,79899
TTO,2021-01-30,338,80237
TTO,2021-01-31,265,80502
TTO,2021-02-01,1801,82303
TTO,2021-02-02,218,82521
TTO,2021-02-03,230,82751
TTO,2021-02-04,209,82960
TTO,2021-02-05,176,83136
TTO,2021-02-06,241,83377
TTO,2021-02-07,190,83567
TTO,2021-02-08,1810,85377
TTO,2021-02-09,200,85577
TTO,2021-02-10,266,85843
TTO,2021-02-11,60,85903
TTO,2021-02-12,179,86082
TTO,2021-02-13,144,86226
TTO,2021-02-14,15,86241
TTO,2021-02-15,2851,89092
TTO,2021-02-16,257,89349
TTO,2021-02-17,266,89615
TTO,2021-02-18,379,89994
TTO,2021-02-19,58,90052
TTO,2021-02-20,180,90232
TTO,2021-02-21,187,90419
TTO,2021-02-22,232,90651
TTO,2021-02-23,1532,92183
TTO,2021-02-24,215,92398
TTO,2021-02-25,0,92398
TTO,2021-02-26,0,92398
TTO,2021-02-27,80,92478
TTO,2021-02-28,241,92719
TTO,2021-03-01,1570,94289
TTO,2021-03-02,33,94322
TTO,2021-03-03,313,94635
TTO,2021-03-04,274,94909
TTO,2021-03-05,153,95062
TTO,2021-03-06,194,95256
TTO,2021-03-07,248,95504
TTO,2021-03-08,150,95654
TTO,2021-03-09,1694,97348
TTO,2021-03-10,234,97582
TTO,2021-03-11,274,97856
TTO,2021-03-12,202,98058
TTO,2021-03-13,247,98305
TTO,2021-03-14,186,98491
TTO,2021-03-15,1390,99881
TTO,2021-03-16,80,99961
TTO,2021-03-17,364,100325
TTO,2021-03-18,213,100538
TTO,2021-03-19,279,100817
TTO,2021-03-20,0,100817
TTO,2021-03-21,0,100817
TTO,2021-03-22,1877,102694
TTO,2021-03-23,135,102829
TTO,2021-03-24,507,103336
TTO,2021-03-25,267,103603
TTO,2021-03-26,273,103876
TTO,2021-03-27,320,104196
TTO,2021-03-28,189,104385
TTO,2021-03-29,177,104562
TTO,2021-03-30,158,104720
TTO,2021-03-31,1632,106352
TTO,2021-04-01,205,106557
TTO,2021-04-02,312,106869
TTO,2021-04-03,199,107068
TTO,2021-04-04,395,107463
TTO,2021-04-05,182,107645
TTO,2021-04-06,2802,110447
TTO,2021-04-07,246,110693
TTO,2021-04-08,284,110977
TTO,2021-04-09,278,111255
TTO,2021-04-10,363,111618
TTO,2021-04-11,188,111806
TTO,2021-04-12,2068,113874
TTO,2021-04-13,400,114274
TTO,2021-04-14,355,114629
TTO,2021-04-15,432,115061
TTO,2021-04-16,409,115470
TTO,2021-04-17,510,115980
TTO,2021-04-18,560,116540
TTO,2021-04-19,1787,118327
TTO,2021-04-20,601,118928
TTO,2021-04-21,408,119336
TTO,2021-04-22,604,119940
TTO,2021-04-23,388,120328
TTO,2021-04-24,398,120726
TTO,2021-04-25,469,121195
TTO,2021-04-26,3295,124490
TTO,2021-04-27,0,124490
TTO,2021-04-28,0,124490
TTO,2021-04-29,817,125307
TTO,2021-04-30,609,125916
TTO,2021-05-01,720,126636
TTO,2021-05-02,849,127485
TTO,2021-05-03,3581,131066
TTO,2021-05-04,724,131790
TTO,2021-05-05,1009,132799
TTO,2021-05-06,614,133413
TTO,2021-05-07,936,134349
TTO,2021-05-08,1078,135427
TTO,2021-05-09,0,135427
TTO,2021-05-10,0,135427
TTO,2021-05-11,5920,141347
TTO,2021-05-12,1300,142647
TTO,2021-05-13,1110,143757
TTO,2021-05-14,1223,144980
TTO,2021-05-15,1162,146142
TTO,2021-05-16,788,146930
TTO,2021-05-17,944,147874
TTO,2021-05-18,5985,153859
TTO,2021-05-19,945,154804
TTO,2021-05-20,1335,156139
TTO,2021-05-21,1354,157493
TTO,2021-05-22,1032,158525
TTO,2021-05-23,1128,159653
TTO,2021-05-24,506,160159
TTO,2021-05-25,7630,167789
TTO,2021-05-26,1440,169229
TTO,2021-05-27,1324,170553
TTO,2021-05-28,1618,172171
TTO,2021-05-29,1049,173220
TTO,2021-05-30,1755,174975
TTO,2021-05-31,600,175575
TTO,2021-06-01,920,176495
TTO,2021-06-02,11180,187675
TTO,2021-06-03,1655,189330
TTO,2021-06-04,1401,190731
TTO,2021-06-05,796,191527
TTO,2021-06-06,550,192077
TTO,2021-06-07,3964,196041
TTO,2021-06-08,1038,197079
TTO,2021-06-09,1288,198367
TTO,2021-06-10,1005,199372
TTO,2021-06-11,655,200027
TTO,2021-06-12,1250,201277
TTO,2021-06-13,1000,202277
TTO,2021-06-14,3555,205832
TTO,2021-06-15,944,206776
TTO,2021-06-16,1025,207801
TTO,2021-06-17,1225,209026
TTO,2021-06-18,850,209876
TTO,2021-06-19,1022,210898
TTO,2021-06-20,350,211248
TTO,2021-06-21,497,211745
TTO,2021-06-22,700,212445
TTO,2021-06-23,4512,216957
TUN,2021-04-01,0,0
TUN,2021-04-02,5715,5715
TUN,2021-04-03,6184,11899
TUN,2021-04-04,5752,17651
TUN,2021-04-05,6175,23826
TUN,2021-04-06,5286,29112
TUN,2021-04-07,6665,35777
TUN,2021-04-08,8051,43828
TUN,2021-04-09,7364,51192
TUN,2021-04-10,7858,59050
TUN,2021-04-11,5825,64875
TUN,2021-04-12,6106,70981
TUN,2021-04-13,5238,76219
TUN,2021-04-14,5950,82169
TUN,2021-04-15,0,82169
TUN,2021-04-16,0,82169
TUN,2021-04-17,0,82169
TUN,2021-04-18,0,82169
TUN,2021-04-19,0,82169
TUN,2021-04-20,5365,87534
TUN,2021-04-21,7451,94985
TUN,2021-04-22,8507,103492
TUN,2021-04-23,7708,111200
TUN,2021-04-24,0,111200
TUN,2021-04-25,0,111200
TUN,2021-04-26,0,111200
TUN,2021-04-27,6004,117204
TUN,2021-04-28,7039,124243
TUN,2021-04-29,6434,130677
TUN,2021-04-30,6400,137077
TUN,2021-05-01,0,137077
TUN,2021-05-02,0,137077
TUN,2021-05-03,0,137077
TUN,2021-05-04,4627,141704
TUN,2021-05-05,5284,146988
TUN,2021-05-06,5730,152718
TUN,2021-05-07,5556,158274
TUN,2021-05-08,0,158274
TUN,2021-05-09,0,158274
TUN,2021-05-10,5295,163569
TUN,2021-05-11,5803,169372
TUN,2021-05-12,0,169372
TUN,2021-05-13,0,169372
TUN,2021-05-14,0,169372
TUN,2021-05-15,0,169372
TUN,2021-05-16,3413,172785
TUN,2021-05-17,3816,176601
TUN,2021-05-18,4703,181304
TUN,2021-05-19,5297,186601
TUN,2021-05-20,5792,192393
TUN,2021-05-21,7748,200141
TUN,2021-05-22,0,200141
TUN,2021-05-23,0,200141
TUN,2021-05-24,0,200141
TUN,2021-05-25,6048,206189
TUN,2021-05-26,6048,212237
TUN,2021-05-27,5614,217851
TUN,2021-05-28,6529,224380
TUN,2021-05-29,0,224380
TUN,2021-05-30,0,224380
TUN,2021-05-31,0,224380
TUN,2021-06-01,4679,229059
TUN,2021-06-02,0,229059
TUN,2021-06-03,0,229059
TUN,2021-06-04,6775,235834
TUN,2021-06-05,6223,242057
TUN,2021-06-06,0,242057
TUN,2021-06-07,0,242057
TUN,2021-06-08,4774,246831
TUN,2021-06-09,6018,252849
TUN,2021-06-10,8109,260958
TUN,2021-06-11,7057,268015
TUN,2021-06-12,0,268015
TUN,2021-06-13,0,268015
TUN,2021-06-14,0,268015
TUN,2021-06-15,5525,273540
TUN,2021-06-16,7523,281063
TUN,2021-06-17,6911,287974
TUN,2021-06-18,7450,295424
TUN,2021-06-19,0,295424
TUN,2021-06-20,0,295424
TUN,2021-06-21,0,295424
TUN,2021-06-22,8378,303802
TUN,2021-06-23,7414,311216
TUN,2021-06-24,10073,321289
TUN,2021-06-25,11418,332707
TUN,2021-06-26,0,332707
TUN,2021-06-27,0,332707
TUN,2021-06-28,0,332707
TUR,2020-03-27,7533,7533
TUR,2020-03-28,7641,15174
TUR,2020-03-29,9982,25156
TUR,2020-03-30,11535,36691
TUR,2020-03-31,15422,52113
TUR,2020-04-01,14396,66509
TUR,2020-04-02,18757,85266
TUR,2020-04-03,16160,101426
TUR,2020-04-04,19664,121090
TUR,2020-04-05,20065,141155
TUR,2020-04-06,21400,162555
TUR,2020-04-07,20023,182578
TUR,2020-04-08,24900,207478
TUR,2020-04-09,28578,236056
TUR,2020-04-10,30864,266920
TUR,2020-04-11,33170,300090
TUR,2020-04-12,35720,335810
TUR,2020-04-13,34456,370266
TUR,2020-04-14,33070,403336
TUR,2020-04-15,34090,437426
TUR,2020-04-16,40427,477853
TUR,2020-04-17,40270,518123
TUR,2020-04-18,40520,558643
TUR,2020-04-19,35344,593987
TUR,2020-04-20,39703,633690
TUR,2020-04-21,39429,673119
TUR,2020-04-22,37535,710654
TUR,2020-04-23,40962,751616
TUR,2020-04-24,38351,789967
TUR,2020-04-25,38308,828275
TUR,2020-04-26,30177,858452
TUR,2020-04-27,20143,878595
TUR,2020-04-28,29230,907825
TUR,2020-04-29,43498,951323
TUR,2020-04-30,42004,993327
TUR,2020-05-01,41431,1034758
TUR,2020-05-02,36318,1071076
TUR,2020-05-03,24001,1095077
TUR,2020-05-04,35771,1130848
TUR,2020-05-05,33283,1164131
TUR,2020-05-06,30303,1194434
TUR,2020-05-07,30395,1224829
TUR,2020-05-08,33687,1258516
TUR,2020-05-09,35605,1294121
TUR,2020-05-10,36187,1330308
TUR,2020-05-11,32722,1363030
TUR,2020-05-12,37351,1400381
TUR,2020-05-13,33332,1433713
TUR,2020-05-14,34821,1468534
TUR,2020-05-15,38565,1507099
TUR,2020-05-16,42236,1549335
TUR,2020-05-17,35369,1584704
TUR,2020-05-18,25141,1609845
TUR,2020-05-19,25382,1635227
TUR,2020-05-20,20838,1656065
TUR,2020-05-21,33633,1689698
TUR,2020-05-22,37507,1727205
TUR,2020-05-23,40178,1767383
TUR,2020-05-24,24589,1791972
TUR,2020-05-25,21492,1813464
TUR,2020-05-26,19853,1833317
TUR,2020-05-27,21043,1854360
TUR,2020-05-28,33559,1887919
TUR,2020-05-29,36155,1924074
TUR,2020-05-30,39230,1963304
TUR,2020-05-31,35600,1998904
TUR,2020-06-01,31525,2030429
TUR,2020-06-02,32325,2062754
TUR,2020-06-03,52305,2115059
TUR,2020-06-04,54234,2169293
TUR,2020-06-05,57829,2227122
TUR,2020-06-06,35846,2262968
TUR,2020-06-07,35335,2298303
TUR,2020-06-08,39361,2337664
TUR,2020-06-09,37225,2374889
TUR,2020-06-10,36521,2411410
TUR,2020-06-11,49190,2460600
TUR,2020-06-12,41013,2501613
TUR,2020-06-13,45092,2546705
TUR,2020-06-14,45176,2591881
TUR,2020-06-15,42032,2633913
TUR,2020-06-16,46800,2680713
TUR,2020-06-17,52901,2733614
TUR,2020-06-18,48412,2782026
TUR,2020-06-19,41316,2823342
TUR,2020-06-20,41112,2864454
TUR,2020-06-21,40496,2904950
TUR,2020-06-22,41413,2946363
TUR,2020-06-23,42982,2989345
TUR,2020-06-24,53486,3042831
TUR,2020-06-25,52303,3095134
TUR,2020-06-26,51198,3146332
TUR,2020-06-27,45213,3191545
TUR,2020-06-28,48309,3239854
TUR,2020-06-29,51014,3290868
TUR,2020-06-30,50492,3341360
TUR,2020-07-01,52313,3393673
TUR,2020-07-02,49714,3443387
TUR,2020-07-03,52141,3495528
TUR,2020-07-04,48248,3543776
TUR,2020-07-05,46414,3590190
TUR,2020-07-06,52193,3642383
TUR,2020-07-07,50545,3692928
TUR,2020-07-08,49302,3742230
TUR,2020-07-09,50103,3792333
TUR,2020-07-10,48787,3841120
TUR,2020-07-11,48813,3889933
TUR,2020-07-12,45232,3935165
TUR,2020-07-13,46492,3981657
TUR,2020-07-14,43231,4024888
TUR,2020-07-15,42320,4067208
TUR,2020-07-16,42411,4109619
TUR,2020-07-17,41215,4150834
TUR,2020-07-18,40943,4191777
TUR,2020-07-19,41310,4233087
TUR,2020-07-20,43404,4276491
TUR,2020-07-21,42846,4319337
TUR,2020-07-22,43404,4362741
TUR,2020-07-23,43343,4406084
TUR,2020-07-24,42986,4449070
TUR,2020-07-25,43312,4492382
TUR,2020-07-26,40016,4532398
TUR,2020-07-27,45283,4577681
TUR,2020-07-28,47412,4625093
TUR,2020-07-29,45712,4670805
TUR,2020-07-30,43236,4714041
TUR,2020-07-31,46492,4760533
TUR,2020-08-01,44846,4805379
TUR,2020-08-02,40247,4845626
TUR,2020-08-03,41301,4886927
TUR,2020-08-04,46249,4933176
TUR,2020-08-05,53842,4987018
TUR,2020-08-06,54494,5041512
TUR,2020-08-07,56726,5098238
TUR,2020-08-08,63842,5162080
TUR,2020-08-09,61446,5223526
TUR,2020-08-10,62219,5285745
TUR,2020-08-11,61716,5347461
TUR,2020-08-12,67237,5414698
TUR,2020-08-13,66892,5481590
TUR,2020-08-14,70192,5551782
TUR,2020-08-15,67214,5618996
TUR,2020-08-16,65956,5684952
TUR,2020-08-17,74846,5759798
TUR,2020-08-18,82318,5842116
TUR,2020-08-19,87223,5929339
TUR,2020-08-20,92301,6021640
TUR,2020-08-21,92227,6113867
TUR,2020-08-22,93007,6206874
TUR,2020-08-23,80302,6287176
TUR,2020-08-24,95943,6383119
TUR,2020-08-25,98231,6481350
TUR,2020-08-26,100109,6581459
TUR,2020-08-27,106111,6687570
TUR,2020-08-28,107814,6795384
TUR,2020-08-29,101414,6896798
TUR,2020-08-30,91302,6988100
TUR,2020-08-31,110102,7098202
TUR,2020-09-01,109443,7207645
TUR,2020-09-02,107927,7315572
TUR,2020-09-03,110225,7425797
TUR,2020-09-04,117113,7542910
TUR,2020-09-05,99497,7642407
TUR,2020-09-06,96842,7739249
TUR,2020-09-07,103925,7843174
TUR,2020-09-08,110565,7953739
TUR,2020-09-09,111193,8064932
TUR,2020-09-10,107702,8172634
TUR,2020-09-11,112213,8284847
TUR,2020-09-12,98326,8383173
TUR,2020-09-13,96097,8479270
TUR,2020-09-14,112563,8591833
TUR,2020-09-15,110412,8702245
TUR,2020-09-16,112645,8814890
TUR,2020-09-17,109985,8924875
TUR,2020-09-18,111113,9035988
TUR,2020-09-19,97416,9133404
TUR,2020-09-20,95321,9228725
TUR,2020-09-21,112942,9341667
TUR,2020-09-22,114311,9455978
TUR,2020-09-23,112102,9568080
TUR,2020-09-24,113317,9681397
TUR,2020-09-25,112885,9794282
TUR,2020-09-26,102009,9896291
TUR,2020-09-27,101119,9997410
TUR,2020-09-28,115523,10112933
TUR,2020-09-29,114940,10227873
TUR,2020-09-30,112098,10339971
TUR,2020-10-01,113546,10453517
TUR,2020-10-02,114857,10568374
TUR,2020-10-03,103219,10671593
TUR,2020-10-04,104402,10775995
TUR,2020-10-05,115632,10891627
TUR,2020-10-06,112421,11004048
TUR,2020-10-07,116608,11120656
TUR,2020-10-08,117101,11237757
TUR,2020-10-09,115295,11353052
TUR,2020-10-10,113102,11466154
TUR,2020-10-11,109301,11575455
TUR,2020-10-12,115605,11691060
TUR,2020-10-13,114992,11806052
TUR,2020-10-14,115328,11921380
TUR,2020-10-15,116103,12037483
TUR,2020-10-16,117005,12154488
TUR,2020-10-17,112131,12266619
TUR,2020-10-18,101403,12368022
TUR,2020-10-19,116249,12484271
TUR,2020-10-20,116565,12600836
TUR,2020-10-21,117943,12718779
TUR,2020-10-22,117198,12835977
TUR,2020-10-23,115979,12951956
TUR,2020-10-24,113427,13065383
TUR,2020-10-25,112215,13177598
TUR,2020-10-26,132913,13310511
TUR,2020-10-27,127651,13438162
TUR,2020-10-28,128312,13566474
TUR,2020-10-29,134416,13700890
TUR,2020-10-30,136525,13837415
TUR,2020-10-31,124109,13961524
TUR,2020-11-01,123343,14084867
TUR,2020-11-02,139103,14223970
TUR,2020-11-03,146247,14370217
TUR,2020-11-04,144416,14514633
TUR,2020-11-05,146028,14660661
TUR,2020-11-06,145241,14805902
TUR,2020-11-07,139675,14945577
TUR,2020-11-08,141944,15087521
TUR,2020-11-09,145411,15232932
TUR,2020-11-10,146198,15379130
TUR,2020-11-11,145989,15525119
TUR,2020-11-12,148482,15673601
TUR,2020-11-13,149942,15823543
TUR,2020-11-14,150141,15973684
TUR,2020-11-15,142496,16116180
TUR,2020-11-16,151516,16267696
TUR,2020-11-17,156692,16424388
TUR,2020-11-18,158811,16583199
TUR,2020-11-19,157756,16740955
TUR,2020-11-20,156642,16897597
TUR,2020-11-21,152214,17049811
TUR,2020-11-22,155516,17205327
TUR,2020-11-23,161125,17366452
TUR,2020-11-24,162231,17528683
TUR,2020-11-25,164547,17693230
TUR,2020-11-26,168348,17861578
TUR,2020-11-27,171113,18032691
TUR,2020-11-28,174443,18207134
TUR,2020-11-29,168212,18375346
TUR,2020-11-30,176656,18552002
TUR,2020-12-01,180312,18732314
TUR,2020-12-02,183624,18915938
TUR,2020-12-03,187518,19103456
TUR,2020-12-04,194435,19297891
TUR,2020-12-05,178903,19476794
TUR,2020-12-06,174761,19651555
TUR,2020-12-07,196902,19848457
TUR,2020-12-08,201219,20049676
TUR,2020-12-09,204411,20254087
TUR,2020-12-10,206202,20460289
TUR,2020-12-11,208873,20669162
TUR,2020-12-12,189065,20858227
TUR,2020-12-13,181199,21039426
TUR,2020-12-14,204289,21243715
TUR,2020-12-15,206190,21449905
TUR,2020-12-16,205397,21655302
TUR,2020-12-17,206102,21861404
TUR,2020-12-18,205809,22067213
TUR,2020-12-19,173132,22240345
TUR,2020-12-20,158892,22399237
TUR,2020-12-21,196110,22595347
TUR,2020-12-22,192316,22787663
TUR,2020-12-23,202209,22989872
TUR,2020-12-24,195675,23185547
TUR,2020-12-25,201104,23386651
TUR,2020-12-26,178872,23565523
TUR,2020-12-27,172113,23737636
TUR,2020-12-28,180892,23918528
TUR,2020-12-29,183117,24101645
TUR,2020-12-30,184415,24286060
TUR,2020-12-31,178217,24464277
TUR,2021-01-01,158103,24622380
TUR,2021-01-02,149218,24771598
TUR,2021-01-03,138941,24910539
TUR,2021-01-04,181323,25091862
TUR,2021-01-05,183413,25275275
TUR,2021-01-06,182645,25457920
TUR,2021-01-07,183003,25640923
TUR,2021-01-08,184193,25825116
TUR,2021-01-09,168289,25993405
TUR,2021-01-10,162786,26156191
TUR,2021-01-11,180303,26336494
TUR,2021-01-12,179208,26515702
TUR,2021-01-13,173603,26689305
TUR,2021-01-14,169847,26859152
TUR,2021-01-15,167211,27026363
TUR,2021-01-16,156792,27183155
TUR,2021-01-17,148636,27331791
TUR,2021-01-18,151342,27483133
TUR,2021-01-19,175133,27658266
TUR,2021-01-20,168894,27827160
TUR,2021-01-21,165109,27992269
TUR,2021-01-22,163342,28155611
TUR,2021-01-23,152758,28308369
TUR,2021-01-24,148425,28456794
TUR,2021-01-25,151109,28607903
TUR,2021-01-26,180303,28788206
TUR,2021-01-27,179419,28967625
TUR,2021-01-28,173210,29140835
TUR,2021-01-29,165094,29305929
TUR,2021-01-30,148785,29454714
TUR,2021-01-31,136418,29591132
TUR,2021-02-01,141703,29732835
TUR,2021-02-02,140120,29872955
TUR,2021-02-03,148192,30021147
TUR,2021-02-04,145067,30166214
TUR,2021-02-05,142538,30308752
TUR,2021-02-06,137649,30446401
TUR,2021-02-07,129715,30576116
TUR,2021-02-08,139378,30715494
TUR,2021-02-09,137712,30853206
TUR,2021-02-10,135867,30989073
TUR,2021-02-11,130313,31119386
TUR,2021-02-12,129630,31249016
TUR,2021-02-13,123305,31372321
TUR,2021-02-14,104108,31476429
TUR,2021-02-15,116452,31592881
TUR,2021-02-16,115794,31708675
TUR,2021-02-17,117121,31825796
TUR,2021-02-18,115406,31941202
TUR,2021-02-19,116674,32057876
TUR,2021-02-20,118911,32176787
TUR,2021-02-21,101105,32277892
TUR,2021-02-22,118816,32396708
TUR,2021-02-23,123734,32520442
TUR,2021-02-24,124015,32644457
TUR,2021-02-25,126527,32770984
TUR,2021-02-26,128387,32899371
TUR,2021-02-27,125716,33025087
TUR,2021-02-28,109639,33134726
TUR,2021-03-01,130536,33265262
TUR,2021-03-02,135291,33400553
TUR,2021-03-03,138018,33538571
TUR,2021-03-04,137885,33676456
TUR,2021-03-05,138214,33814670
TUR,2021-03-06,138592,33953262
TUR,2021-03-07,129299,34082561
TUR,2021-03-08,139429,34221990
TUR,2021-03-09,140828,34362818
TUR,2021-03-10,145130,34507948
TUR,2021-03-11,146386,34654334
TUR,2021-03-12,148856,34803190
TUR,2021-03-13,150098,34953288
TUR,2021-03-14,132425,35085713
TUR,2021-03-15,151113,35236826
TUR,2021-03-16,158386,35395212
TUR,2021-03-17,167526,35562738
TUR,2021-03-18,184452,35747190
TUR,2021-03-19,187859,35935049
TUR,2021-03-20,190129,36125178
TUR,2021-03-21,189906,36315084
TUR,2021-03-22,201215,36516299
TUR,2021-03-23,211848,36728147
TUR,2021-03-24,221738,36949885
TUR,2021-03-25,222753,37172638
TUR,2021-03-26,220985,37393623
TUR,2021-03-27,223214,37616837
TUR,2021-03-28,220109,37836946
TUR,2021-03-29,225511,38062457
TUR,2021-03-30,235298,38297755
TUR,2021-03-31,240012,38537767
TUR,2021-04-01,243738,38781505
TUR,2021-04-02,248968,39030473
TUR,2021-04-03,249126,39279599
TUR,2021-04-04,246210,39525809
TUR,2021-04-05,245496,39771305
TUR,2021-04-06,271547,40042852
TUR,2021-04-07,302108,40344960
TUR,2021-04-08,304492,40649452
TUR,2021-04-09,305103,40954555
TUR,2021-04-10,302735,41257290
TUR,2021-04-11,294274,41551564
TUR,2021-04-12,301068,41852632
TUR,2021-04-13,306563,42159195
TUR,2021-04-14,310420,42469615
TUR,2021-04-15,318217,42787832
TUR,2021-04-16,320078,43107910
TUR,2021-04-17,319316,43427226
TUR,2021-04-18,301243,43728469
TUR,2021-04-19,318869,44047338
TUR,2021-04-20,322128,44369466
TUR,2021-04-21,318839,44688305
TUR,2021-04-22,312109,45000414
TUR,2021-04-23,302091,45302505
TUR,2021-04-24,281183,45583688
TUR,2021-04-25,260280,45843968
TUR,2021-04-26,268893,46112861
TUR,2021-04-27,282192,46395053
TUR,2021-04-28,283261,46678314
TUR,2021-04-29,278108,46956422
TUR,2021-04-30,265287,47221709
TUR,2021-05-01,242194,47463903
TUR,2021-05-02,240145,47704048
TUR,2021-05-03,243648,47947696
TUR,2021-05-04,241747,48189443
TUR,2021-05-05,229491,48418934
TUR,2021-05-06,253382,48672316
TUR,2021-05-07,251194,48923510
TUR,2021-05-08,228873,49152383
TUR,2021-05-09,197468,49349851
TUR,2021-05-10,213863,49563714
TUR,2021-05-11,226452,49790166
TUR,2021-05-12,228192,50018358
TUR,2021-05-13,201295,50219653
TUR,2021-05-14,203073,50422726
TUR,2021-05-15,204637,50627363
TUR,2021-05-16,202243,50829606
TUR,2021-05-17,206836,51036442
TUR,2021-05-18,217276,51253718
TUR,2021-05-19,218683,51472401
TUR,2021-05-20,219192,51691593
TUR,2021-05-21,218846,51910439
TUR,2021-05-22,216658,52127097
TUR,2021-05-23,210291,52337388
TUR,2021-05-24,216655,52554043
TUR,2021-05-25,223104,52777147
TUR,2021-05-26,221214,52998361
TUR,2021-05-27,219465,53217826
TUR,2021-05-28,220162,53437988
TUR,2021-05-29,222613,53660601
TUR,2021-05-30,218957,53879558
TUR,2021-05-31,219461,54099019
TUR,2021-06-01,223482,54322501
TUR,2021-06-02,224150,54546651
TUR,2021-06-03,222847,54769498
TUR,2021-06-04,224681,54994179
TUR,2021-06-05,216156,55210335
TUR,2021-06-06,204827,55415162
TUR,2021-06-07,218164,55633326
TUR,2021-06-08,225527,55858853
TUR,2021-06-09,224193,56083046
TUR,2021-06-10,223320,56306366
TUR,2021-06-11,224128,56530494
TUR,2021-06-12,218758,56749252
TUR,2021-06-13,214957,56964209
TUR,2021-06-14,219290,57183499
TUR,2021-06-15,223846,57407345
TUR,2021-06-16,227163,57634508
TUR,2021-06-17,225064,57859572
TUR,2021-06-18,224128,58083700
TUR,2021-06-19,215496,58299196
TUR,2021-06-20,213297,58512493
TUR,2021-06-21,221052,58733545
TUR,2021-06-22,223238,58956783
TUR,2021-06-23,224192,59180975
TUR,2021-06-24,223385,59404360
TUR,2021-06-25,222936,59627296
TUR,2021-06-26,222561,59849857
TUR,2021-06-27,215294,60065151
TUR,2021-06-28,223525,60288676
UGA,2020-04-01,23,23
UGA,2020-04-02,0,23
UGA,2020-04-03,0,23
UGA,2020-04-04,0,23
UGA,2020-04-05,0,23
UGA,2020-04-06,231,254
UGA,2020-04-07,150,404
UGA,2020-04-08,214,618
UGA,2020-04-09,338,956
UGA,2020-04-10,439,1395
UGA,2020-04-11,0,1395
UGA,2020-04-12,169,1564
UGA,2020-04-13,639,2203
UGA,2020-04-14,625,2828
UGA,2020-06-30,2059,4887
UGA,2020-07-01,0,4887
UGA,2020-07-02,3349,8236
UGA,2020-07-03,0,8236
UGA,2020-07-04,0,8236
UGA,2020-07-05,3103,11339
UGA,2020-07-06,2414,13753
UGA,2020-07-07,3451,17204
UGA,2020-07-08,3316,20520
UGA,2020-07-09,2048,22568
UGA,2020-07-10,0,22568
UGA,2020-07-11,0,22568
UGA,2020-07-12,1702,24270
UGA,2020-07-13,2575,26845
UGA,2020-07-14,0,26845
UGA,2020-07-15,2405,29250
UGA,2020-07-16,3696,32946
UGA,2020-07-17,0,32946
UGA,2020-07-18,0,32946
UGA,2020-07-19,2196,35142
UGA,2020-07-20,2383,37525
UGA,2020-07-21,2098,39623
UGA,2020-07-22,2128,41751
UGA,2020-07-23,1785,43536
UGA,2020-07-24,0,43536
UGA,2020-07-25,1937,45473
UGA,2020-07-26,1812,47285
UGA,2020-07-27,1885,49170
UGA,2020-07-28,2694,51864
UGA,2020-07-29,0,51864
UGA,2020-07-30,3229,55093
UGA,2020-07-31,2550,57643
UGA,2020-08-01,0,57643
UGA,2020-08-02,2485,60128
UGA,2020-08-03,1765,61893
UGA,2020-08-04,2278,64171
UGA,2020-08-05,3577,67748
UGA,2020-08-06,2334,70082
UGA,2020-08-07,0,70082
UGA,2020-08-08,3204,73286
UGA,2020-08-09,2435,75721
UGA,2020-08-10,2250,77971
UGA,2020-08-11,3199,81170
UGA,2020-08-12,4108,85278
UGA,2020-08-13,4289,89567
UGA,2020-08-14,0,89567
UGA,2020-08-15,0,89567
UGA,2020-08-16,4261,93828
UGA,2020-08-17,3905,97733
UGA,2020-08-18,4125,101858
UGA,2020-08-19,3046,104904
UGA,2020-08-20,4131,109035
UGA,2020-08-21,0,109035
UGA,2020-08-22,0,109035
UGA,2020-08-23,3457,112492
UGA,2020-08-24,3212,115704
UGA,2020-08-25,4232,119936
UGA,2020-08-26,4513,124449
UGA,2020-08-27,3621,128070
UGA,2020-08-28,0,128070
UGA,2020-08-29,0,128070
UGA,2020-08-30,2397,130467
UGA,2020-08-31,3564,134031
UGA,2020-09-01,4133,138164
UGA,2020-09-02,5453,143617
UGA,2020-09-03,4540,148157
UGA,2020-09-04,0,148157
UGA,2020-09-05,0,148157
UGA,2020-09-06,6439,154596
UGA,2020-09-07,4242,158838
UGA,2020-09-08,1989,160827
UGA,2020-09-09,2301,163128
UGA,2020-09-10,3016,166144
UGA,2020-09-11,0,166144
UGA,2020-09-12,0,166144
UGA,2020-09-13,3473,169617
UGA,2020-09-14,2003,171620
UGA,2020-09-15,2849,174469
UGA,2020-09-16,2685,177154
UGA,2020-09-17,2636,179790
UGA,2020-09-18,0,179790
UGA,2020-09-19,0,179790
UGA,2020-09-20,0,179790
UGA,2020-09-21,0,179790
UGA,2020-09-22,0,179790
UGA,2020-09-23,0,179790
UGA,2020-09-24,0,179790
UGA,2020-09-25,0,179790
UGA,2020-09-26,0,179790
UGA,2020-09-27,0,179790
UGA,2020-09-28,0,179790
UGA,2020-09-29,0,179790
UGA,2020-09-30,0,179790
UGA,2020-10-01,0,179790
UGA,2020-10-02,0,179790
UGA,2020-10-03,0,179790
UGA,2020-10-04,0,179790
UGA,2020-10-05,0,179790
UGA,2020-10-06,0,179790
UGA,2020-10-07,0,179790
UGA,2020-10-08,1789,181579
UGA,2020-10-09,2833,184412
UGA,2020-10-10,2197,186609
UGA,2020-10-11,0,186609
UGA,2020-10-12,2257,188866
UGA,2020-10-13,2258,191124
UGA,2020-10-14,1509,192633
UGA,2020-10-15,3635,196268
UGA,2020-10-16,1892,198160
UGA,2020-10-17,1836,199996
UGA,2020-10-18,1113,201109
UGA,2020-10-19,1567,202676
UGA,2020-10-20,2384,205060
UGA,2020-10-21,1886,206946
UGA,2020-10-22,3095,210041
UGA,2020-10-23,1740,211781
UGA,2020-10-24,2105,213886
UGA,2020-10-25,2969,216855
UGA,2020-10-26,1056,217911
UGA,2020-10-27,0,217911
UGA,2020-10-28,3235,221146
UGA,2020-10-29,2622,223768
UGA,2020-10-30,1879,225647
UGA,2020-10-31,3555,229202
UGA,2020-11-01,1998,231200
UGA,2020-11-02,1603,232803
UGA,2020-11-03,2664,235467
UGA,2020-11-04,1881,237348
UGA,2020-11-05,2976,240324
UGA,2020-11-06,3358,243682
UGA,2020-11-07,2431,246113
UGA,2020-11-08,0,246113
UGA,2020-11-09,2038,248151
UGA,2020-11-10,3267,251418
UGA,2020-11-11,1813,253231
UGA,2020-11-12,2766,255997
UGA,2020-11-13,3247,259244
UGA,2020-11-14,3077,262321
UGA,2020-11-15,3125,265446
UGA,2020-11-16,2916,268362
UGA,2020-11-17,2618,270980
UGA,2020-11-18,2458,273438
UGA,2020-11-19,4002,277440
UGA,2020-11-20,3931,281371
UGA,2020-11-21,1685,283056
UGA,2020-11-22,2296,285352
UGA,2020-11-23,0,285352
UGA,2020-11-24,2702,288054
UGA,2020-11-25,2173,290227
UGA,2020-11-26,1775,292002
UGA,2020-11-27,2596,294598
UGA,2020-11-28,823,295421
UGA,2020-11-29,1052,296473
UGA,2020-11-30,5412,301885
UGA,2020-12-01,3491,305376
UGA,2020-12-02,1984,307360
UGA,2020-12-03,1208,308568
UGA,2020-12-04,1663,310231
UGA,2020-12-05,3106,313337
UGA,2020-12-06,5578,318915
UGA,2020-12-07,5064,323979
UGA,2020-12-08,8223,332202
UGA,2020-12-09,5570,337772
UGA,2020-12-10,5048,342820
UGA,2020-12-11,5155,347975
UGA,2020-12-12,4178,352153
UGA,2020-12-13,2527,354680
UGA,2020-12-14,3611,358291
UGA,2020-12-15,5608,363899
UGA,2020-12-16,5041,368940
UGA,2020-12-17,4702,373642
UGA,2020-12-18,5220,378862
UGA,2020-12-19,4050,382912
UGA,2020-12-20,2041,384953
UGA,2020-12-21,4086,389039
UGA,2020-12-22,4996,394035
UGA,2020-12-23,4609,398644
UGA,2020-12-24,2993,401637
UGA,2020-12-25,2136,403773
UGA,2020-12-26,2252,406025
UGA,2020-12-27,2139,408164
UGA,2020-12-28,2812,410976
UGA,2020-12-29,3566,414542
UGA,2020-12-30,4036,418578
UGA,2020-12-31,3449,422027
UGA,2021-01-01,3019,425046
UGA,2021-01-02,0,425046
UGA,2021-01-03,2342,427388
UGA,2021-01-04,4479,431867
UGA,2021-01-05,3802,435669
UGA,2021-01-06,4574,440243
UGA,2021-01-07,4703,444946
UGA,2021-01-08,4456,449402
UGA,2021-01-09,3954,453356
UGA,2021-01-10,2159,455515
UGA,2021-01-11,3245,458760
UGA,2021-01-12,4082,462842
UGA,2021-01-13,0,462842
UGA,2021-01-14,0,462842
UGA,2021-01-15,0,462842
UGA,2021-01-16,0,462842
UGA,2021-01-17,0,462842
UGA,2021-01-18,8098,470940
UGA,2021-01-19,2480,473420
UGA,2021-01-20,3510,476930
UGA,2021-01-21,2924,479854
UGA,2021-01-22,2976,482830
UGA,2021-01-23,2737,485567
UGA,2021-01-24,1618,487185
UGA,2021-01-25,1974,489159
UGA,2021-01-26,1566,490725
UGA,2021-01-27,2751,493476
UGA,2021-01-28,2004,495480
UGA,2021-01-29,2260,497740
UGA,2021-01-30,2235,499975
UGA,2021-01-31,954,500929
UGA,2021-02-01,1610,502539
UGA,2021-02-02,1709,504248
UGA,2021-02-03,2056,506304
UGA,2021-02-04,2328,508632
UGA,2021-02-05,1933,510565
UGA,2021-02-06,1644,512209
UGA,2021-02-07,838,513047
UGA,2021-02-08,1524,514571
UGA,2021-02-09,2290,516861
UGA,2021-02-10,2274,519135
UGA,2021-02-11,2314,521449
UGA,2021-02-12,2088,523537
UGA,2021-02-13,2230,525767
UGA,2021-02-14,788,526555
UGA,2021-02-15,2028,528583
UGA,2021-02-16,1065,529648
UGA,2021-02-17,2746,532394
UGA,2021-02-18,2121,534515
UGA,2021-02-19,1996,536511
UGA,2021-02-20,1317,537828
UGA,2021-02-21,984,538812
UGA,2021-02-22,1879,540691
UGA,2021-02-23,1879,542570
UGA,2021-02-24,2098,544668
UGA,2021-02-25,1752,546420
UGA,2021-02-26,1835,548255
UGA,2021-02-27,1358,549613
UGA,2021-02-28,1012,550625
UGA,2021-03-01,1983,552608
UGA,2021-03-02,1940,554548
UGA,2021-03-03,2371,556919
UGA,2021-03-04,2144,559063
UGA,2021-03-05,1792,560855
UGA,2021-03-06,1241,562096
UGA,2021-03-07,729,562825
UGA,2021-03-08,940,563765
UGA,2021-03-09,1598,565363
UGA,2021-03-10,1830,567193
UGA,2021-03-11,2239,569432
UGA,2021-03-12,1670,571102
UGA,2021-03-13,1045,572147
UGA,2021-03-14,719,572866
UGA,2021-03-15,1295,574161
UGA,2021-03-16,2455,576616
UGA,2021-03-17,2647,579263
UGA,2021-03-18,2741,582004
UGA,2021-03-19,2928,584932
UGA,2021-03-20,1976,586908
UGA,2021-03-21,1961,588869
UGA,2021-03-22,2639,591508
UGA,2021-03-23,2480,593988
UGA,2021-03-24,2468,596456
UGA,2021-03-25,3191,599647
UGA,2021-03-26,2770,602417
UGA,2021-03-27,2161,604578
UGA,2021-03-28,2161,606739
UGA,2021-03-29,2625,609364
UGA,2021-03-30,2591,611955
UGA,2021-03-31,2607,614562
UGA,2021-04-01,3182,617744
UGA,2021-04-02,0,617744
UGA,2021-04-03,3903,621647
UGA,2021-04-04,1235,622882
UGA,2021-04-05,1940,624822
UGA,2021-04-06,2311,627133
UGA,2021-04-07,2838,629971
UGA,2021-04-08,3251,633222
UGA,2021-04-09,3017,636239
UGA,2021-04-10,2611,638850
UGA,2021-04-11,1628,640478
UGA,2021-04-12,2802,643280
UGA,2021-04-13,2862,646142
UGA,2021-04-14,3861,650003
UGA,2021-04-15,3072,653075
UGA,2021-04-16,2967,656042
UGA,2021-04-17,2799,658841
UGA,2021-04-18,1410,660251
UGA,2021-04-19,5102,665353
UGA,2021-04-20,2651,668004
UGA,2021-04-21,2510,670514
UGA,2021-04-22,0,670514
UGA,2021-04-23,0,670514
UGA,2021-04-24,2115,672629
UGA,2021-04-25,0,672629
UGA,2021-04-26,2285,674914
UGA,2021-04-27,2487,677401
UGA,2021-04-28,2619,680020
UGA,2021-04-29,2677,682697
UGA,2021-04-30,0,682697
UGA,2021-05-01,4582,687279
UGA,2021-05-02,1697,688976
UGA,2021-05-03,2533,691509
UGA,2021-05-04,2589,694098
UGA,2021-05-05,3271,697369
UGA,2021-05-06,3296,700665
UGA,2021-05-07,3449,704114
UGA,2021-05-08,2898,707012
UGA,2021-05-09,2001,709013
UGA,2021-05-10,0,709013
UGA,2021-05-11,5431,714444
UGA,2021-05-12,0,714444
UGA,2021-05-13,0,714444
UGA,2021-05-14,0,714444
UGA,2021-05-15,0,714444
UGA,2021-05-16,1789,716233
UGA,2021-05-17,2450,718683
UGA,2021-05-18,0,718683
UGA,2021-05-19,2965,721648
UGA,2021-05-20,0,721648
UGA,2021-05-21,0,721648
UGA,2021-05-22,0,721648
UGA,2021-05-23,2428,724076
UGA,2021-05-24,2645,726721
UGA,2021-05-25,0,726721
UGA,2021-05-26,4697,731418
UGA,2021-05-27,4882,736300
UGA,2021-05-28,0,736300
UGA,2021-05-29,4335,740635
UGA,2021-05-30,3517,744152
UGA,2021-05-31,5655,749807
UGA,2021-06-01,6283,756090
UGA,2021-06-02,6887,762977
UGA,2021-06-03,0,762977
UGA,2021-06-04,0,762977
UGA,2021-06-05,7296,770273
UGA,2021-06-06,3693,773966
UGA,2021-06-07,4887,778853
UGA,2021-06-08,8478,787331
UGA,2021-06-09,9703,797034
UGA,2021-06-10,9494,806528
UGA,2021-06-11,9250,815778
UGA,2021-06-12,6573,822351
UGA,2021-06-13,6615,828966
UGA,2021-06-14,7238,836204
UGA,2021-06-15,10816,847020
UGA,2021-06-16,10510,857530
UGA,2021-06-17,9341,866871
UGA,2021-06-18,9066,875937
UGA,2021-06-19,9066,885003
UGA,2021-06-20,4144,889147
UGA,2021-06-21,7196,896343
UGA,2021-06-22,9079,905422
UKR,2020-04-09,0,0
UKR,2020-04-10,2914,2914
UKR,2020-04-11,0,2914
UKR,2020-04-12,0,2914
UKR,2020-04-13,0,2914
UKR,2020-04-14,0,2914
UKR,2020-04-15,0,2914
UKR,2020-04-16,0,2914
UKR,2020-04-17,4273,7187
UKR,2020-04-18,0,7187
UKR,2020-04-19,0,7187
UKR,2020-04-20,0,7187
UKR,2020-04-21,0,7187
UKR,2020-04-22,0,7187
UKR,2020-04-23,0,7187
UKR,2020-04-24,0,7187
UKR,2020-04-25,0,7187
UKR,2020-04-26,0,7187
UKR,2020-04-27,4146,11333
UKR,2020-04-28,5200,16533
UKR,2020-04-29,5825,22358
UKR,2020-04-30,7315,29673
UKR,2020-05-01,6686,36359
UKR,2020-05-02,4207,40566
UKR,2020-05-03,6971,47537
UKR,2020-05-04,4869,52406
UKR,2020-05-05,5167,57573
UKR,2020-05-06,4524,62097
UKR,2020-05-07,7286,69383
UKR,2020-05-08,7586,76969
UKR,2020-05-09,7952,84921
UKR,2020-05-10,9296,94217
UKR,2020-05-11,5149,99366
UKR,2020-05-12,5755,105121
UKR,2020-05-13,4940,110061
UKR,2020-05-14,10248,120309
UKR,2020-05-15,9119,129428
UKR,2020-05-16,9024,138452
UKR,2020-05-17,7163,145615
UKR,2020-05-18,5098,150713
UKR,2020-05-19,7062,157775
UKR,2020-05-20,8568,166343
UKR,2020-05-21,0,166343
UKR,2020-05-22,0,166343
UKR,2020-05-23,10527,176870
UKR,2020-05-24,7914,184784
UKR,2020-05-25,6242,191026
UKR,2020-05-26,9868,200894
UKR,2020-05-27,10796,211690
UKR,2020-05-28,10214,221904
UKR,2020-05-29,14572,236476
UKR,2020-05-30,10961,247437
UKR,2020-05-31,0,247437
UKR,2020-06-01,0,247437
UKR,2020-06-02,15481,262918
UKR,2020-06-03,9884,272802
UKR,2020-06-04,10764,283566
UKR,2020-06-05,11235,294801
UKR,2020-06-06,10991,305792
UKR,2020-06-07,9504,315296
UKR,2020-06-08,7039,322335
UKR,2020-06-09,6359,328694
UKR,2020-06-10,8496,337190
UKR,2020-06-11,10569,347759
UKR,2020-06-12,11663,359422
UKR,2020-06-13,10939,370361
UKR,2020-06-14,10223,380584
UKR,2020-06-15,7950,388534
UKR,2020-06-16,9967,398501
UKR,2020-06-17,0,398501
UKR,2020-06-18,0,398501
UKR,2020-06-19,11805,410306
UKR,2020-06-20,11490,421796
UKR,2020-06-21,9457,431253
UKR,2020-06-22,6395,437648
UKR,2020-06-23,11225,448873
UKR,2020-06-24,13188,462061
UKR,2020-06-25,12764,474825
UKR,2020-06-26,0,474825
UKR,2020-06-27,0,474825
UKR,2020-06-28,9945,484770
UKR,2020-06-29,7239,492009
UKR,2020-06-30,6972,498981
UKR,2020-07-01,10025,509006
UKR,2020-07-02,11110,520116
UKR,2020-07-03,13696,533812
UKR,2020-07-04,0,533812
UKR,2020-07-05,0,533812
UKR,2020-07-06,6743,540555
UKR,2020-07-07,9345,549900
UKR,2020-07-08,13455,563355
UKR,2020-07-09,14934,578289
UKR,2020-07-10,13584,591873
UKR,2020-07-11,13012,604885
UKR,2020-07-12,9837,614722
UKR,2020-07-13,6977,621699
UKR,2020-07-14,9739,631438
UKR,2020-07-15,13761,645199
UKR,2020-07-16,13175,658374
UKR,2020-07-17,13732,672106
UKR,2020-07-18,10532,682638
UKR,2020-07-19,12666,695304
UKR,2020-07-20,4735,700039
UKR,2020-07-21,12396,712435
UKR,2020-07-22,12967,725402
UKR,2020-07-23,14498,739900
UKR,2020-07-24,15148,755048
UKR,2020-07-25,14076,769124
UKR,2020-07-26,12559,781683
UKR,2020-07-27,7064,788747
UKR,2020-07-28,12645,801392
UKR,2020-07-29,14949,816341
UKR,2020-07-30,15494,831835
UKR,2020-07-31,15427,847262
UKR,2020-08-01,16860,864122
UKR,2020-08-02,12303,876425
UKR,2020-08-03,8623,885048
UKR,2020-08-04,0,885048
UKR,2020-08-05,0,885048
UKR,2020-08-06,17976,903024
UKR,2020-08-07,18410,921434
UKR,2020-08-08,19327,940761
UKR,2020-08-09,14973,955734
UKR,2020-08-10,10083,965817
UKR,2020-08-11,16127,981944
UKR,2020-08-12,19380,1001324
UKR,2020-08-13,18984,1020308
UKR,2020-08-14,18917,1039225
UKR,2020-08-15,20979,1060204
UKR,2020-08-16,15768,1075972
UKR,2020-08-17,10700,1086672
UKR,2020-08-18,15120,1101792
UKR,2020-08-19,19591,1121383
UKR,2020-08-20,21698,1143081
UKR,2020-08-21,21821,1164902
UKR,2020-08-22,22207,1187109
UKR,2020-08-23,15275,1202384
UKR,2020-08-24,9350,1211734
UKR,2020-08-25,10855,1222589
UKR,2020-08-26,15800,1238389
UKR,2020-08-27,20730,1259119
UKR,2020-08-28,21507,1280626
UKR,2020-08-29,22469,1303095
UKR,2020-08-30,19459,1322554
UKR,2020-08-31,14109,1336663
UKR,2020-09-01,6375,1343038
UKR,2020-09-02,41052,1384090
UKR,2020-09-03,23990,1408080
UKR,2020-09-04,0,1408080
UKR,2020-09-05,0,1408080
UKR,2020-09-06,20477,1428557
UKR,2020-09-07,15224,1443781
UKR,2020-09-08,22860,1466641
UKR,2020-09-09,20054,1486695
UKR,2020-09-10,26552,1513247
UKR,2020-09-11,27945,1541192
UKR,2020-09-12,27737,1568929
UKR,2020-09-13,22302,1591231
UKR,2020-09-14,14323,1605554
UKR,2020-09-15,26898,1632452
UKR,2020-09-16,27794,1660246
UKR,2020-09-17,29729,1689975
UKR,2020-09-18,30591,1720566
UKR,2020-09-19,29121,1749687
UKR,2020-09-20,23927,1773614
UKR,2020-09-21,19788,1793402
UKR,2020-09-22,20844,1814246
UKR,2020-09-23,22895,1837141
UKR,2020-09-24,26779,1863920
UKR,2020-09-25,27497,1891417
UKR,2020-09-26,33273,1924690
UKR,2020-09-27,20049,1944739
UKR,2020-09-28,16533,1961272
UKR,2020-09-29,24168,1985440
UKR,2020-09-30,27572,2013012
UKR,2020-10-01,30167,2043179
UKR,2020-10-02,29527,2072706
UKR,2020-10-03,0,2072706
UKR,2020-10-04,0,2072706
UKR,2020-10-05,15646,2088352
UKR,2020-10-06,25126,2113478
UKR,2020-10-07,32376,2145854
UKR,2020-10-08,34295,2180149
UKR,2020-10-09,32658,2212807
UKR,2020-10-10,60408,2273215
UKR,2020-10-11,0,2273215
UKR,2020-10-12,0,2273215
UKR,2020-10-13,28353,2301568
UKR,2020-10-14,64500,2366068
UKR,2020-10-15,0,2366068
UKR,2020-10-16,0,2366068
UKR,2020-10-17,36291,2402359
UKR,2020-10-18,0,2402359
UKR,2020-10-19,0,2402359
UKR,2020-10-20,31543,2433902
UKR,2020-10-21,32729,2466631
UKR,2020-10-22,33901,2500532
UKR,2020-10-23,36457,2536989
UKR,2020-10-24,41430,2578419
UKR,2020-10-25,33255,2611674
UKR,2020-10-26,28779,2640453
UKR,2020-10-27,33361,2673814
UKR,2020-10-28,41947,2715761
UKR,2020-10-29,47162,2762923
UKR,2020-10-30,49557,2812480
UKR,2020-10-31,0,2812480
UKR,2020-11-01,0,2812480
UKR,2020-11-02,31662,2844142
UKR,2020-11-03,34818,2878960
UKR,2020-11-04,7460,2886420
UKR,2020-11-05,0,2886420
UKR,2020-11-06,0,2886420
UKR,2020-11-07,51258,2937678
UKR,2020-11-08,41466,2979144
UKR,2020-11-09,34393,3013537
UKR,2020-11-10,42966,3056503
UKR,2020-11-11,43908,3100411
UKR,2020-11-12,46933,3147344
UKR,2020-11-13,46813,3194157
UKR,2020-11-14,84054,3278211
UKR,2020-11-15,0,3278211
UKR,2020-11-16,0,3278211
UKR,2020-11-17,0,3278211
UKR,2020-11-18,42862,3321073
UKR,2020-11-19,40585,3361658
UKR,2020-11-20,45957,3407615
UKR,2020-11-21,45508,3453123
UKR,2020-11-22,0,3453123
UKR,2020-11-23,0,3453123
UKR,2020-11-24,35425,3488548
UKR,2020-11-25,0,3488548
UKR,2020-11-26,0,3488548
UKR,2020-11-27,46005,3534553
UKR,2020-11-28,0,3534553
UKR,2020-11-29,0,3534553
UKR,2020-11-30,0,3534553
UKR,2020-12-01,33817,3568370
UKR,2020-12-02,44445,3612815
UKR,2020-12-03,47172,3659987
UKR,2020-12-04,48028,3708015
UKR,2020-12-05,0,3708015
UKR,2020-12-06,0,3708015
UKR,2020-12-07,0,3708015
UKR,2020-12-08,31018,3739033
UKR,2020-12-09,37522,3776555
UKR,2020-12-10,41279,3817834
UKR,2020-12-11,39519,3857353
UKR,2020-12-12,40967,3898320
UKR,2020-12-13,0,3898320
UKR,2020-12-14,0,3898320
UKR,2020-12-15,0,3898320
UKR,2020-12-16,0,3898320
UKR,2020-12-17,41733,3940053
UKR,2020-12-18,42340,3982393
UKR,2020-12-19,0,3982393
UKR,2020-12-20,0,3982393
UKR,2020-12-21,0,3982393
UKR,2020-12-22,4498,3986891
UKR,2020-12-23,41219,4028110
UKR,2020-12-24,42132,4070242
UKR,2020-12-25,0,4070242
UKR,2020-12-26,0,4070242
UKR,2020-12-27,0,4070242
UKR,2020-12-28,12225,4082467
UKR,2020-12-29,25965,4108432
UKR,2020-12-30,74436,4182868
UKR,2020-12-31,0,4182868
UKR,2021-01-01,0,4182868
UKR,2021-01-02,0,4182868
UKR,2021-01-03,0,4182868
UKR,2021-01-04,0,4182868
UKR,2021-01-05,0,4182868
UKR,2021-01-06,34938,4217806
UKR,2021-01-07,0,4217806
UKR,2021-01-08,0,4217806
UKR,2021-01-09,0,4217806
UKR,2021-01-10,0,4217806
UKR,2021-01-11,12043,4229849
UKR,2021-01-12,23873,4253722
UKR,2021-01-13,0,4253722
UKR,2021-01-14,0,4253722
UKR,2021-01-15,0,4253722
UKR,2021-01-16,0,4253722
UKR,2021-01-17,0,4253722
UKR,2021-01-18,0,4253722
UKR,2021-01-19,18734,4272456
UKR,2021-01-20,26792,4299248
UKR,2021-01-21,24504,4323752
UKR,2021-01-22,23410,4347162
UKR,2021-01-23,0,4347162
UKR,2021-01-24,0,4347162
UKR,2021-01-25,0,4347162
UKR,2021-01-26,16589,4363751
UKR,2021-01-27,27041,4390792
UKR,2021-01-28,32022,4422814
UKR,2021-01-29,24769,4447583
UKR,2021-01-30,0,4447583
UKR,2021-01-31,0,4447583
UKR,2021-02-01,0,4447583
UKR,2021-02-02,0,4447583
UKR,2021-02-03,25235,4472818
UKR,2021-02-04,0,4472818
UKR,2021-02-05,0,4472818
UKR,2021-02-06,0,4472818
UKR,2021-02-07,0,4472818
UKR,2021-02-08,0,4472818
UKR,2021-02-09,0,4472818
UKR,2021-02-10,0,4472818
UKR,2021-02-11,0,4472818
UKR,2021-02-12,25835,4498653
UKR,2021-02-13,0,4498653
UKR,2021-02-14,0,4498653
UKR,2021-02-15,0,4498653
UKR,2021-02-16,45597,4544250
UKR,2021-02-17,25782,4570032
UKR,2021-02-18,28941,4598973
UKR,2021-02-19,26095,4625068
UKR,2021-02-20,0,4625068
UKR,2021-02-21,0,4625068
UKR,2021-02-22,0,4625068
UKR,2021-02-23,23660,4648728
UKR,2021-02-24,34351,4683079
UKR,2021-02-25,36670,4719749
UKR,2021-02-26,36809,4756558
UKR,2021-02-27,0,4756558
UKR,2021-02-28,0,4756558
UKR,2021-03-01,0,4756558
UKR,2021-03-02,27407,4783965
UKR,2021-03-03,34945,4818910
UKR,2021-03-04,38068,4856978
UKR,2021-03-05,40393,4897371
UKR,2021-03-06,38972,4936343
UKR,2021-03-07,24868,4961211
UKR,2021-03-08,15115,4976326
UKR,2021-03-09,0,4976326
UKR,2021-03-10,0,4976326
UKR,2021-03-11,0,4976326
UKR,2021-03-12,0,4976326
UKR,2021-03-13,0,4976326
UKR,2021-03-14,0,4976326
UKR,2021-03-15,0,4976326
UKR,2021-03-16,0,4976326
UKR,2021-03-17,0,4976326
UKR,2021-03-18,0,4976326
UKR,2021-03-19,0,4976326
UKR,2021-03-20,0,4976326
UKR,2021-03-21,0,4976326
UKR,2021-03-22,0,4976326
UKR,2021-03-23,44647,5020973
UKR,2021-03-24,0,5020973
UKR,2021-03-25,0,5020973
UKR,2021-03-26,53495,5074468
UKR,2021-03-27,55500,5129968
UKR,2021-03-28,37979,5167947
UKR,2021-03-29,24404,5192351
UKR,2021-03-30,50836,5243187
UKR,2021-03-31,61839,5305026
UKR,2021-04-01,59803,5364829
UKR,2021-04-02,58944,5423773
UKR,2021-04-03,58951,5482724
UKR,2021-04-04,36311,5519035
UKR,2021-04-05,21963,5540998
UKR,2021-04-06,41512,5582510
UKR,2021-04-07,59049,5641559
UKR,2021-04-08,57996,5699555
UKR,2021-04-09,53373,5752928
UKR,2021-04-10,54420,5807348
UKR,2021-04-11,34461,5841809
UKR,2021-04-12,20831,5862640
UKR,2021-04-13,38684,5901324
UKR,2021-04-14,54353,5955677
UKR,2021-04-15,51344,6007021
UKR,2021-04-16,47421,6054442
UKR,2021-04-17,0,6054442
UKR,2021-04-18,0,6054442
UKR,2021-04-19,0,6054442
UKR,2021-04-20,37557,6091999
UKR,2021-04-21,46746,6138745
UKR,2021-04-22,46516,6185261
UKR,2021-04-23,41305,6226566
UKR,2021-04-24,83873,6310439
UKR,2021-04-25,26432,6336871
UKR,2021-04-26,15379,6352250
UKR,2021-04-27,35761,6388011
UKR,2021-04-28,43841,6431852
UKR,2021-04-29,41499,6473351
UKR,2021-04-30,41388,6514739
UKR,2021-05-01,37455,6552194
UKR,2021-05-02,21609,6573803
UKR,2021-05-03,9298,6583101
UKR,2021-05-04,11817,6594918
UKR,2021-05-05,19206,6614124
UKR,2021-05-06,36945,6651069
UKR,2021-05-07,39748,6690817
UKR,2021-05-08,39126,6729943
UKR,2021-05-09,21796,6751739
UKR,2021-05-10,13158,6764897
UKR,2021-05-11,13349,6778246
UKR,2021-05-12,38750,6816996
UKR,2021-05-13,35366,6852362
UKR,2021-05-14,33889,6886251
UKR,2021-05-15,34108,6920359
UKR,2021-05-16,17389,6937748
UKR,2021-05-17,9966,6947714
UKR,2021-05-18,30693,6978407
UKR,2021-05-19,31935,7010342
UKR,2021-05-20,29509,7039851
UKR,2021-05-21,26154,7066005
UKR,2021-05-22,27443,7093448
UKR,2021-05-23,16285,7109733
UKR,2021-05-24,8684,7118417
UKR,2021-05-25,23440,7141857
UKR,2021-05-26,30724,7172581
UKR,2021-05-27,29280,7201861
UKR,2021-05-28,25454,7227315
UKR,2021-05-29,25401,7252716
UKR,2021-05-30,15199,7267915
UKR,2021-05-31,8822,7276737
UKR,2021-06-01,26468,7303205
UKR,2021-06-02,27936,7331141
UKR,2021-06-03,26468,7357609
UKR,2021-06-04,28696,7386305
UKR,2021-06-05,29061,7415366
UKR,2021-06-06,16749,7432115
UKR,2021-06-07,10723,7442838
UKR,2021-06-08,33355,7476193
UKR,2021-06-09,25344,7501537
UKR,2021-06-10,28997,7530534
UKR,2021-06-11,25837,7556371
UKR,2021-06-12,26999,7583370
UKR,2021-06-13,17138,7600508
UKR,2021-06-14,11638,7612146
UKR,2021-06-15,32313,7644459
UKR,2021-06-16,28321,7672780
UKR,2021-06-17,27036,7699816
UKR,2021-06-18,25888,7725704
UKR,2021-06-19,26463,7752167
UKR,2021-06-20,13865,7766032
UKR,2021-06-21,8943,7774975
UKR,2021-06-22,11881,7786856
UKR,2021-06-23,26280,7813136
UKR,2021-06-24,22496,7835632
UKR,2021-06-25,19481,7855113
UKR,2021-06-26,21715,7876828
UKR,2021-06-27,13926,7890754
UKR,2021-06-28,12098,7902852
UKR,2021-06-29,10930,7913782
ARE,2020-01-29,75,75
ARE,2020-01-30,0,75
ARE,2020-01-31,0,75
ARE,2020-02-01,183,258
ARE,2020-02-02,0,258
ARE,2020-02-03,0,258
ARE,2020-02-04,0,258
ARE,2020-02-05,0,258
ARE,2020-02-06,0,258
ARE,2020-02-07,0,258
ARE,2020-02-08,574,832
ARE,2020-02-09,1360,2192
ARE,2020-02-10,437,2629
ARE,2020-02-11,0,2629
ARE,2020-02-12,0,2629
ARE,2020-02-13,0,2629
ARE,2020-02-14,306,2935
ARE,2020-02-15,0,2935
ARE,2020-02-16,2107,5042
ARE,2020-02-17,0,5042
ARE,2020-02-18,1651,6693
ARE,2020-02-19,0,6693
ARE,2020-02-20,0,6693
ARE,2020-02-21,2201,8894
ARE,2020-02-22,4096,12990
ARE,2020-02-23,0,12990
ARE,2020-02-24,0,12990
ARE,2020-02-25,0,12990
ARE,2020-02-26,0,12990
ARE,2020-02-27,1325,14315
ARE,2020-02-28,8606,22921
ARE,2020-02-29,0,22921
ARE,2020-03-01,0,22921
ARE,2020-03-02,0,22921
ARE,2020-03-03,2113,25034
ARE,2020-03-04,12724,37758
ARE,2020-03-05,0,37758
ARE,2020-03-06,10753,48511
ARE,2020-03-07,4480,52991
ARE,2020-03-08,0,52991
ARE,2020-03-09,6949,59940
ARE,2020-03-10,3618,63558
ARE,2020-03-11,0,63558
ARE,2020-03-12,9973,73531
ARE,2020-03-13,0,73531
ARE,2020-03-14,10040,83571
ARE,2020-03-15,6616,90187
ARE,2020-03-16,0,90187
ARE,2020-03-17,10525,100712
ARE,2020-03-18,0,100712
ARE,2020-03-19,13857,114569
ARE,2020-03-20,0,114569
ARE,2020-03-21,12706,127275
ARE,2020-03-22,0,127275
ARE,2020-03-23,16748,144023
ARE,2020-03-24,9093,153116
ARE,2020-03-25,9536,162652
ARE,2020-03-26,0,162652
ARE,2020-03-27,18882,181534
ARE,2020-03-28,8216,189750
ARE,2020-03-29,9098,198848
ARE,2020-03-30,7694,206542
ARE,2020-03-31,13458,220000
ARE,2020-04-01,20480,240480
ARE,2020-04-02,22433,262913
ARE,2020-04-03,31402,294315
ARE,2020-04-04,39950,334265
ARE,2020-04-05,58348,392613
ARE,2020-04-06,39870,432483
ARE,2020-04-07,58294,490777
ARE,2020-04-08,48418,539195
ARE,2020-04-09,40000,579195
ARE,2020-04-10,49000,628195
ARE,2020-04-11,20000,648195
ARE,2020-04-12,22000,670195
ARE,2020-04-13,23380,693575
ARE,2020-04-14,32000,725575
ARE,2020-04-15,41425,767000
ARE,2020-04-16,25000,792000
ARE,2020-04-17,24000,816000
ARE,2020-04-18,21806,837806
ARE,2020-04-19,25795,863601
ARE,2020-04-20,22807,886408
ARE,2020-04-21,20165,906573
ARE,2020-04-22,23053,929626
ARE,2020-04-23,25506,955132
ARE,2020-04-24,26274,981406
ARE,2020-04-25,21984,1003390
ARE,2020-04-26,25086,1028476
ARE,2020-04-27,26195,1054671
ARE,2020-04-28,27905,1082576
ARE,2020-04-29,26524,1109100
ARE,2020-04-30,36266,1145366
ARE,2020-05-01,26677,1172043
ARE,2020-05-02,18428,1190471
ARE,2020-05-03,28039,1218510
ARE,2020-05-04,25231,1243741
ARE,2020-05-05,33994,1277735
ARE,2020-05-06,41134,1318869
ARE,2020-05-07,33153,1352022
ARE,2020-05-08,29866,1381888
ARE,2020-05-09,26763,1408651
ARE,2020-05-10,32597,1441248
ARE,2020-05-11,34869,1476117
ARE,2020-05-12,37112,1513229
ARE,2020-05-13,38477,1551706
ARE,2020-05-14,35735,1587441
ARE,2020-05-15,40720,1628161
ARE,2020-05-16,37844,1666005
ARE,2020-05-17,38904,1704909
ARE,2020-05-18,43732,1748641
ARE,2020-05-19,43993,1792634
ARE,2020-05-20,50377,1843011
ARE,2020-05-21,39791,1882802
ARE,2020-05-22,35686,1918488
ARE,2020-05-23,41202,1959690
ARE,2020-05-24,28282,1987972
ARE,2020-05-25,27540,2015512
ARE,2020-05-26,38628,2054140
ARE,2020-05-27,36131,2090271
ARE,2020-05-28,42624,2132895
ARE,2020-05-29,37153,2170048
ARE,2020-05-30,30147,2200195
ARE,2020-05-31,35037,2235232
ARE,2020-06-01,41762,2276994
ARE,2020-06-02,54823,2331817
ARE,2020-06-03,44241,2376058
ARE,2020-06-04,52996,2429054
ARE,2020-06-05,44201,2473255
ARE,2020-06-06,32679,2505934
ARE,2020-06-07,37640,2543574
ARE,2020-06-08,47201,2590775
ARE,2020-06-09,45378,2636153
ARE,2020-06-10,44167,2680320
ARE,2020-06-11,40724,2721044
ARE,2020-06-12,43013,2764057
ARE,2020-06-13,27041,2791098
ARE,2020-06-14,38036,2829134
ARE,2020-06-15,39887,2869021
ARE,2020-06-16,40478,2909499
ARE,2020-06-17,38502,2948001
ARE,2020-06-18,34364,2982365
ARE,2020-06-19,48524,3030889
ARE,2020-06-20,40876,3071765
ARE,2020-06-21,40956,3112721
ARE,2020-06-22,44291,3157012
ARE,2020-06-23,49650,3206662
ARE,2020-06-24,49152,3255814
ARE,2020-06-25,52527,3308341
ARE,2020-06-26,58741,3367082
ARE,2020-06-27,43551,3410633
ARE,2020-06-28,63970,3474603
ARE,2020-06-29,62028,3536631
ARE,2020-06-30,56177,3592808
ARE,2020-07-01,54358,3647166
ARE,2020-07-02,71697,3718863
ARE,2020-07-03,47930,3766793
ARE,2020-07-04,28009,3794802
ARE,2020-07-05,44192,3838994
ARE,2020-07-06,51430,3890424
ARE,2020-07-07,49777,3940201
ARE,2020-07-08,47322,3987523
ARE,2020-07-09,58504,4046027
ARE,2020-07-10,50139,4096166
ARE,2020-07-11,34478,4130644
ARE,2020-07-12,50325,4180969
ARE,2020-07-13,34478,4215447
ARE,2020-07-14,52782,4268229
ARE,2020-07-15,48534,4316763
ARE,2020-07-16,48931,4365694
ARE,2020-07-17,48561,4414255
ARE,2020-07-18,46950,4461205
ARE,2020-07-19,47723,4508928
ARE,2020-07-20,27224,4536152
ARE,2020-07-21,40050,4576202
ARE,2020-07-22,47014,4623216
ARE,2020-07-23,54096,4677312
ARE,2020-07-24,46965,4724277
ARE,2020-07-25,52627,4776904
ARE,2020-07-26,51162,4828066
ARE,2020-07-27,47229,4875295
ARE,2020-07-28,43622,4918917
ARE,2020-07-29,47483,4966400
ARE,2020-07-30,55257,5021657
ARE,2020-07-31,54727,5076384
ARE,2020-08-01,43268,5119652
ARE,2020-08-02,42428,5162080
ARE,2020-08-03,27811,5189891
ARE,2020-08-04,29398,5219289
ARE,2020-08-05,43369,5262658
ARE,2020-08-06,50729,5313387
ARE,2020-08-07,61978,5375365
ARE,2020-08-08,63792,5439157
ARE,2020-08-09,61544,5500701
ARE,2020-08-10,58953,5559654
ARE,2020-08-11,64110,5623764
ARE,2020-08-12,72630,5696394
ARE,2020-08-13,68964,5765358
ARE,2020-08-14,82344,5847702
ARE,2020-08-15,77640,5925342
ARE,2020-08-16,65186,5990528
ARE,2020-08-17,71322,6061850
ARE,2020-08-18,59759,6121609
ARE,2020-08-19,72026,6193635
ARE,2020-08-20,72283,6265918
ARE,2020-08-21,82191,6348109
ARE,2020-08-22,70079,6418188
ARE,2020-08-23,71216,6489404
ARE,2020-08-24,71282,6560686
ARE,2020-08-25,69309,6629995
ARE,2020-08-26,57419,6687414
ARE,2020-08-27,68043,6755457
ARE,2020-08-28,79680,6835137
ARE,2020-08-29,88803,6923940
ARE,2020-08-30,87955,7011895
ARE,2020-08-31,82763,7094658
ARE,2020-09-01,82772,7177430
ARE,2020-09-02,79623,7257053
ARE,2020-09-03,67821,7324874
ARE,2020-09-04,80935,7405809
ARE,2020-09-05,82333,7488142
ARE,2020-09-06,87336,7575478
ARE,2020-09-07,57506,7632984
ARE,2020-09-08,71334,7704318
ARE,2020-09-09,85917,7790235
ARE,2020-09-10,82076,7872311
ARE,2020-09-11,75177,7947488
ARE,2020-09-12,95287,8042775
ARE,2020-09-13,84642,8127417
ARE,2020-09-14,61084,8188501
ARE,2020-09-15,86879,8275380
ARE,2020-09-16,93682,8369062
ARE,2020-09-17,92912,8461974
ARE,2020-09-18,97469,8559443
ARE,2020-09-19,103124,8662567
ARE,2020-09-20,97251,8759818
ARE,2020-09-21,72388,8832206
ARE,2020-09-22,98528,8930734
ARE,2020-09-23,103199,9033933
ARE,2020-09-24,93618,9127551
ARE,2020-09-25,92058,9219609
ARE,2020-09-26,98168,9317777
ARE,2020-09-27,106034,9423811
ARE,2020-09-28,76888,9500699
ARE,2020-09-29,98412,9599111
ARE,2020-09-30,105615,9704726
ARE,2020-10-01,91234,9795960
ARE,2020-10-02,107187,9903147
ARE,2020-10-03,117812,10020959
ARE,2020-10-04,108906,10129865
ARE,2020-10-05,87669,10217534
ARE,2020-10-06,102379,10319913
ARE,2020-10-07,111882,10431795
ARE,2020-10-08,115258,10547053
ARE,2020-10-09,120665,10667718
ARE,2020-10-10,136430,10804148
ARE,2020-10-11,133935,10938083
ARE,2020-10-12,78483,11016566
ARE,2020-10-13,96989,11113555
ARE,2020-10-14,103132,11216687
ARE,2020-10-15,114147,11330834
ARE,2020-10-16,116470,11447304
ARE,2020-10-17,130567,11577871
ARE,2020-10-18,115293,11693164
ARE,2020-10-19,77291,11770455
ARE,2020-10-20,112196,11882651
ARE,2020-10-21,105740,11988391
ARE,2020-10-22,114483,12102874
ARE,2020-10-23,120351,12223225
ARE,2020-10-24,124404,12347629
ARE,2020-10-25,118058,12465687
ARE,2020-10-26,85093,12550780
ARE,2020-10-27,110807,12661587
ARE,2020-10-28,104673,12766260
ARE,2020-10-29,130573,12896833
ARE,2020-10-30,143336,13040169
ARE,2020-10-31,143991,13184160
ARE,2020-11-01,112546,13296706
ARE,2020-11-02,71466,13368172
ARE,2020-11-03,96994,13465166
ARE,2020-11-04,116083,13581249
ARE,2020-11-05,131633,13712882
ARE,2020-11-06,137606,13850488
ARE,2020-11-07,132347,13982835
ARE,2020-11-08,154882,14137717
ARE,2020-11-09,85643,14223360
ARE,2020-11-10,135883,14359243
ARE,2020-11-11,114653,14473896
ARE,2020-11-12,128186,14602082
ARE,2020-11-13,124494,14726576
ARE,2020-11-14,125915,14852491
ARE,2020-11-15,126916,14979407
ARE,2020-11-16,84154,15063561
ARE,2020-11-17,105024,15168585
ARE,2020-11-18,116396,15284981
ARE,2020-11-19,120041,15405022
ARE,2020-11-20,129558,15534580
ARE,2020-11-21,133003,15667583
ARE,2020-11-22,110952,15778535
ARE,2020-11-23,81558,15860093
ARE,2020-11-24,100011,15960104
ARE,2020-11-25,113220,16073324
ARE,2020-11-26,136352,16209676
ARE,2020-11-27,145103,16354779
ARE,2020-11-28,148245,16503024
ARE,2020-11-29,137203,16640227
ARE,2020-11-30,87514,16727741
ARE,2020-12-01,129900,16857641
ARE,2020-12-02,136483,16994124
ARE,2020-12-03,132380,17126504
ARE,2020-12-04,113928,17240432
ARE,2020-12-05,83146,17323578
ARE,2020-12-06,92147,17415725
ARE,2020-12-07,87635,17503360
ARE,2020-12-08,146020,17649380
ARE,2020-12-09,149798,17799178
ARE,2020-12-10,156425,17955603
ARE,2020-12-11,163352,18118955
ARE,2020-12-12,156513,18275468
ARE,2020-12-13,143781,18419249
ARE,2020-12-14,98562,18517811
ARE,2020-12-15,155176,18672987
ARE,2020-12-16,144174,18817161
ARE,2020-12-17,139909,18957070
ARE,2020-12-18,144602,19101672
ARE,2020-12-19,136132,19237804
ARE,2020-12-20,128562,19366366
ARE,2020-12-21,94911,19461277
ARE,2020-12-22,140051,19601328
ARE,2020-12-23,145523,19746851
ARE,2020-12-24,138914,19885765
ARE,2020-12-25,143901,20029666
ARE,2020-12-26,157461,20187127
ARE,2020-12-27,152146,20339273
ARE,2020-12-28,100946,20440219
ARE,2020-12-29,153157,20593376
ARE,2020-12-30,150244,20743620
ARE,2020-12-31,146721,20890341
ARE,2021-01-01,145163,21035504
ARE,2021-01-02,152588,21188092
ARE,2021-01-03,125232,21313324
ARE,2021-01-04,116687,21430011
ARE,2021-01-05,153645,21583656
ARE,2021-01-06,156553,21740209
ARE,2021-01-07,163100,21903309
ARE,2021-01-08,166435,22069744
ARE,2021-01-09,168770,22238514
ARE,2021-01-10,171951,22410465
ARE,2021-01-11,133458,22543923
ARE,2021-01-12,151480,22695403
ARE,2021-01-13,134768,22830171
ARE,2021-01-14,126625,22956796
ARE,2021-01-15,131262,23088058
ARE,2021-01-16,151096,23239154
ARE,2021-01-17,162251,23401405
ARE,2021-01-18,142388,23543793
ARE,2021-01-19,163049,23706842
ARE,2021-01-20,162945,23869787
ARE,2021-01-21,163285,24033072
ARE,2021-01-22,170694,24203766
ARE,2021-01-23,174172,24377938
ARE,2021-01-24,179117,24557055
ARE,2021-01-25,140477,24697532
ARE,2021-01-26,175249,24872781
ARE,2021-01-27,174016,25046797
ARE,2021-01-28,168781,25215578
ARE,2021-01-29,180930,25396508
ARE,2021-01-30,183952,25580460
ARE,2021-01-31,184260,25764720
ARE,2021-02-01,127572,25892292
ARE,2021-02-02,181635,26073927
ARE,2021-02-03,173952,26247879
ARE,2021-02-04,156472,26404351
ARE,2021-02-05,148574,26552925
ARE,2021-02-06,150706,26703631
ARE,2021-02-07,192241,26895872
ARE,2021-02-08,148587,27044459
ARE,2021-02-09,165796,27210255
ARE,2021-02-10,166879,27377134
ARE,2021-02-11,180340,27557474
ARE,2021-02-12,164551,27722025
ARE,2021-02-13,184981,27907006
ARE,2021-02-14,207432,28114438
ARE,2021-02-15,162774,28277212
ARE,2021-02-16,193163,28470375
ARE,2021-02-17,185502,28655877
ARE,2021-02-18,171667,28827544
ARE,2021-02-19,169526,28997070
ARE,2021-02-20,165357,29162427
ARE,2021-02-21,197701,29360128
ARE,2021-02-22,156430,29516558
ARE,2021-02-23,175284,29691842
ARE,2021-02-24,179229,29871071
ARE,2021-02-25,195866,30066937
ARE,2021-02-26,187176,30254113
ARE,2021-02-27,185599,30439712
ARE,2021-02-28,226139,30665851
ARE,2021-03-01,175033,30840884
ARE,2021-03-02,225159,31066043
ARE,2021-03-03,218351,31284394
ARE,2021-03-04,235797,31520191
ARE,2021-03-05,242742,31762933
ARE,2021-03-06,242159,32005092
ARE,2021-03-07,234763,32239855
ARE,2021-03-08,181571,32421426
ARE,2021-03-09,219593,32641019
ARE,2021-03-10,242026,32883045
ARE,2021-03-11,225489,33108534
ARE,2021-03-12,239525,33348059
ARE,2021-03-13,244459,33592518
ARE,2021-03-14,232901,33825419
ARE,2021-03-15,205579,34030998
ARE,2021-03-16,208085,34239083
ARE,2021-03-17,236988,34476071
ARE,2021-03-18,198328,34674399
ARE,2021-03-19,239268,34913667
ARE,2021-03-20,240035,35153702
ARE,2021-03-21,237479,35391181
ARE,2021-03-22,185531,35576712
ARE,2021-03-23,209079,35785791
ARE,2021-03-24,226275,36012066
ARE,2021-03-25,235564,36247630
ARE,2021-03-26,236782,36484412
ARE,2021-03-27,248372,36732784
ARE,2021-03-28,230734,36963518
ARE,2021-03-29,167309,37130827
ARE,2021-03-30,223799,37354626
ARE,2021-03-31,244422,37599048
ARE,2021-04-01,237240,37836288
ARE,2021-04-02,244357,38080645
ARE,2021-04-03,252243,38332888
ARE,2021-04-04,260445,38593333
ARE,2021-04-05,195573,38788906
ARE,2021-04-06,254944,39043850
ARE,2021-04-07,243759,39287609
ARE,2021-04-08,249014,39536623
ARE,2021-04-09,247634,39784257
ARE,2021-04-10,237130,40021387
ARE,2021-04-11,242415,40263802
ARE,2021-04-12,193896,40457698
ARE,2021-04-13,266023,40723721
ARE,2021-04-14,256181,40979902
ARE,2021-04-15,225031,41204933
ARE,2021-04-16,198135,41403068
ARE,2021-04-17,214765,41617833
ARE,2021-04-18,203347,41821180
ARE,2021-04-19,141862,41963042
ARE,2021-04-20,192238,42155280
ARE,2021-04-21,191886,42347166
ARE,2021-04-22,203232,42550398
ARE,2021-04-23,202068,42752466
ARE,2021-04-24,212779,42965245
ARE,2021-04-25,205321,43170566
ARE,2021-04-26,160390,43330956
ARE,2021-04-27,185007,43515963
ARE,2021-04-28,195166,43711129
ARE,2021-04-29,193693,43904822
ARE,2021-04-30,204093,44108915
ARE,2021-05-01,202881,44311796
ARE,2021-05-02,205625,44517421
ARE,2021-05-03,156940,44674361
ARE,2021-05-04,179453,44853814
ARE,2021-05-05,204724,45058538
ARE,2021-05-06,196777,45255315
ARE,2021-05-07,211462,45466777
ARE,2021-05-08,200648,45667425
ARE,2021-05-09,203147,45870572
ARE,2021-05-10,142603,46013175
ARE,2021-05-11,177688,46190863
ARE,2021-05-12,210362,46401225
ARE,2021-05-13,212212,46613437
ARE,2021-05-14,186370,46799807
ARE,2021-05-15,161182,46960989
ARE,2021-05-16,103918,47064907
ARE,2021-05-17,141947,47206854
ARE,2021-05-18,202184,47409038
ARE,2021-05-19,249847,47658885
ARE,2021-05-20,244880,47903765
ARE,2021-05-21,241630,48145395
ARE,2021-05-22,224887,48370282
ARE,2021-05-23,236993,48607275
ARE,2021-05-24,178528,48785803
ARE,2021-05-25,224002,49009805
ARE,2021-05-26,225954,49235759
ARE,2021-05-27,225957,49461716
ARE,2021-05-28,239852,49701568
ARE,2021-05-29,204487,49906055
ARE,2021-05-30,242981,50149036
ARE,2021-05-31,189946,50338982
ARE,2021-06-01,215689,50554671
ARE,2021-06-02,218977,50773648
ARE,2021-06-03,230728,51004376
ARE,2021-06-04,233038,51237414
ARE,2021-06-05,246510,51483924
ARE,2021-06-06,231928,51715852
ARE,2021-06-07,208090,51923942
ARE,2021-06-08,209026,52132968
ARE,2021-06-09,254412,52387380
ARE,2021-06-10,240744,52628124
ARE,2021-06-11,225651,52853775
ARE,2021-06-12,249746,53103521
ARE,2021-06-13,217849,53321370
ARE,2021-06-14,237439,53558809
ARE,2021-06-15,229143,53787952
ARE,2021-06-16,227684,54015636
ARE,2021-06-17,243844,54259480
ARE,2021-06-18,253077,54512557
ARE,2021-06-19,267968,54780525
ARE,2021-06-20,266926,55047451
ARE,2021-06-21,231497,55278948
ARE,2021-06-22,274675,55553623
ARE,2021-06-23,249333,55802956
ARE,2021-06-24,282345,56085301
ARE,2021-06-25,293212,56378513
ARE,2021-06-26,274917,56653430
ARE,2021-06-27,266342,56919772
ARE,2021-06-28,232544,57152316
GBR,2020-03-31,11896,11896
GBR,2020-04-01,11924,23820
GBR,2020-04-02,13457,37277
GBR,2020-04-03,14293,51570
GBR,2020-04-04,15899,67469
GBR,2020-04-05,12733,80202
GBR,2020-04-06,13684,93886
GBR,2020-04-07,14419,108305
GBR,2020-04-08,16443,124748
GBR,2020-04-09,18843,143591
GBR,2020-04-10,17737,161328
GBR,2020-04-11,17650,178978
GBR,2020-04-12,14506,193484
GBR,2020-04-13,14567,208051
GBR,2020-04-14,15991,224042
GBR,2020-04-15,18489,242531
GBR,2020-04-16,20906,263437
GBR,2020-04-17,21081,284518
GBR,2020-04-18,21249,305767
GBR,2020-04-19,19316,325083
GBR,2020-04-20,17365,342448
GBR,2020-04-21,22763,365211
GBR,2020-04-22,23073,388284
GBR,2020-04-23,28024,416308
GBR,2020-04-24,28225,444533
GBR,2020-04-25,29058,473591
GBR,2020-04-26,31610,505201
GBR,2020-04-27,31453,536654
GBR,2020-04-28,45263,581917
GBR,2020-04-29,65643,647560
GBR,2020-04-30,83143,730703
GBR,2020-05-01,74142,804845
GBR,2020-05-02,63559,868404
GBR,2020-05-03,68203,936607
GBR,2020-05-04,72630,1009237
GBR,2020-05-05,66919,1076156
GBR,2020-05-06,74455,1150611
GBR,2020-05-07,77466,1228077
GBR,2020-05-08,76963,1305040
GBR,2020-05-09,77152,1382192
GBR,2020-05-10,76507,1458699
GBR,2020-05-11,70332,1529031
GBR,2020-05-12,74593,1603624
GBR,2020-05-13,83182,1686806
GBR,2020-05-14,84693,1771499
GBR,2020-05-15,91342,1862841
GBR,2020-05-16,91360,1954201
GBR,2020-05-17,81278,2035479
GBR,2020-05-18,70074,2105553
GBR,2020-05-19,86041,2191594
GBR,2020-05-20,86634,2278228
GBR,2020-05-21,105655,2383883
GBR,2020-05-22,91196,2475079
GBR,2020-05-23,91841,2566920
GBR,2020-05-24,59464,2626384
GBR,2020-05-25,78385,2704769
GBR,2020-05-26,77745,2782514
GBR,2020-05-27,82670,2865184
GBR,2020-05-28,101753,2966937
GBR,2020-05-29,105459,3072396
GBR,2020-05-30,96995,3169391
GBR,2020-05-31,82243,3251634
GBR,2020-06-01,70648,3322282
GBR,2020-06-02,92299,3414581
GBR,2020-06-03,101885,3516466
GBR,2020-06-04,99484,3615950
GBR,2020-06-05,101961,3717911
GBR,2020-06-06,93154,3811065
GBR,2020-06-07,86926,3897991
GBR,2020-06-08,69999,3967990
GBR,2020-06-09,93959,4061949
GBR,2020-06-10,101033,4162982
GBR,2020-06-11,101778,4264760
GBR,2020-06-12,98899,4363659
GBR,2020-06-13,98974,4462633
GBR,2020-06-14,69529,4532162
GBR,2020-06-15,71402,4603564
GBR,2020-06-16,80862,4684426
GBR,2020-06-17,86438,4770864
GBR,2020-06-18,89613,4860477
GBR,2020-06-19,90547,4951024
GBR,2020-06-20,83467,5034491
GBR,2020-06-21,60484,5094975
GBR,2020-06-22,63026,5158001
GBR,2020-06-23,73646,5231647
GBR,2020-06-24,91135,5322782
GBR,2020-06-25,108124,5430906
GBR,2020-06-26,105971,5536877
GBR,2020-06-27,100631,5637508
GBR,2020-06-28,83157,5720665
GBR,2020-06-29,75662,5796327
GBR,2020-06-30,112164,5908491
GBR,2020-07-01,123348,6031839
GBR,2020-07-02,136186,6168025
GBR,2020-07-03,139218,6307243
GBR,2020-07-04,114274,6421517
GBR,2020-07-05,92774,6514291
GBR,2020-07-06,77469,6591760
GBR,2020-07-07,106977,6698737
GBR,2020-07-08,127389,6826126
GBR,2020-07-09,137861,6963987
GBR,2020-07-10,134030,7098017
GBR,2020-07-11,126549,7224566
GBR,2020-07-12,94700,7319266
GBR,2020-07-13,85880,7405146
GBR,2020-07-14,118186,7523332
GBR,2020-07-15,137828,7661160
GBR,2020-07-16,150975,7812135
GBR,2020-07-17,164440,7976575
GBR,2020-07-18,135779,8112354
GBR,2020-07-19,114222,8226576
GBR,2020-07-20,92518,8319094
GBR,2020-07-21,132626,8451720
GBR,2020-07-22,137234,8588954
GBR,2020-07-23,141117,8730071
GBR,2020-07-24,147292,8877363
GBR,2020-07-25,139062,9016425
GBR,2020-07-26,111801,9128226
GBR,2020-07-27,89565,9217791
GBR,2020-07-28,147818,9365609
GBR,2020-07-29,157439,9523048
GBR,2020-07-30,170027,9693075
GBR,2020-07-31,164748,9857823
GBR,2020-08-01,146011,10003834
GBR,2020-08-02,145568,10149402
GBR,2020-08-03,144999,10294401
GBR,2020-08-04,150265,10444666
GBR,2020-08-05,161111,10605777
GBR,2020-08-06,174833,10780610
GBR,2020-08-07,173213,10953823
GBR,2020-08-08,160651,11114474
GBR,2020-08-09,162990,11277464
GBR,2020-08-10,152498,11429962
GBR,2020-08-11,157558,11587520
GBR,2020-08-12,176489,11764009
GBR,2020-08-13,163470,11927479
GBR,2020-08-14,170441,12097920
GBR,2020-08-15,180197,12278117
GBR,2020-08-16,168144,12446261
GBR,2020-08-17,146264,12592525
GBR,2020-08-18,157194,12749719
GBR,2020-08-19,181358,12931077
GBR,2020-08-20,174250,13105327
GBR,2020-08-21,181878,13287205
GBR,2020-08-22,177279,13464484
GBR,2020-08-23,165455,13629939
GBR,2020-08-24,147940,13777879
GBR,2020-08-25,179602,13957481
GBR,2020-08-26,206143,14163624
GBR,2020-08-27,194522,14358146
GBR,2020-08-28,188974,14547120
GBR,2020-08-29,180033,14727153
GBR,2020-08-30,181038,14908191
GBR,2020-08-31,180368,15088559
GBR,2020-09-01,171339,15259898
GBR,2020-09-02,196734,15456632
GBR,2020-09-03,198603,15655235
GBR,2020-09-04,202893,15858128
GBR,2020-09-05,189054,16047182
GBR,2020-09-06,192892,16240074
GBR,2020-09-07,201965,16442039
GBR,2020-09-08,202809,16644848
GBR,2020-09-09,220626,16865474
GBR,2020-09-10,233125,17098599
GBR,2020-09-11,241650,17340249
GBR,2020-09-12,228748,17568997
GBR,2020-09-13,225380,17794377
GBR,2020-09-14,216526,18010903
GBR,2020-09-15,236827,18247730
GBR,2020-09-16,242273,18490003
GBR,2020-09-17,240202,18730205
GBR,2020-09-18,266308,18996513
GBR,2020-09-19,250954,19247467
GBR,2020-09-20,234786,19482253
GBR,2020-09-21,206782,19689035
GBR,2020-09-22,234815,19923850
GBR,2020-09-23,259221,20183071
GBR,2020-09-24,262109,20445180
GBR,2020-09-25,288701,20733881
GBR,2020-09-26,255488,20989369
GBR,2020-09-27,263526,21252895
GBR,2020-09-28,227038,21479933
GBR,2020-09-29,232212,21712145
GBR,2020-09-30,255915,21968060
GBR,2020-10-01,264979,22233039
GBR,2020-10-02,269820,22502859
GBR,2020-10-03,286802,22789661
GBR,2020-10-04,250348,23040009
GBR,2020-10-05,273100,23313109
GBR,2020-10-06,261336,23574445
GBR,2020-10-07,254579,23829024
GBR,2020-10-08,285015,24114039
GBR,2020-10-09,296559,24410598
GBR,2020-10-10,279606,24690204
GBR,2020-10-11,258955,24949159
GBR,2020-10-12,219074,25168233
GBR,2020-10-13,264713,25432946
GBR,2020-10-14,295690,25728636
GBR,2020-10-15,304315,26032951
GBR,2020-10-16,312178,26345129
GBR,2020-10-17,308416,26653545
GBR,2020-10-18,306893,26960438
GBR,2020-10-19,260338,27220776
GBR,2020-10-20,279996,27500772
GBR,2020-10-21,310331,27811103
GBR,2020-10-22,340137,28151240
GBR,2020-10-23,346682,28497922
GBR,2020-10-24,317896,28815818
GBR,2020-10-25,321114,29136932
GBR,2020-10-26,261861,29398793
GBR,2020-10-27,280997,29679790
GBR,2020-10-28,308810,29988600
GBR,2020-10-29,347632,30336232
GBR,2020-10-30,305207,30641439
GBR,2020-10-31,292573,30934012
GBR,2020-11-01,270473,31204485
GBR,2020-11-02,207831,31412316
GBR,2020-11-03,265136,31677452
GBR,2020-11-04,301288,31978740
GBR,2020-11-05,344159,32322899
GBR,2020-11-06,355032,32677931
GBR,2020-11-07,329430,33007361
GBR,2020-11-08,283397,33290758
GBR,2020-11-09,243245,33534003
GBR,2020-11-10,304843,33838846
GBR,2020-11-11,377608,34216454
GBR,2020-11-12,379955,34596409
GBR,2020-11-13,382110,34978519
GBR,2020-11-14,343784,35322303
GBR,2020-11-15,283866,35606169
GBR,2020-11-16,234189,35840358
GBR,2020-11-17,283358,36123716
GBR,2020-11-18,364490,36488206
GBR,2020-11-19,395436,36883642
GBR,2020-11-20,391667,37275309
GBR,2020-11-21,369040,37644349
GBR,2020-11-22,279041,37923390
GBR,2020-11-23,212533,38135923
GBR,2020-11-24,311763,38447686
GBR,2020-11-25,356026,38803712
GBR,2020-11-26,383521,39187233
GBR,2020-11-27,333917,39521150
GBR,2020-11-28,311126,39832276
GBR,2020-11-29,219899,40052175
GBR,2020-11-30,214835,40267010
GBR,2020-12-01,312003,40579013
GBR,2020-12-02,352990,40932003
GBR,2020-12-03,389476,41321479
GBR,2020-12-04,380886,41702365
GBR,2020-12-05,354799,42057164
GBR,2020-12-06,272787,42329951
GBR,2020-12-07,215981,42545932
GBR,2020-12-08,294966,42840898
GBR,2020-12-09,369586,43210484
GBR,2020-12-10,400646,43611130
GBR,2020-12-11,391531,44002661
GBR,2020-12-12,358491,44361152
GBR,2020-12-13,312273,44673425
GBR,2020-12-14,275772,44949197
GBR,2020-12-15,304360,45253557
GBR,2020-12-16,364388,45617945
GBR,2020-12-17,375185,45993130
GBR,2020-12-18,390130,46383260
GBR,2020-12-19,440584,46823844
GBR,2020-12-20,433470,47257314
GBR,2020-12-21,423675,47680989
GBR,2020-12-22,453903,48134892
GBR,2020-12-23,509507,48644399
GBR,2020-12-24,463123,49107522
GBR,2020-12-25,339024,49446546
GBR,2020-12-26,269876,49716422
GBR,2020-12-27,352702,50069124
GBR,2020-12-28,357238,50426362
GBR,2020-12-29,344775,50771137
GBR,2020-12-30,420492,51191629
GBR,2020-12-31,482473,51674102
GBR,2021-01-01,422804,52096906
GBR,2021-01-02,411523,52508429
GBR,2021-01-03,428770,52937199
GBR,2021-01-04,464611,53401810
GBR,2021-01-05,498624,53900434
GBR,2021-01-06,557441,54457875
GBR,2021-01-07,619941,55077816
GBR,2021-01-08,680215,55758031
GBR,2021-01-09,567302,56325333
GBR,2021-01-10,485874,56811207
GBR,2021-01-11,536947,57348154
GBR,2021-01-12,584760,57932914
GBR,2021-01-13,628556,58561470
GBR,2021-01-14,695148,59256618
GBR,2021-01-15,596727,59853345
GBR,2021-01-16,491137,60344482
GBR,2021-01-17,417329,60761811
GBR,2021-01-18,556689,61318500
GBR,2021-01-19,579194,61897694
GBR,2021-01-20,640856,62538550
GBR,2021-01-21,665330,63203880
GBR,2021-01-22,629416,63833296
GBR,2021-01-23,484485,64317781
GBR,2021-01-24,412204,64729985
GBR,2021-01-25,542893,65272878
GBR,2021-01-26,596845,65869723
GBR,2021-01-27,771710,66641433
GBR,2021-01-28,753031,67394464
GBR,2021-01-29,662675,68057139
GBR,2021-01-30,439006,68496145
GBR,2021-01-31,574012,69070157
GBR,2021-02-01,643204,69713361
GBR,2021-02-02,606382,70319743
GBR,2021-02-03,801949,71121692
GBR,2021-02-04,783851,71905543
GBR,2021-02-05,671585,72577128
GBR,2021-02-06,454008,73031136
GBR,2021-02-07,584933,73616069
GBR,2021-02-08,616718,74232787
GBR,2021-02-09,579266,74812053
GBR,2021-02-10,763311,75575364
GBR,2021-02-11,730223,76305587
GBR,2021-02-12,626243,76931830
GBR,2021-02-13,403600,77335430
GBR,2021-02-14,401786,77737216
GBR,2021-02-15,457144,78194360
GBR,2021-02-16,488578,78682938
GBR,2021-02-17,578844,79261782
GBR,2021-02-18,560400,79822182
GBR,2021-02-19,521230,80343412
GBR,2021-02-20,408118,80751530
GBR,2021-02-21,590591,81342121
GBR,2021-02-22,670560,82012681
GBR,2021-02-23,594629,82607310
GBR,2021-02-24,740717,83348027
GBR,2021-02-25,731410,84079437
GBR,2021-02-26,604745,84684182
GBR,2021-02-27,383946,85068128
GBR,2021-02-28,526679,85594807
GBR,2021-03-01,727972,86322779
GBR,2021-03-02,675543,86998322
GBR,2021-03-03,863658,87861980
GBR,2021-03-04,992812,88854792
GBR,2021-03-05,953671,89808463
GBR,2021-03-06,452750,90261213
GBR,2021-03-07,805744,91066957
GBR,2021-03-08,1529525,92596482
GBR,2021-03-09,1374579,93971061
GBR,2021-03-10,1554080,95525141
GBR,2021-03-11,1614145,97139286
GBR,2021-03-12,1402203,98541489
GBR,2021-03-13,437958,98979447
GBR,2021-03-14,965127,99944574
GBR,2021-03-15,1573774,101518348
GBR,2021-03-16,1319784,102838132
GBR,2021-03-17,1635141,104473273
GBR,2021-03-18,1437257,105910530
GBR,2021-03-19,933234,106843764
GBR,2021-03-20,473050,107316814
GBR,2021-03-21,1893830,109210644
GBR,2021-03-22,1191048,110401692
GBR,2021-03-23,839954,111241646
GBR,2021-03-24,1813842,113055488
GBR,2021-03-25,1275285,114330773
GBR,2021-03-26,722814,115053587
GBR,2021-03-27,471328,115524915
GBR,2021-03-28,1641942,117166857
GBR,2021-03-29,972317,118139174
GBR,2021-03-30,695477,118834651
GBR,2021-03-31,1266685,120101336
GBR,2021-04-01,953206,121054542
GBR,2021-04-02,555613,121610155
GBR,2021-04-03,405634,122015789
GBR,2021-04-04,813693,122829482
GBR,2021-04-05,741323,123570805
GBR,2021-04-06,631846,124202651
GBR,2021-04-07,1034088,125236739
GBR,2021-04-08,931579,126168318
GBR,2021-04-09,676307,126844625
GBR,2021-04-10,482153,127326778
GBR,2021-04-11,1218037,128544815
GBR,2021-04-12,874399,129419214
GBR,2021-04-13,679109,130098323
GBR,2021-04-14,1162840,131261163
GBR,2021-04-15,988311,132249474
GBR,2021-04-16,681887,132931361
GBR,2021-04-17,492826,133424187
GBR,2021-04-18,1673788,135097975
GBR,2021-04-19,1041368,136139343
GBR,2021-04-20,730210,136869553
GBR,2021-04-21,1371393,138240946
GBR,2021-04-22,1111876,139352822
GBR,2021-04-23,722997,140075819
GBR,2021-04-24,502663,140578482
GBR,2021-04-25,1477709,142056191
GBR,2021-04-26,1034181,143090372
GBR,2021-04-27,730262,143820634
GBR,2021-04-28,1360719,145181353
GBR,2021-04-29,1072576,146253929
GBR,2021-04-30,667686,146921615
GBR,2021-05-01,485640,147407255
GBR,2021-05-02,832918,148240173
GBR,2021-05-03,1069724,149309897
GBR,2021-05-04,860368,150170265
GBR,2021-05-05,1214689,151384954
GBR,2021-05-06,1067566,152452520
GBR,2021-05-07,708935,153161455
GBR,2021-05-08,490546,153652001
GBR,2021-05-09,1322338,154974339
GBR,2021-05-10,955467,155929806
GBR,2021-05-11,711104,156640910
GBR,2021-05-12,1184941,157825851
GBR,2021-05-13,982881,158808732
GBR,2021-05-14,674608,159483340
GBR,2021-05-15,460202,159943542
GBR,2021-05-16,1086443,161029985
GBR,2021-05-17,967126,161997111
GBR,2021-05-18,732012,162729123
GBR,2021-05-19,1180660,163909783
GBR,2021-05-20,982099,164891882
GBR,2021-05-21,715414,165607296
GBR,2021-05-22,499089,166106385
GBR,2021-05-23,1165801,167272186
GBR,2021-05-24,946830,168219016
GBR,2021-05-25,741912,168960928
GBR,2021-05-26,1132061,170092989
GBR,2021-05-27,959007,171051996
GBR,2021-05-28,679217,171731213
GBR,2021-05-29,488274,172219487
GBR,2021-05-30,625777,172845264
GBR,2021-05-31,602019,173447283
GBR,2021-06-01,664849,174112132
GBR,2021-06-02,854697,174966829
GBR,2021-06-03,806272,175773101
GBR,2021-06-04,670715,176443816
GBR,2021-06-05,488842,176932658
GBR,2021-06-06,1242068,178174726
GBR,2021-06-07,928425,179103151
GBR,2021-06-08,727274,179830425
GBR,2021-06-09,1085999,180916424
GBR,2021-06-10,945090,181861514
GBR,2021-06-11,736654,182598168
GBR,2021-06-12,533809,183131977
GBR,2021-06-13,1052222,184184199
GBR,2021-06-14,930123,185114322
GBR,2021-06-15,777277,185891599
GBR,2021-06-16,1101741,186993340
GBR,2021-06-17,1034415,188027755
GBR,2021-06-18,791219,188818974
GBR,2021-06-19,591871,189410845
GBR,2021-06-20,1149112,190559957
GBR,2021-06-21,1019739,191579696
GBR,2021-06-22,821585,192401281
GBR,2021-06-23,1150834,193552115
GBR,2021-06-24,1068088,194620203
GBR,2021-06-25,850807,195471010
GBR,2021-06-26,622246,196093256
GBR,2021-06-27,1216682,197309938
USA,2020-03-01,347,347
USA,2020-03-02,505,852
USA,2020-03-03,605,1457
USA,2020-03-04,857,2314
USA,2020-03-05,1190,3504
USA,2020-03-06,1484,4988
USA,2020-03-07,1763,6751
USA,2020-03-08,1602,8353
USA,2020-03-09,2322,10675
USA,2020-03-10,3349,14024
USA,2020-03-11,4692,18716
USA,2020-03-12,8796,27512
USA,2020-03-13,11674,39186
USA,2020-03-14,12989,52175
USA,2020-03-15,14423,66598
USA,2020-03-16,27540,94138
USA,2020-03-17,40187,134325
USA,2020-03-18,50850,185175
USA,2020-03-19,60738,245913
USA,2020-03-20,76383,322296
USA,2020-03-21,76451,398747
USA,2020-03-22,74439,473186
USA,2020-03-23,80449,553635
USA,2020-03-24,104631,658266
USA,2020-03-25,114785,773051
USA,2020-03-26,129478,902529
USA,2020-03-27,136212,1038741
USA,2020-03-28,122021,1160762
USA,2020-03-29,110163,1270925
USA,2020-03-30,123611,1394536
USA,2020-03-31,142493,1537029
USA,2020-04-01,153604,1690633
USA,2020-04-02,162212,1852845
USA,2020-04-03,169984,2022829
USA,2020-04-04,148704,2171533
USA,2020-04-05,139565,2311098
USA,2020-04-06,143985,2455083
USA,2020-04-07,180418,2635501
USA,2020-04-08,169100,2804601
USA,2020-04-09,175042,2979643
USA,2020-04-10,172993,3152636
USA,2020-04-11,210725,3363361
USA,2020-04-12,111648,3475009
USA,2020-04-13,114205,3589214
USA,2020-04-14,162482,3751696
USA,2020-04-15,172171,3923867
USA,2020-04-16,184141,4108008
USA,2020-04-17,198305,4306313
USA,2020-04-18,167071,4473384
USA,2020-04-19,134267,4607651
USA,2020-04-20,160160,4767811
USA,2020-04-21,221088,4988899
USA,2020-04-22,235728,5224627
USA,2020-04-23,232971,5457598
USA,2020-04-24,259256,5716854
USA,2020-04-25,219429,5936283
USA,2020-04-26,171520,6107803
USA,2020-04-27,225732,6333535
USA,2020-04-28,269631,6603166
USA,2020-04-29,294651,6897817
USA,2020-04-30,322469,7220286
USA,2020-05-01,336483,7556769
USA,2020-05-02,268270,7825039
USA,2020-05-03,207580,8032619
USA,2020-05-04,250570,8283189
USA,2020-05-05,319191,8602380
USA,2020-05-06,359375,8961755
USA,2020-05-07,362024,9323779
USA,2020-05-08,402937,9726716
USA,2020-05-09,335192,10061908
USA,2020-05-10,248609,10310517
USA,2020-05-11,319372,10629889
USA,2020-05-12,421358,11051247
USA,2020-05-13,449954,11501201
USA,2020-05-14,449675,11950876
USA,2020-05-15,444823,12395699
USA,2020-05-16,365688,12761387
USA,2020-05-17,304159,13065546
USA,2020-05-18,352281,13417827
USA,2020-05-19,432995,13850822
USA,2020-05-20,462020,14312842
USA,2020-05-21,458812,14771654
USA,2020-05-22,491400,15263054
USA,2020-05-23,389927,15652981
USA,2020-05-24,346393,15999374
USA,2020-05-25,328724,16328098
USA,2020-05-26,460287,16788385
USA,2020-05-27,552883,17341268
USA,2020-05-28,535116,17876384
USA,2020-05-29,545523,18421907
USA,2020-05-30,453143,18875050
USA,2020-05-31,373164,19248214
USA,2020-06-01,438768,19686982
USA,2020-06-02,521244,20208226
USA,2020-06-03,581853,20790079
USA,2020-06-04,617916,21407995
USA,2020-06-05,572627,21980622
USA,2020-06-06,464261,22444883
USA,2020-06-07,405504,22850387
USA,2020-06-08,448907,23299294
USA,2020-06-09,559848,23859142
USA,2020-06-10,628276,24487418
USA,2020-06-11,614546,25101964
USA,2020-06-12,616244,25718208
USA,2020-06-13,531587,26249795
USA,2020-06-14,413114,26662909
USA,2020-06-15,506146,27169055
USA,2020-06-16,672634,27841689
USA,2020-06-17,705661,28547350
USA,2020-06-18,701716,29249066
USA,2020-06-19,704190,29953256
USA,2020-06-20,584046,30537302
USA,2020-06-21,421283,30958585
USA,2020-06-22,547647,31506232
USA,2020-06-23,700226,32206458
USA,2020-06-24,766595,32973053
USA,2020-06-25,771305,33744358
USA,2020-06-26,809674,34554032
USA,2020-06-27,693455,35247487
USA,2020-06-28,565949,35813436
USA,2020-06-29,664544,36477980
USA,2020-06-30,855755,37333735
USA,2020-07-01,884268,38218003
USA,2020-07-02,858328,39076331
USA,2020-07-03,800582,39876913
USA,2020-07-04,620410,40497323
USA,2020-07-05,526774,41024097
USA,2020-07-06,725086,41749183
USA,2020-07-07,902857,42652040
USA,2020-07-08,980206,43632246
USA,2020-07-09,1011473,44643719
USA,2020-07-10,1015385,45659104
USA,2020-07-11,840175,46499279
USA,2020-07-12,698151,47197430
USA,2020-07-13,867842,48065272
USA,2020-07-14,1003571,49068843
USA,2020-07-15,1035095,50103938
USA,2020-07-16,1028697,51132635
USA,2020-07-17,1047051,52179686
USA,2020-07-18,911598,53091284
USA,2020-07-19,718130,53809414
USA,2020-07-20,907677,54717091
USA,2020-07-21,1036058,55753149
USA,2020-07-22,1109365,56862514
USA,2020-07-23,1083534,57946048
USA,2020-07-24,1074390,59020438
USA,2020-07-25,881777,59902215
USA,2020-07-26,677203,60579418
USA,2020-07-27,797322,61376740
USA,2020-07-28,967186,62343926
USA,2020-07-29,1040057,63383983
USA,2020-07-30,1037797,64421780
USA,2020-07-31,989942,65411722
USA,2020-08-01,792369,66204091
USA,2020-08-02,624159,66828250
USA,2020-08-03,776357,67604607
USA,2020-08-04,882793,68487400
USA,2020-08-05,965040,69452440
USA,2020-08-06,989683,70442123
USA,2020-08-07,1015037,71457160
USA,2020-08-08,815481,72272641
USA,2020-08-09,626494,72899135
USA,2020-08-10,784611,73683746
USA,2020-08-11,908803,74592549
USA,2020-08-12,1028171,75620720
USA,2020-08-13,979814,76600534
USA,2020-08-14,960875,77561409
USA,2020-08-15,767576,78328985
USA,2020-08-16,572546,78901531
USA,2020-08-17,676356,79577887
USA,2020-08-18,894840,80472727
USA,2020-08-19,1004587,81477314
USA,2020-08-20,995902,82473216
USA,2020-08-21,964971,83438187
USA,2020-08-22,794173,84232360
USA,2020-08-23,561655,84794015
USA,2020-08-24,666261,85460276
USA,2020-08-25,905024,86365300
USA,2020-08-26,1017309,87382609
USA,2020-08-27,1019795,88402404
USA,2020-08-28,986447,89388851
USA,2020-08-29,798161,90187012
USA,2020-08-30,614162,90801174
USA,2020-08-31,661157,91462331
USA,2020-09-01,906397,92368728
USA,2020-09-02,1025984,93394712
USA,2020-09-03,1031778,94426490
USA,2020-09-04,998353,95424843
USA,2020-09-05,815828,96240671
USA,2020-09-06,565103,96805774
USA,2020-09-07,414205,97219979
USA,2020-09-08,662821,97882800
USA,2020-09-09,958033,98840833
USA,2020-09-10,1086338,99927171
USA,2020-09-11,1099234,101026405
USA,2020-09-12,865092,101891497
USA,2020-09-13,627234,102518731
USA,2020-09-14,707986,103226717
USA,2020-09-15,966261,104192978
USA,2020-09-16,1138269,105331247
USA,2020-09-17,1157123,106488370
USA,2020-09-18,1228433,107716803
USA,2020-09-19,937875,108654678
USA,2020-09-20,623753,109278431
USA,2020-09-21,749269,110027700
USA,2020-09-22,1028259,111055959
USA,2020-09-23,1203536,112259495
USA,2020-09-24,1201523,113461018
USA,2020-09-25,1128556,114589574
USA,2020-09-26,938356,115527930
USA,2020-09-27,597038,116124968
USA,2020-09-28,667200,116792168
USA,2020-09-29,984324,117776492
USA,2020-09-30,1200819,118977311
USA,2020-10-01,1224080,120201391
USA,2020-10-02,1192015,121393406
USA,2020-10-03,976580,122369986
USA,2020-10-04,641224,123011210
USA,2020-10-05,806594,123817804
USA,2020-10-06,1226874,125044678
USA,2020-10-07,1411650,126456328
USA,2020-10-08,1430432,127886760
USA,2020-10-09,1400134,129286894
USA,2020-10-10,1103560,130390454
USA,2020-10-11,747638,131138092
USA,2020-10-12,808963,131947055
USA,2020-10-13,1064299,133011354
USA,2020-10-14,1228683,134240037
USA,2020-10-15,1302462,135542499
USA,2020-10-16,1329196,136871695
USA,2020-10-17,1116183,137987878
USA,2020-10-18,770493,138758371
USA,2020-10-19,874957,139633328
USA,2020-10-20,1276727,140910055
USA,2020-10-21,1479101,142389156
USA,2020-10-22,1531767,143920923
USA,2020-10-23,1465157,145386080
USA,2020-10-24,1179580,146565660
USA,2020-10-25,793387,147359047
USA,2020-10-26,953276,148312323
USA,2020-10-27,1339238,149651561
USA,2020-10-28,1502652,151154213
USA,2020-10-29,1484033,152638246
USA,2020-10-30,1499921,154138167
USA,2020-10-31,1220740,155358907
USA,2020-11-01,900196,156259103
USA,2020-11-02,1016908,157276011
USA,2020-11-03,1367074,158643085
USA,2020-11-04,1631825,160274910
USA,2020-11-05,1695238,161970148
USA,2020-11-06,1676993,163647141
USA,2020-11-07,1455522,165102663
USA,2020-11-08,1010820,166113483
USA,2020-11-09,1223584,167337067
USA,2020-11-10,1538027,168875094
USA,2020-11-11,1790422,170665516
USA,2020-11-12,1852589,172518105
USA,2020-11-13,1904064,174422169
USA,2020-11-14,1598692,176020861
USA,2020-11-15,1197702,177218563
USA,2020-11-16,1490080,178708643
USA,2020-11-17,1904310,180612953
USA,2020-11-18,2098292,182711245
USA,2020-11-19,2074776,184786021
USA,2020-11-20,2148384,186934405
USA,2020-11-21,1855975,188790380
USA,2020-11-22,1422467,190212847
USA,2020-11-23,1672301,191885148
USA,2020-11-24,1968568,193853716
USA,2020-11-25,2222275,196075991
USA,2020-11-26,1506429,197582420
USA,2020-11-27,1510750,199093170
USA,2020-11-28,1347225,200440395
USA,2020-11-29,1151478,201591873
USA,2020-11-30,1463963,203055836
USA,2020-12-01,1841200,204897036
USA,2020-12-02,2095612,206992648
USA,2020-12-03,2145986,209138634
USA,2020-12-04,2116216,211254850
USA,2020-12-05,1690832,212945682
USA,2020-12-06,1292448,214238130
USA,2020-12-07,1538658,215776788
USA,2020-12-08,1911700,217688488
USA,2020-12-09,2120350,219808838
USA,2020-12-10,2176908,221985746
USA,2020-12-11,2051867,224037613
USA,2020-12-12,1718383,225755996
USA,2020-12-13,1245736,227001732
USA,2020-12-14,1487896,228489628
USA,2020-12-15,1937833,230427461
USA,2020-12-16,2068807,232496268
USA,2020-12-17,2042639,234538907
USA,2020-12-18,2012675,236551582
USA,2020-12-19,1700981,238252563
USA,2020-12-20,1270685,239523248
USA,2020-12-21,1519471,241042719
USA,2020-12-22,1978463,243021182
USA,2020-12-23,2266263,245287445
USA,2020-12-24,1882457,247169902
USA,2020-12-25,1068887,248238789
USA,2020-12-26,981084,249219873
USA,2020-12-27,936422,250156295
USA,2020-12-28,1281866,251438161
USA,2020-12-29,1855441,253293602
USA,2020-12-30,2184658,255478260
USA,2020-12-31,1917658,257395918
USA,2021-01-01,1243010,258638928
USA,2021-01-02,1108276,259747204
USA,2021-01-03,1041536,260788740
USA,2021-01-04,1392811,262181551
USA,2021-01-05,1952643,264134194
USA,2021-01-06,2317840,266452034
USA,2021-01-07,2251363,268703397
USA,2021-01-08,2143636,270847033
USA,2021-01-09,1712309,272559342
USA,2021-01-10,1159228,273718570
USA,2021-01-11,1515864,275234434
USA,2021-01-12,2019830,277254264
USA,2021-01-13,2098331,279352595
USA,2021-01-14,2068743,281421338
USA,2021-01-15,2028841,283450179
USA,2021-01-16,1580552,285030731
USA,2021-01-17,1065840,286096571
USA,2021-01-18,1284311,287380882
USA,2021-01-19,1802571,289183453
USA,2021-01-20,2122176,291305629
USA,2021-01-21,2039695,293345324
USA,2021-01-22,1913868,295259192
USA,2021-01-23,1541743,296800935
USA,2021-01-24,998100,297799035
USA,2021-01-25,1225905,299024940
USA,2021-01-26,1772504,300797444
USA,2021-01-27,2053961,302851405
USA,2021-01-28,1896181,304747586
USA,2021-01-29,1832510,306580096
USA,2021-01-30,1430981,308011077
USA,2021-01-31,943955,308955032
USA,2021-02-01,1031948,309986980
USA,2021-02-02,1632009,311618989
USA,2021-02-03,1868926,313487915
USA,2021-02-04,1928044,315415959
USA,2021-02-05,1828575,317244534
USA,2021-02-06,1332893,318577427
USA,2021-02-07,828581,319406008
USA,2021-02-08,1042091,320448099
USA,2021-02-09,1691545,322139644
USA,2021-02-10,1637637,323777281
USA,2021-02-11,1414887,325192168
USA,2021-02-12,1411757,326603925
USA,2021-02-13,1101327,327705252
USA,2021-02-14,663815,328369067
USA,2021-02-15,797914,329166981
USA,2021-02-16,1249575,330416556
USA,2021-02-17,1469994,331886550
USA,2021-02-18,1414231,333300781
USA,2021-02-19,1353238,334654019
USA,2021-02-20,1057427,335711446
USA,2021-02-21,683444,336394890
USA,2021-02-22,1038567,337433457
USA,2021-02-23,1642747,339076204
USA,2021-02-24,1686445,340762649
USA,2021-02-25,1610809,342373458
USA,2021-02-26,1475123,343848581
USA,2021-02-27,1074085,344922666
USA,2021-02-28,632742,345555408
USA,2021-03-01,993084,346548492
USA,2021-03-02,1610682,348159174
USA,2021-03-03,1735765,349894939
USA,2021-03-04,1551558,351446497
USA,2021-03-05,1429961,352876458
USA,2021-03-06,1066023,353942481
USA,2021-03-07,608662,354551143
USA,2021-03-08,975919,355527062
USA,2021-03-09,1539426,357066488
USA,2021-03-10,1612122,358678610
USA,2021-03-11,1496168,360174778
USA,2021-03-12,1397803,361572581
USA,2021-03-13,1024404,362596985
USA,2021-03-14,578755,363175740
USA,2021-03-15,945880,364121620
USA,2021-03-16,1494866,365616486
USA,2021-03-17,1614367,367230853
USA,2021-03-18,1472701,368703554
USA,2021-03-19,1341825,370045379
USA,2021-03-20,988852,371034231
USA,2021-03-21,613161,371647392
USA,2021-03-22,972622,372620014
USA,2021-03-23,1525025,374145039
USA,2021-03-24,1651973,375797012
USA,2021-03-25,1442892,377239904
USA,2021-03-26,1370739,378610643
USA,2021-03-27,997472,379608115
USA,2021-03-28,622184,380230299
USA,2021-03-29,1004976,381235275
USA,2021-03-30,1529068,382764343
USA,2021-03-31,1576095,384340438
USA,2021-04-01,1437775,385778213
USA,2021-04-02,1340694,387118907
USA,2021-04-03,968021,388086928
USA,2021-04-04,562920,388649848
USA,2021-04-05,944718,389594566
USA,2021-04-06,1547487,391142053
USA,2021-04-07,1660663,392802716
USA,2021-04-08,1509864,394312580
USA,2021-04-09,1446049,395758629
USA,2021-04-10,1008707,396767336
USA,2021-04-11,642841,397410177
USA,2021-04-12,1049217,398459394
USA,2021-04-13,1605579,400064973
USA,2021-04-14,1666759,401731732
USA,2021-04-15,1476466,403208198
USA,2021-04-16,1447638,404655836
USA,2021-04-17,1005129,405660965
USA,2021-04-18,611010,406271975
USA,2021-04-19,1013517,407285492
USA,2021-04-20,1562823,408848315
USA,2021-04-21,1646093,410494408
USA,2021-04-22,1488988,411983396
USA,2021-04-23,1404769,413388165
USA,2021-04-24,991101,414379266
USA,2021-04-25,588287,414967553
USA,2021-04-26,992734,415960287
USA,2021-04-27,1566081,417526368
USA,2021-04-28,1570381,419096749
USA,2021-04-29,1412568,420509317
USA,2021-04-30,1308987,421818304
USA,2021-05-01,901118,422719422
USA,2021-05-02,520309,423239731
USA,2021-05-03,890695,424130426
USA,2021-05-04,1415826,425546252
USA,2021-05-05,1520887,427067139
USA,2021-05-06,1303092,428370231
USA,2021-05-07,1170435,429540666
USA,2021-05-08,848212,430388878
USA,2021-05-09,482294,430871172
USA,2021-05-10,852213,431723385
USA,2021-05-11,1325941,433049326
USA,2021-05-12,1335327,434384653
USA,2021-05-13,1187991,435572644
USA,2021-05-14,1079346,436651990
USA,2021-05-15,784428,437436418
USA,2021-05-16,452003,437888421
USA,2021-05-17,792637,438681058
USA,2021-05-18,1209070,439890128
USA,2021-05-19,1173357,441063485
USA,2021-05-20,1002780,442066265
USA,2021-05-21,977180,443043445
USA,2021-05-22,704842,443748287
USA,2021-05-23,405870,444154157
USA,2021-05-24,702094,444856251
USA,2021-05-25,1065695,445921946
USA,2021-05-26,1041829,446963775
USA,2021-05-27,921272,447885047
USA,2021-05-28,830722,448715769
USA,2021-05-29,570635,449286404
USA,2021-05-30,354352,449640756
USA,2021-05-31,312031,449952787
USA,2021-06-01,698316,450651103
USA,2021-06-02,1100748,451751851
USA,2021-06-03,980930,452732781
USA,2021-06-04,862410,453595191
USA,2021-06-05,610951,454206142
USA,2021-06-06,364631,454570773
USA,2021-06-07,635727,455206500
USA,2021-06-08,882188,456088688
USA,2021-06-09,868390,456957078
USA,2021-06-10,783463,457740541
USA,2021-06-11,754789,458495330
USA,2021-06-12,552655,459047985
USA,2021-06-13,344545,459392530
USA,2021-06-14,591154,459983684
USA,2021-06-15,810601,460794285
USA,2021-06-16,775338,461569623
USA,2021-06-17,704163,462273786
USA,2021-06-18,670121,462943907
USA,2021-06-19,481558,463425465
USA,2021-06-20,308935,463734400
USA,2021-06-21,471233,464205633
USA,2021-06-22,602218,464807851
USA,2021-06-23,571647,465379498
USA,2021-06-24,466242,465845740
USA,2021-06-25,349631,466195371
URY,2020-03-28,0,0
URY,2020-03-29,200,200
URY,2020-03-30,299,499
URY,2020-03-31,394,893
URY,2020-04-01,289,1182
URY,2020-04-02,356,1538
URY,2020-04-03,322,1860
URY,2020-04-04,277,2137
URY,2020-04-05,145,2282
URY,2020-04-06,177,2459
URY,2020-04-07,342,2801
URY,2020-04-08,448,3249
URY,2020-04-09,681,3930
URY,2020-04-10,640,4570
URY,2020-04-11,618,5188
URY,2020-04-12,660,5848
URY,2020-04-13,462,6310
URY,2020-04-14,693,7003
URY,2020-04-15,519,7522
URY,2020-04-16,791,8313
URY,2020-04-17,510,8823
URY,2020-04-18,729,9552
URY,2020-04-19,348,9900
URY,2020-04-20,0,9900
URY,2020-04-21,0,9900
URY,2020-04-22,527,10427
URY,2020-04-23,609,11036
URY,2020-04-24,610,11646
URY,2020-04-25,692,12338
URY,2020-04-26,662,13000
URY,2020-04-27,567,13567
URY,2020-04-28,442,14009
URY,2020-04-29,635,14644
URY,2020-04-30,876,15520
URY,2020-05-01,731,16251
URY,2020-05-02,807,17058
URY,2020-05-03,610,17668
URY,2020-05-04,775,18443
URY,2020-05-05,866,19309
URY,2020-05-06,1006,20315
URY,2020-05-07,845,21160
URY,2020-05-08,1042,22202
URY,2020-05-09,1140,23342
URY,2020-05-10,623,23965
URY,2020-05-11,1236,25201
URY,2020-05-12,0,25201
URY,2020-05-13,0,25201
URY,2020-05-14,709,25910
URY,2020-05-15,1000,26910
URY,2020-05-16,1016,27926
URY,2020-05-17,811,28737
URY,2020-05-18,825,29562
URY,2020-05-19,523,30085
URY,2020-05-20,410,30495
URY,2020-05-21,0,30495
URY,2020-05-22,0,30495
URY,2020-05-23,1641,32136
URY,2020-05-24,0,32136
URY,2020-05-25,0,32136
URY,2020-05-26,549,32685
URY,2020-05-27,774,33459
URY,2020-05-28,760,34219
URY,2020-05-29,1240,35459
URY,2020-05-30,1155,36614
URY,2020-05-31,855,37469
URY,2020-06-01,0,37469
URY,2020-06-02,0,37469
URY,2020-06-03,715,38184
URY,2020-06-04,551,38735
URY,2020-06-05,735,39470
URY,2020-06-06,921,40391
URY,2020-06-07,596,40987
URY,2020-06-08,403,41390
URY,2020-06-09,464,41854
URY,2020-06-10,757,42611
URY,2020-06-11,820,43431
URY,2020-06-12,840,44271
URY,2020-06-13,765,45036
URY,2020-06-14,784,45820
URY,2020-06-15,403,46223
URY,2020-06-16,460,46683
URY,2020-06-17,761,47444
URY,2020-06-18,1410,48854
URY,2020-06-19,338,49192
URY,2020-06-20,643,49835
URY,2020-06-21,412,50247
URY,2020-06-22,398,50645
URY,2020-06-23,1158,51803
URY,2020-06-24,1473,53276
URY,2020-06-25,1290,54566
URY,2020-06-26,1157,55723
URY,2020-06-27,1418,57141
URY,2020-06-28,403,57544
URY,2020-06-29,1040,58584
URY,2020-06-30,674,59258
URY,2020-07-01,0,59258
URY,2020-07-02,0,59258
URY,2020-07-03,0,59258
URY,2020-07-04,0,59258
URY,2020-07-05,0,59258
URY,2020-07-06,0,59258
URY,2020-07-07,1056,60314
URY,2020-07-08,959,61273
URY,2020-07-09,1467,62740
URY,2020-07-10,1224,63964
URY,2020-07-11,858,64822
URY,2020-07-12,469,65291
URY,2020-07-13,1377,66668
URY,2020-07-14,1483,68151
URY,2020-07-15,0,68151
URY,2020-07-16,0,68151
URY,2020-07-17,0,68151
URY,2020-07-18,0,68151
URY,2020-07-19,0,68151
URY,2020-07-20,2033,70184
URY,2020-07-21,1407,71591
URY,2020-07-22,3100,74691
URY,2020-07-23,2316,77007
URY,2020-07-24,2100,79107
URY,2020-07-25,1488,80595
URY,2020-07-26,1943,82538
URY,2020-07-27,1955,84493
URY,2020-07-28,2363,86856
URY,2020-07-29,1990,88846
URY,2020-07-30,1640,90486
URY,2020-07-31,2586,93072
URY,2020-08-01,1663,94735
URY,2020-08-02,1853,96588
URY,2020-08-03,1989,98577
URY,2020-08-04,0,98577
URY,2020-08-05,0,98577
URY,2020-08-06,0,98577
URY,2020-08-07,0,98577
URY,2020-08-08,1953,100530
URY,2020-08-09,0,100530
URY,2020-08-10,0,100530
URY,2020-08-11,2192,102722
URY,2020-08-12,1757,104479
URY,2020-08-13,1514,105993
URY,2020-08-14,3899,109892
URY,2020-08-15,1629,111521
URY,2020-08-16,2038,113559
URY,2020-08-17,0,113559
URY,2020-08-18,0,113559
URY,2020-08-19,4527,118086
URY,2020-08-20,2310,120396
URY,2020-08-21,0,120396
URY,2020-08-22,0,120396
URY,2020-08-23,1514,121910
URY,2020-08-24,0,121910
URY,2020-08-25,0,121910
URY,2020-08-26,1609,123519
URY,2020-08-27,1379,124898
URY,2020-08-28,1599,126497
URY,2020-08-29,3521,130018
URY,2020-08-30,844,130862
URY,2020-08-31,1106,131968
URY,2020-09-01,1893,133861
URY,2020-09-02,0,133861
URY,2020-09-03,0,133861
URY,2020-09-04,0,133861
URY,2020-09-05,0,133861
URY,2020-09-06,0,133861
URY,2020-09-07,0,133861
URY,2020-09-08,0,133861
URY,2020-09-09,1720,135581
URY,2020-09-10,2222,137803
URY,2020-09-11,2621,140424
URY,2020-09-12,1693,142117
URY,2020-09-13,1149,143266
URY,2020-09-14,3394,146660
URY,2020-09-15,1797,148457
URY,2020-09-16,2046,150503
URY,2020-09-17,3015,153518
URY,2020-09-18,1906,155424
URY,2020-09-19,0,155424
URY,2020-09-20,0,155424
URY,2020-09-21,3457,158881
URY,2020-09-22,1881,160762
URY,2020-09-23,3074,163836
URY,2020-09-24,3009,166845
URY,2020-09-25,1481,168326
URY,2020-09-26,2532,170858
URY,2020-09-27,1183,172041
URY,2020-09-28,2841,174882
URY,2020-09-29,1543,176425
URY,2020-09-30,2353,178778
URY,2020-10-01,2661,181439
URY,2020-10-02,3220,184659
URY,2020-10-03,3061,187720
URY,2020-10-04,1569,189289
URY,2020-10-05,0,189289
URY,2020-10-06,0,189289
URY,2020-10-07,2819,192108
URY,2020-10-08,2597,194705
URY,2020-10-09,2995,197700
URY,2020-10-10,2720,200420
URY,2020-10-11,1595,202015
URY,2020-10-12,2340,204355
URY,2020-10-13,1813,206168
URY,2020-10-14,2540,208708
URY,2020-10-15,2825,211533
URY,2020-10-16,2954,214487
URY,2020-10-17,2601,217088
URY,2020-10-18,0,217088
URY,2020-10-19,0,217088
URY,2020-10-20,2679,219767
URY,2020-10-21,3512,223279
URY,2020-10-22,2430,225709
URY,2020-10-23,3054,228763
URY,2020-10-24,3621,232384
URY,2020-10-25,3134,235518
URY,2020-10-26,2481,237999
URY,2020-10-27,2438,240437
URY,2020-10-28,3710,244147
URY,2020-10-29,3857,248004
URY,2020-10-30,2696,250700
URY,2020-10-31,3073,253773
URY,2020-11-01,3341,257114
URY,2020-11-02,1214,258328
URY,2020-11-03,2650,260978
URY,2020-11-04,3081,264059
URY,2020-11-05,3271,267330
URY,2020-11-06,3043,270373
URY,2020-11-07,2935,273308
URY,2020-11-08,4226,277534
URY,2020-11-09,2994,280528
URY,2020-11-10,3285,283813
URY,2020-11-11,4341,288154
URY,2020-11-12,3802,291956
URY,2020-11-13,3183,295139
URY,2020-11-14,4640,299779
URY,2020-11-15,3829,303608
URY,2020-11-16,2807,306415
URY,2020-11-17,4092,310507
URY,2020-11-18,5087,315594
URY,2020-11-19,3555,319149
URY,2020-11-20,4739,323888
URY,2020-11-21,0,323888
URY,2020-11-22,0,323888
URY,2020-11-23,2131,326019
URY,2020-11-24,5003,331022
URY,2020-11-25,5763,336785
URY,2020-11-26,3830,340615
URY,2020-11-27,4329,344944
URY,2020-11-28,3912,348856
URY,2020-11-29,5867,354723
URY,2020-11-30,3698,358421
URY,2020-12-01,3621,362042
URY,2020-12-02,5267,367309
URY,2020-12-03,5599,372908
URY,2020-12-04,7473,380381
URY,2020-12-05,4961,385342
URY,2020-12-06,7362,392704
URY,2020-12-07,4117,396821
URY,2020-12-08,5622,402443
URY,2020-12-09,6353,408796
URY,2020-12-10,6385,415181
URY,2020-12-11,6045,421226
URY,2020-12-12,6669,427895
URY,2020-12-13,6658,434553
URY,2020-12-14,0,434553
URY,2020-12-15,0,434553
URY,2020-12-16,7410,441963
URY,2020-12-17,8695,450658
URY,2020-12-18,7177,457835
URY,2020-12-19,8249,466084
URY,2020-12-20,6553,472637
URY,2020-12-21,5950,478587
URY,2020-12-22,7374,485961
URY,2020-12-23,10892,496853
URY,2020-12-24,13346,510199
URY,2020-12-25,6215,516414
URY,2020-12-26,3353,519767
URY,2020-12-27,6992,526759
URY,2020-12-28,5423,532182
URY,2020-12-29,7137,539319
URY,2020-12-30,7410,546729
URY,2020-12-31,6779,553508
URY,2021-01-01,4640,558148
URY,2021-01-02,3973,562121
URY,2021-01-03,5450,567571
URY,2021-01-04,0,567571
URY,2021-01-05,0,567571
URY,2021-01-06,6534,574105
URY,2021-01-07,6031,580136
URY,2021-01-08,7215,587351
URY,2021-01-09,0,587351
URY,2021-01-10,0,587351
URY,2021-01-11,4933,592284
URY,2021-01-12,7826,600110
URY,2021-01-13,7385,607495
URY,2021-01-14,7640,615135
URY,2021-01-15,8792,623927
URY,2021-01-16,8527,632454
URY,2021-01-17,6247,638701
URY,2021-01-18,0,638701
URY,2021-01-19,0,638701
URY,2021-01-20,7847,646548
URY,2021-01-21,7330,653878
URY,2021-01-22,9533,663411
URY,2021-01-23,6512,669923
URY,2021-01-24,6314,676237
URY,2021-01-25,4467,680704
URY,2021-01-26,7308,688012
URY,2021-01-27,7628,695640
URY,2021-01-28,7290,702930
URY,2021-01-29,8468,711398
URY,2021-01-30,6077,717475
URY,2021-01-31,5302,722777
URY,2021-02-01,4097,726874
URY,2021-02-02,7104,733978
URY,2021-02-03,7829,741807
URY,2021-02-04,6814,748621
URY,2021-02-05,0,748621
URY,2021-02-06,0,748621
URY,2021-02-07,0,748621
URY,2021-02-08,0,748621
URY,2021-02-09,0,748621
URY,2021-02-10,0,748621
URY,2021-02-11,6126,754747
URY,2021-02-12,0,754747
URY,2021-02-13,0,754747
URY,2021-02-14,5614,760361
URY,2021-02-15,3402,763763
URY,2021-02-16,5010,768773
URY,2021-02-17,6032,774805
URY,2021-02-18,6562,781367
URY,2021-02-19,6611,787978
URY,2021-02-20,6359,794337
URY,2021-02-21,5304,799641
URY,2021-02-22,4867,804508
URY,2021-02-23,0,804508
URY,2021-02-24,0,804508
URY,2021-02-25,0,804508
URY,2021-02-26,0,804508
URY,2021-02-27,6493,811001
URY,2021-02-28,5540,816541
URY,2021-03-01,5478,822019
URY,2021-03-02,6548,828567
URY,2021-03-03,7118,835685
URY,2021-03-04,6701,842386
URY,2021-03-05,7198,849584
URY,2021-03-06,9318,858902
URY,2021-03-07,5403,864305
URY,2021-03-08,0,864305
URY,2021-03-09,0,864305
URY,2021-03-10,0,864305
URY,2021-03-11,0,864305
URY,2021-03-12,0,864305
URY,2021-03-13,0,864305
URY,2021-03-14,0,864305
URY,2021-03-15,0,864305
URY,2021-03-16,0,864305
URY,2021-03-17,0,864305
URY,2021-03-18,0,864305
URY,2021-03-19,0,864305
URY,2021-03-20,0,864305
URY,2021-03-21,0,864305
URY,2021-03-22,14952,879257
URY,2021-03-23,0,879257
URY,2021-03-24,0,879257
URY,2021-03-25,11657,890914
URY,2021-03-26,18903,909817
URY,2021-03-27,13098,922915
URY,2021-03-28,11417,934332
URY,2021-03-29,15101,949433
URY,2021-03-30,17864,967297
URY,2021-03-31,19414,986711
URY,2021-04-01,15104,1001815
URY,2021-04-02,0,1001815
URY,2021-04-03,0,1001815
URY,2021-04-04,0,1001815
URY,2021-04-05,0,1001815
URY,2021-04-06,13955,1015770
URY,2021-04-07,0,1015770
URY,2021-04-08,0,1015770
URY,2021-04-09,15815,1031585
URY,2021-04-10,15345,1046930
URY,2021-04-11,12990,1059920
URY,2021-04-12,11720,1071640
URY,2021-04-13,16946,1088586
URY,2021-04-14,14200,1102786
URY,2021-04-15,18835,1121621
URY,2021-04-16,0,1121621
URY,2021-04-17,0,1121621
URY,2021-04-18,0,1121621
URY,2021-04-19,11273,1132894
URY,2021-04-20,16076,1148970
URY,2021-04-21,17646,1166616
URY,2021-04-22,0,1166616
URY,2021-04-23,0,1166616
URY,2021-04-24,0,1166616
URY,2021-04-25,13912,1180528
URY,2021-04-26,10927,1191455
URY,2021-04-27,14368,1205823
URY,2021-04-28,15171,1220994
URY,2021-04-29,14347,1235341
URY,2021-04-30,12812,1248153
URY,2021-05-01,0,1248153
URY,2021-05-02,0,1248153
URY,2021-05-03,8117,1256270
URY,2021-05-04,13894,1270164
URY,2021-05-05,14230,1284394
URY,2021-05-06,15979,1300373
URY,2021-05-07,12870,1313243
URY,2021-05-08,11439,1324682
URY,2021-05-09,12110,1336792
URY,2021-05-10,10232,1347024
URY,2021-05-11,15160,1362184
URY,2021-05-12,0,1362184
URY,2021-05-13,0,1362184
URY,2021-05-14,14976,1377160
URY,2021-05-15,0,1377160
URY,2021-05-16,0,1377160
URY,2021-05-17,11148,1388308
URY,2021-05-18,14201,1402509
URY,2021-05-19,14060,1416569
URY,2021-05-20,21237,1437806
URY,2021-05-21,17608,1455414
URY,2021-05-22,0,1455414
URY,2021-05-23,0,1455414
URY,2021-05-24,11723,1467137
URY,2021-05-25,19179,1486316
URY,2021-05-26,21368,1507684
URY,2021-05-27,20597,1528281
URY,2021-05-28,0,1528281
URY,2021-05-29,0,1528281
URY,2021-05-30,0,1528281
URY,2021-05-31,16889,1545170
URY,2021-06-01,21699,1566869
URY,2021-06-02,23506,1590375
URY,2021-06-03,18610,1608985
URY,2021-06-04,0,1608985
URY,2021-06-05,0,1608985
URY,2021-06-06,0,1608985
URY,2021-06-07,16229,1625214
URY,2021-06-08,23566,1648780
URY,2021-06-09,22520,1671300
URY,2021-06-10,23970,1695270
URY,2021-06-11,21409,1716679
URY,2021-06-12,0,1716679
URY,2021-06-13,0,1716679
URY,2021-06-14,15546,1732225
URY,2021-06-15,19669,1751894
URY,2021-06-16,20249,1772143
URY,2021-06-17,18915,1791058
URY,2021-06-18,19476,1810534
URY,2021-06-19,0,1810534
URY,2021-06-20,0,1810534
URY,2021-06-21,11933,1822467
URY,2021-06-22,17502,1839969
URY,2021-06-23,16916,1856885
URY,2021-06-24,16951,1873836
URY,2021-06-25,15058,1888894
URY,2021-06-26,0,1888894
URY,2021-06-27,0,1888894
VNM,2020-02-13,0,0
VNM,2020-02-14,97,97
VNM,2020-02-15,131,228
VNM,2020-02-16,10,238
VNM,2020-02-17,33,271
VNM,2020-02-18,26,297
VNM,2020-02-19,30,327
VNM,2020-02-20,21,348
VNM,2020-02-21,25,373
VNM,2020-02-22,22,395
VNM,2020-02-23,0,395
VNM,2020-02-24,0,395
VNM,2020-02-25,0,395
VNM,2020-02-26,61,456
VNM,2020-02-27,67,523
VNM,2020-02-28,0,523
VNM,2020-02-29,0,523
VNM,2020-03-01,62,585
VNM,2020-03-02,78,663
VNM,2020-03-03,32,695
VNM,2020-03-04,63,758
VNM,2020-03-05,76,834
VNM,2020-03-06,84,918
VNM,2020-03-07,101,1019
VNM,2020-03-08,0,1019
VNM,2020-03-09,0,1019
VNM,2020-03-10,0,1019
VNM,2020-03-11,0,1019
VNM,2020-03-12,0,1019
VNM,2020-03-13,0,1019
VNM,2020-03-14,0,1019
VNM,2020-03-15,0,1019
VNM,2020-03-16,0,1019
VNM,2020-03-17,0,1019
VNM,2020-03-18,0,1019
VNM,2020-03-19,0,1019
VNM,2020-03-20,0,1019
VNM,2020-03-21,0,1019
VNM,2020-03-22,0,1019
VNM,2020-03-23,0,1019
VNM,2020-03-24,7040,8059
VNM,2020-03-25,6237,14296
VNM,2020-03-26,1333,15629
VNM,2020-03-27,3928,19557
VNM,2020-03-28,3379,22936
VNM,2020-03-29,0,22936
VNM,2020-03-30,0,22936
VNM,2020-03-31,0,22936
VNM,2020-04-01,0,22936
VNM,2020-04-02,0,22936
VNM,2020-04-03,0,22936
VNM,2020-04-04,0,22936
VNM,2020-04-05,0,22936
VNM,2020-04-06,0,22936
VNM,2020-04-07,17848,40784
VNM,2020-04-08,3725,44509
VNM,2020-04-09,4117,48626
VNM,2020-04-10,4566,53192
VNM,2020-04-11,3014,56206
VNM,2020-04-12,2669,58875
VNM,2020-04-13,3863,62738
VNM,2020-04-14,4418,67156
VNM,2020-04-15,0,67156
VNM,2020-04-16,0,67156
VNM,2020-04-17,0,67156
VNM,2020-04-18,1755,68911
VNM,2020-04-19,0,68911
VNM,2020-04-20,0,68911
VNM,2020-04-21,0,68911
VNM,2020-04-22,0,68911
VNM,2020-04-23,4050,72961
VNM,2020-04-24,21913,94874
VNM,2020-04-25,976,95850
VNM,2020-04-26,823,96673
VNM,2020-04-27,778,97451
VNM,2020-04-28,26152,123603
VNM,2020-07-04,0,123603
VNM,2020-07-05,0,123603
VNM,2020-07-06,0,123603
VNM,2020-07-07,0,123603
VNM,2020-07-08,0,123603
VNM,2020-07-09,0,123603
VNM,2020-07-10,0,123603
VNM,2020-07-11,0,123603
VNM,2020-07-12,0,123603
VNM,2020-07-13,0,123603
VNM,2020-07-14,0,123603
VNM,2020-07-15,0,123603
VNM,2020-07-16,0,123603
VNM,2020-07-17,0,123603
VNM,2020-07-18,0,123603
VNM,2020-07-19,0,123603
VNM,2020-07-20,0,123603
VNM,2020-07-21,0,123603
VNM,2020-07-22,0,123603
VNM,2020-07-23,0,123603
VNM,2020-07-24,0,123603
VNM,2020-07-25,0,123603
VNM,2020-07-26,0,123603
VNM,2020-07-27,0,123603
VNM,2020-07-28,0,123603
VNM,2020-07-29,0,123603
VNM,2020-07-30,6047,129650
VNM,2020-07-31,0,129650
VNM,2020-08-01,0,129650
VNM,2020-08-02,11046,140696
VNM,2020-08-03,11025,151721
VNM,2020-08-04,13148,164869
VNM,2020-08-05,0,164869
VNM,2020-08-06,0,164869
VNM,2020-08-07,0,164869
VNM,2020-08-08,0,164869
VNM,2020-08-09,0,164869
VNM,2020-08-10,0,164869
VNM,2020-08-11,0,164869
VNM,2020-08-12,0,164869
VNM,2020-08-13,0,164869
VNM,2020-08-14,0,164869
VNM,2020-08-15,0,164869
VNM,2020-08-16,0,164869
VNM,2020-08-17,0,164869
VNM,2020-08-18,0,164869
VNM,2020-08-19,0,164869
VNM,2020-08-20,0,164869
VNM,2020-08-21,0,164869
VNM,2020-08-22,0,164869
VNM,2020-08-23,0,164869
VNM,2020-08-24,0,164869
VNM,2020-08-25,0,164869
VNM,2020-08-26,0,164869
VNM,2020-08-27,0,164869
VNM,2020-08-28,0,164869
VNM,2020-08-29,0,164869
VNM,2020-08-30,5313,170182
VNM,2020-08-31,0,170182
VNM,2020-09-01,0,170182
VNM,2020-09-02,0,170182
VNM,2020-09-03,0,170182
VNM,2020-09-04,0,170182
VNM,2020-09-05,0,170182
VNM,2020-09-06,7983,178165
VNM,2020-09-07,8774,186939
VNM,2020-09-08,8158,195097
VNM,2020-09-09,7371,202468
VNM,2020-09-10,9571,212039
VNM,2020-09-11,0,212039
VNM,2020-09-12,0,212039
VNM,2020-09-13,0,212039
VNM,2020-09-14,3005,215044
VNM,2020-09-15,4031,219075
VNM,2020-09-16,5035,224110
VNM,2020-09-17,2134,226244
VNM,2020-09-18,92374,318618
VNM,2020-09-19,3911,322529
VNM,2020-09-20,764,323293
VNM,2020-09-21,5565,328858
VNM,2020-09-22,0,328858
VNM,2020-09-23,0,328858
VNM,2020-09-24,0,328858
VNM,2020-09-25,0,328858
VNM,2020-09-26,0,328858
VNM,2020-09-27,0,328858
VNM,2020-09-28,0,328858
VNM,2020-09-29,0,328858
VNM,2020-09-30,0,328858
VNM,2020-10-01,0,328858
VNM,2020-10-02,0,328858
VNM,2020-10-03,0,328858
VNM,2020-10-04,0,328858
VNM,2020-10-05,0,328858
VNM,2020-10-06,0,328858
VNM,2020-10-07,0,328858
VNM,2020-10-08,0,328858
VNM,2020-10-09,0,328858
VNM,2020-10-10,0,328858
VNM,2020-10-11,0,328858
VNM,2020-10-12,1824,330682
VNM,2020-10-13,0,330682
VNM,2020-10-14,0,330682
VNM,2020-10-15,3009,333691
VNM,2020-12-19,0,333691
VNM,2021-03-15,0,333691
VNM,2021-04-28,0,333691
VNM,2021-04-29,0,333691
VNM,2021-04-30,0,333691
VNM,2021-05-01,0,333691
VNM,2021-05-02,0,333691
VNM,2021-05-03,0,333691
VNM,2021-05-04,0,333691
VNM,2021-05-05,0,333691
VNM,2021-05-06,0,333691
VNM,2021-05-07,0,333691
VNM,2021-05-08,0,333691
VNM,2021-05-09,0,333691
VNM,2021-05-10,0,333691
VNM,2021-05-11,0,333691
VNM,2021-05-12,0,333691
VNM,2021-05-13,0,333691
VNM,2021-05-14,0,333691
VNM,2021-05-15,0,333691
VNM,2021-05-16,0,333691
VNM,2021-05-17,0,333691
VNM,2021-05-18,0,333691
VNM,2021-05-19,0,333691
VNM,2021-05-20,0,333691
VNM,2021-05-21,0,333691
VNM,2021-05-22,44757,378448
VNM,2021-05-23,37654,416102
VNM,2021-05-24,35933,452035
VNM,2021-05-25,77461,529496
VNM,2021-05-26,53743,583239
VNM,2021-05-27,0,583239
VNM,2021-05-28,0,583239
VNM,2021-05-29,53211,636450
VNM,2021-05-30,72199,708649
VNM,2021-05-31,0,708649
VNM,2021-06-01,0,708649
VNM,2021-06-02,0,708649
VNM,2021-06-03,51066,759715
VNM,2021-06-04,43003,802718
VNM,2021-06-05,0,802718
VNM,2021-06-06,0,802718
VNM,2021-06-07,68923,871641
VNM,2021-06-08,42290,913931
VNM,2021-06-09,62370,976301
VNM,2021-06-10,43798,1020099
VNM,2021-06-11,70977,1091076
VNM,2021-06-12,69511,1160587
VNM,2021-06-13,70741,1231328
VNM,2021-06-14,69477,1300805
VNM,2021-06-15,77438,1378243
VNM,2021-06-16,59363,1437606
ZMB,2020-03-19,0,0
ZMB,2020-03-20,25,25
ZMB,2020-03-21,0,25
ZMB,2020-03-22,0,25
ZMB,2020-03-23,0,25
ZMB,2020-03-24,0,25
ZMB,2020-03-25,40,65
ZMB,2020-03-26,54,119
ZMB,2020-03-27,72,191
ZMB,2020-03-28,81,272
ZMB,2020-03-29,50,322
ZMB,2020-03-30,75,397
ZMB,2020-03-31,45,442
ZMB,2020-04-01,120,562
ZMB,2020-04-02,216,778
ZMB,2020-04-03,0,778
ZMB,2020-04-04,0,778
ZMB,2020-04-05,54,832
ZMB,2020-04-06,17,849
ZMB,2020-04-07,106,955
ZMB,2020-04-08,135,1090
ZMB,2020-04-09,92,1182
ZMB,2020-04-10,29,1211
ZMB,2020-04-11,111,1322
ZMB,2020-04-12,71,1393
ZMB,2020-04-13,125,1518
ZMB,2020-04-14,45,1563
ZMB,2020-04-15,184,1747
ZMB,2020-04-16,128,1875
ZMB,2020-04-17,218,2093
ZMB,2020-04-18,120,2213
ZMB,2020-04-19,410,2623
ZMB,2020-04-20,481,3104
ZMB,2020-04-21,479,3583
ZMB,2020-04-22,325,3908
ZMB,2020-04-23,205,4113
ZMB,2020-04-24,420,4533
ZMB,2020-04-25,230,4763
ZMB,2020-04-26,389,5152
ZMB,2020-04-27,0,5152
ZMB,2020-04-28,0,5152
ZMB,2020-04-29,182,5334
ZMB,2020-04-30,214,5548
ZMB,2020-05-01,54,5602
ZMB,2020-05-02,395,5997
ZMB,2020-05-03,926,6923
ZMB,2020-05-04,433,7356
ZMB,2020-05-05,1459,8815
ZMB,2020-05-06,468,9283
ZMB,2020-05-07,849,10132
ZMB,2020-05-08,683,10815
ZMB,2020-05-09,496,11311
ZMB,2020-05-10,250,11561
ZMB,2020-05-11,286,11847
ZMB,2020-05-12,368,12215
ZMB,2020-05-13,432,12647
ZMB,2020-05-14,1560,14207
ZMB,2020-05-15,324,14531
ZMB,2020-05-16,667,15198
ZMB,2020-05-17,876,16074
ZMB,2020-05-18,521,16595
ZMB,2020-05-19,644,17239
ZMB,2020-05-20,495,17734
ZMB,2020-05-21,418,18152
ZMB,2020-05-22,579,18731
ZMB,2020-05-23,0,18731
ZMB,2020-05-24,0,18731
ZMB,2020-05-25,0,18731
ZMB,2020-05-26,0,18731
ZMB,2020-05-27,0,18731
ZMB,2020-05-28,0,18731
ZMB,2020-05-29,0,18731
ZMB,2020-05-30,0,18731
ZMB,2020-05-31,0,18731
ZMB,2020-06-01,0,18731
ZMB,2020-06-02,0,18731
ZMB,2020-06-03,0,18731
ZMB,2020-06-04,0,18731
ZMB,2020-06-05,0,18731
ZMB,2020-06-06,0,18731
ZMB,2020-06-07,0,18731
ZMB,2020-06-08,0,18731
ZMB,2020-06-09,0,18731
ZMB,2020-06-10,542,19273
ZMB,2020-06-11,0,19273
ZMB,2020-06-12,0,19273
ZMB,2020-06-13,1853,21126
ZMB,2020-06-14,302,21428
ZMB,2020-06-15,0,21428
ZMB,2020-06-16,0,21428
ZMB,2020-06-17,749,22177
ZMB,2020-06-18,375,22552
ZMB,2020-06-19,1419,23971
ZMB,2020-06-20,804,24775
ZMB,2020-06-21,621,25396
ZMB,2020-06-22,0,25396
ZMB,2020-06-23,0,25396
ZMB,2020-06-24,855,26251
ZMB,2020-06-25,569,26820
ZMB,2020-06-26,1175,27995
ZMB,2020-06-27,653,28648
ZMB,2020-06-28,277,28925
ZMB,2020-06-29,363,29288
ZMB,2020-06-30,227,29515
ZMB,2020-07-01,1935,31450
ZMB,2020-07-02,330,31780
ZMB,2020-07-03,517,32297
ZMB,2020-07-04,1950,34247
ZMB,2020-07-05,628,34875
ZMB,2020-07-06,380,35255
ZMB,2020-07-07,674,35929
ZMB,2020-07-08,334,36263
ZMB,2020-07-09,523,36786
ZMB,2020-07-10,302,37088
ZMB,2020-07-11,1161,38249
ZMB,2020-07-12,515,38764
ZMB,2020-07-13,731,39495
ZMB,2020-07-14,938,40433
ZMB,2020-07-15,568,41001
ZMB,2020-07-16,720,41721
ZMB,2020-07-17,848,42569
ZMB,2020-07-18,1352,43921
ZMB,2020-07-19,1352,45273
ZMB,2020-07-20,959,46232
ZMB,2020-07-21,369,46601
ZMB,2020-07-22,844,47445
ZMB,2020-07-23,576,48021
ZMB,2020-07-24,835,48856
ZMB,2020-07-25,1841,50697
ZMB,2020-07-26,446,51143
ZMB,2020-07-27,209,51352
ZMB,2020-07-28,2542,53894
ZMB,2020-07-29,970,54864
ZMB,2020-07-30,1243,56107
ZMB,2020-07-31,1611,57718
ZMB,2020-08-01,1908,59626
ZMB,2020-08-02,559,60185
ZMB,2020-08-03,1820,62005
ZMB,2020-08-04,1091,63096
ZMB,2020-08-05,1112,64208
ZMB,2020-08-06,724,64932
ZMB,2020-08-07,2034,66966
ZMB,2020-08-08,1003,67969
ZMB,2020-08-09,651,68620
ZMB,2020-08-10,454,69074
ZMB,2020-08-11,362,69436
ZMB,2020-08-12,782,70218
ZMB,2020-08-13,1017,71235
ZMB,2020-08-14,1568,72803
ZMB,2020-08-15,588,73391
ZMB,2020-08-16,1069,74460
ZMB,2020-08-17,1549,76009
ZMB,2020-08-18,794,76803
ZMB,2020-08-19,845,77648
ZMB,2020-08-20,1155,78803
ZMB,2020-08-21,1486,80289
ZMB,2020-08-22,785,81074
ZMB,2020-08-23,1515,82589
ZMB,2020-08-24,346,82935
ZMB,2020-08-25,651,83586
ZMB,2020-08-26,599,84185
ZMB,2020-08-27,1400,85585
ZMB,2020-08-28,1224,86809
ZMB,2020-08-29,1171,87980
ZMB,2020-08-30,1046,89026
ZMB,2020-08-31,1169,90195
ZMB,2020-09-01,2191,92386
ZMB,2020-09-02,729,93115
ZMB,2020-09-03,1077,94192
ZMB,2020-09-04,1400,95592
ZMB,2020-09-05,0,95592
ZMB,2020-09-06,0,95592
ZMB,2020-09-07,1112,96704
ZMB,2020-09-08,1724,98428
ZMB,2020-09-09,1068,99496
ZMB,2020-09-10,1391,100887
ZMB,2020-09-11,1133,102020
ZMB,2020-09-12,1390,103410
ZMB,2020-09-13,982,104392
ZMB,2020-09-14,1608,106000
ZMB,2020-09-15,747,106747
ZMB,2020-09-16,847,107594
ZMB,2020-09-17,785,108379
ZMB,2020-09-18,1996,110375
ZMB,2020-09-19,1410,111785
ZMB,2020-09-20,1521,113306
ZMB,2020-09-21,1544,114850
ZMB,2020-09-22,1692,116542
ZMB,2020-09-23,1440,117982
ZMB,2020-09-24,1705,119687
ZMB,2020-09-25,1737,121424
ZMB,2020-09-26,1662,123086
ZMB,2020-09-27,1669,124755
ZMB,2020-09-28,1158,125913
ZMB,2020-09-29,1659,127572
ZMB,2020-09-30,1337,128909
ZMB,2020-10-01,1622,130531
ZMB,2020-10-02,1323,131854
ZMB,2020-10-03,1891,133745
ZMB,2020-10-04,2792,136537
ZMB,2020-10-05,1772,138309
ZMB,2020-10-06,2234,140543
ZMB,2020-10-07,5250,145793
ZMB,2020-10-08,3000,148793
ZMB,2020-10-09,3842,152635
ZMB,2020-10-10,3869,156504
ZMB,2020-10-11,2917,159421
ZMB,2020-10-12,2741,162162
ZMB,2020-10-13,4106,166268
ZMB,2020-10-14,2963,169231
ZMB,2020-10-15,2529,171760
ZMB,2020-10-16,3529,175289
ZMB,2020-10-17,3637,178926
ZMB,2020-10-18,4539,183465
ZMB,2020-10-19,2592,186057
ZMB,2020-10-20,2050,188107
ZMB,2020-10-21,3482,191589
ZMB,2020-10-22,3192,194781
ZMB,2020-10-23,4222,199003
ZMB,2020-10-24,4227,203230
ZMB,2020-10-25,3161,206391
ZMB,2020-10-26,4677,211068
ZMB,2020-10-27,3566,214634
ZMB,2020-10-28,3171,217805
ZMB,2020-10-29,4757,222562
ZMB,2020-10-30,6843,229405
ZMB,2020-10-31,4531,233936
ZMB,2020-11-01,3947,237883
ZMB,2020-11-02,5771,243654
ZMB,2020-11-03,4715,248369
ZMB,2020-11-04,4291,252660
ZMB,2020-11-05,3768,256428
ZMB,2020-11-06,6157,262585
ZMB,2020-11-07,2886,265471
ZMB,2020-11-08,5886,271357
ZMB,2020-11-09,3335,274692
ZMB,2020-11-10,6671,281363
ZMB,2020-11-11,4018,285381
ZMB,2020-11-12,2647,288028
ZMB,2020-11-13,5276,293304
ZMB,2020-11-14,3844,297148
ZMB,2020-11-15,4042,301190
ZMB,2020-11-16,5194,306384
ZMB,2020-11-17,6129,312513
ZMB,2020-11-18,6857,319370
ZMB,2020-11-19,6394,325764
ZMB,2020-11-20,4337,330101
ZMB,2020-11-21,4303,334404
ZMB,2020-11-22,5923,340327
ZMB,2020-11-23,2991,343318
ZMB,2020-11-24,4063,347381
ZMB,2020-11-25,4168,351549
ZMB,2020-11-26,4724,356273
ZMB,2020-11-27,5547,361820
ZMB,2020-11-28,5958,367778
ZMB,2020-11-29,5072,372850
ZMB,2020-11-30,4979,377829
ZMB,2020-12-01,6323,384152
ZMB,2020-12-02,5412,389564
ZMB,2020-12-03,6796,396360
ZMB,2020-12-04,7653,404013
ZMB,2020-12-05,5870,409883
ZMB,2020-12-06,4119,414002
ZMB,2020-12-07,9689,423691
ZMB,2020-12-08,5162,428853
ZMB,2020-12-09,6278,435131
ZMB,2020-12-10,6014,441145
ZMB,2020-12-11,3755,444900
ZMB,2020-12-12,5632,450532
ZMB,2020-12-13,7125,457657
ZMB,2020-12-14,5627,463284
ZMB,2020-12-15,3759,467043
ZMB,2020-12-16,4954,471997
ZMB,2020-12-17,7257,479254
ZMB,2020-12-18,8032,487286
ZMB,2020-12-19,5058,492344
ZMB,2020-12-20,5890,498234
ZMB,2020-12-21,6124,504358
ZMB,2020-12-22,5507,509865
ZMB,2020-12-23,6048,515913
ZMB,2020-12-24,3540,519453
ZMB,2020-12-25,6493,525946
ZMB,2020-12-26,4884,530830
ZMB,2020-12-27,6332,537162
ZMB,2020-12-28,7467,544629
ZMB,2020-12-29,4884,549513
ZMB,2020-12-30,14995,564508
ZMB,2020-12-31,9853,574361
ZMB,2021-01-01,8599,582960
ZMB,2021-01-02,7266,590226
ZMB,2021-01-03,7178,597404
ZMB,2021-01-04,5190,602594
ZMB,2021-01-05,10866,613460
ZMB,2021-01-06,10461,623921
ZMB,2021-01-07,11664,635585
ZMB,2021-01-08,11855,647440
ZMB,2021-01-09,12433,659873
ZMB,2021-01-10,11700,671573
ZMB,2021-01-11,8750,680323
ZMB,2021-01-12,11883,692206
ZMB,2021-01-13,11302,703508
ZMB,2021-01-14,9038,712546
ZMB,2021-01-15,10054,722600
ZMB,2021-01-16,9577,732177
ZMB,2021-01-17,8749,740926
ZMB,2021-01-18,4803,745729
ZMB,2021-01-19,12123,757852
ZMB,2021-01-20,11179,769031
ZMB,2021-01-21,10523,779554
ZMB,2021-01-22,9809,789363
ZMB,2021-01-23,12601,801964
ZMB,2021-01-24,7903,809867
ZMB,2021-01-25,7517,817384
ZMB,2021-01-26,11683,829067
ZMB,2021-01-27,11862,840929
ZMB,2021-01-28,13524,854453
ZMB,2021-01-29,11355,865808
ZMB,2021-01-30,12620,878428
ZMB,2021-01-31,6759,885187
ZMB,2021-02-01,5600,890787
ZMB,2021-02-02,8355,899142
ZMB,2021-02-03,10730,909872
ZMB,2021-02-04,8598,918470
ZMB,2021-02-05,10082,928552
ZMB,2021-02-06,8127,936679
ZMB,2021-02-07,10063,946742
ZMB,2021-02-08,5664,952406
ZMB,2021-02-09,6173,958579
ZMB,2021-02-10,6747,965326
ZMB,2021-02-11,0,965326
ZMB,2021-02-12,0,965326
ZMB,2021-02-13,6217,971543
ZMB,2021-02-14,13478,985021
ZMB,2021-02-15,4581,989602
ZMB,2021-02-16,5249,994851
ZMB,2021-02-17,4864,999715
ZMB,2021-02-18,5517,1005232
ZMB,2021-02-19,4433,1009665
ZMB,2021-02-20,4412,1014077
ZMB,2021-02-21,4144,1018221
ZMB,2021-02-22,5799,1024020
ZMB,2021-02-23,3910,1027930
ZMB,2021-02-24,5231,1033161
ZMB,2021-02-25,6255,1039416
ZMB,2021-02-26,4889,1044305
ZMB,2021-02-27,5380,1049685
ZMB,2021-02-28,4413,1054098
ZMB,2021-03-01,5535,1059633
ZMB,2021-03-02,6266,1065899
ZMB,2021-03-03,6964,1072863
ZMB,2021-03-04,7418,1080281
ZMB,2021-03-05,7611,1087892
ZMB,2021-03-06,5655,1093547
ZMB,2021-03-07,4718,1098265
ZMB,2021-03-08,3098,1101363
ZMB,2021-03-09,3665,1105028
ZMB,2021-03-10,4634,1109662
ZMB,2021-03-11,5565,1115227
ZMB,2021-03-12,5227,1120454
ZMB,2021-03-13,3461,1123915
ZMB,2021-03-14,3432,1127347
ZMB,2021-03-15,4353,1131700
ZMB,2021-03-16,4283,1135983
ZMB,2021-03-17,4893,1140876
ZMB,2021-03-18,6381,1147257
ZMB,2021-03-19,5051,1152308
ZMB,2021-03-20,5495,1157803
ZMB,2021-03-21,4764,1162567
ZMB,2021-03-22,4098,1166665
ZMB,2021-03-23,6248,1172913
ZMB,2021-03-24,4844,1177757
ZMB,2021-03-25,7646,1185403
ZMB,2021-03-26,5876,1191279
ZMB,2021-03-27,5339,1196618
ZMB,2021-03-28,4817,1201435
ZMB,2021-03-29,3393,1204828
ZMB,2021-03-30,6356,1211184
ZMB,2021-03-31,7465,1218649
ZMB,2021-04-01,5487,1224136
ZMB,2021-04-02,4814,1228950
ZMB,2021-04-03,2642,1231592
ZMB,2021-04-04,3166,1234758
ZMB,2021-04-05,2872,1237630
ZMB,2021-04-06,2438,1240068
ZMB,2021-04-07,7261,1247329
ZMB,2021-04-08,6016,1253345
ZMB,2021-04-09,0,1253345
ZMB,2021-04-10,0,1253345
ZMB,2021-04-11,4949,1258294
ZMB,2021-04-12,3371,1261665
ZMB,2021-04-13,6134,1267799
ZMB,2021-04-14,6640,1274439
ZMB,2021-04-15,5696,1280135
ZMB,2021-04-16,7990,1288125
ZMB,2021-04-17,6330,1294455
ZMB,2021-04-18,4999,1299454
ZMB,2021-04-19,2676,1302130
ZMB,2021-04-20,6214,1308344
ZMB,2021-04-21,5253,1313597
ZMB,2021-04-22,4800,1318397
ZMB,2021-04-23,5091,1323488
ZMB,2021-04-24,5069,1328557
ZMB,2021-04-25,3338,1331895
ZMB,2021-04-26,1653,1333548
ZMB,2021-04-27,4022,1337570
ZMB,2021-04-28,4779,1342349
ZMB,2021-04-29,5500,1347849
ZMB,2021-04-30,5335,1353184
ZMB,2021-05-01,6500,1359684
ZMB,2021-05-02,3116,1362800
ZMB,2021-05-03,2410,1365210
ZMB,2021-05-04,4998,1370208
ZMB,2021-05-05,4663,1374871
ZMB,2021-05-06,4765,1379636
ZMB,2021-05-07,5242,1384878
ZMB,2021-05-08,4325,1389203
ZMB,2021-05-09,3098,1392301
ZMB,2021-05-10,3164,1395465
ZMB,2021-05-11,5697,1401162
ZMB,2021-05-12,4800,1405962
ZMB,2021-05-13,4264,1410226
ZMB,2021-05-14,4940,1415166
ZMB,2021-05-15,6171,1421337
ZMB,2021-05-16,3244,1424581
ZMB,2021-05-17,2988,1427569
ZMB,2021-05-18,4877,1432446
ZMB,2021-05-19,5915,1438361
ZMB,2021-05-20,8446,1446807
ZMB,2021-05-21,0,1446807
ZMB,2021-05-22,0,1446807
ZMB,2021-05-23,3655,1450462
ZMB,2021-05-24,3471,1453933
ZMB,2021-05-25,5144,1459077
ZMB,2021-05-26,5194,1464271
ZMB,2021-05-27,6988,1471259
ZMB,2021-05-28,6392,1477651
ZMB,2021-05-29,9159,1486810
ZMB,2021-05-30,5553,1492363
ZMB,2021-05-31,3642,1496005
ZMB,2021-06-01,8070,1504075
ZMB,2021-06-02,9857,1513932
ZMB,2021-06-03,10949,1524881
ZMB,2021-06-04,10923,1535804
ZMB,2021-06-05,10678,1546482
ZMB,2021-06-06,6987,1553469
ZMB,2021-06-07,4902,1558371
ZMB,2021-06-08,10115,1568486
ZMB,2021-06-09,14445,1582931
ZMB,2021-06-10,14033,1596964
ZMB,2021-06-11,12415,1609379
ZMB,2021-06-12,12064,1621443
ZMB,2021-06-13,8227,1629670
ZMB,2021-06-14,7110,1636780
ZMB,2021-06-15,11999,1648779
ZMB,2021-06-16,12928,1661707
ZMB,2021-06-17,16002,1677709
ZMB,2021-06-18,12703,1690412
ZMB,2021-06-19,11589,1702001
ZMB,2021-06-20,8278,1710279
ZMB,2021-06-21,6369,1716648
ZMB,2021-06-22,10882,1727530
ZMB,2021-06-23,12952,1740482
ZMB,2021-06-24,12880,1753362
ZMB,2021-06-25,11059,1764421
ZMB,2021-06-26,10918,1775339
ZMB,2021-06-27,10689,1786028
ZMB,2021-06-28,5762,1791790
ZWE,2020-05-06,0,0
ZWE,2020-05-07,333,333
ZWE,2020-05-08,600,933
ZWE,2020-05-09,852,1785
ZWE,2020-05-10,279,2064
ZWE,2020-05-11,726,2790
ZWE,2020-05-12,460,3250
ZWE,2020-05-13,133,3383
ZWE,2020-05-14,0,3383
ZWE,2020-05-15,0,3383
ZWE,2020-05-16,874,4257
ZWE,2020-05-17,289,4546
ZWE,2020-05-18,540,5086
ZWE,2020-05-19,1071,6157
ZWE,2020-05-20,443,6600
ZWE,2020-05-21,466,7066
ZWE,2020-05-22,110,7176
ZWE,2020-05-23,142,7318
ZWE,2020-05-24,219,7537
ZWE,2020-05-25,210,7747
ZWE,2020-05-26,0,7747
ZWE,2020-05-27,0,7747
ZWE,2020-05-28,186,7933
ZWE,2020-05-29,420,8353
ZWE,2020-05-30,666,9019
ZWE,2020-05-31,546,9565
ZWE,2020-06-01,637,10202
ZWE,2020-06-02,581,10783
ZWE,2020-06-03,722,11505
ZWE,2020-06-04,390,11895
ZWE,2020-06-05,598,12493
ZWE,2020-06-06,354,12847
ZWE,2020-06-07,153,13000
ZWE,2020-06-08,394,13394
ZWE,2020-06-09,352,13746
ZWE,2020-06-10,552,14298
ZWE,2020-06-11,267,14565
ZWE,2020-06-12,465,15030
ZWE,2020-06-13,473,15503
ZWE,2020-06-14,96,15599
ZWE,2020-06-15,507,16106
ZWE,2020-06-16,251,16357
ZWE,2020-06-17,427,16784
ZWE,2020-06-18,524,17308
ZWE,2020-06-19,302,17610
ZWE,2020-06-20,334,17944
ZWE,2020-06-21,406,18350
ZWE,2020-06-22,364,18714
ZWE,2020-06-23,378,19092
ZWE,2020-06-24,654,19746
ZWE,2020-06-25,435,20181
ZWE,2020-06-26,489,20670
ZWE,2020-06-27,464,21134
ZWE,2020-06-28,458,21592
ZWE,2020-06-29,272,21864
ZWE,2020-06-30,340,22204
ZWE,2020-07-01,380,22584
ZWE,2020-07-02,522,23106
ZWE,2020-07-03,499,23605
ZWE,2020-07-04,733,24338
ZWE,2020-07-05,411,24749
ZWE,2020-07-06,312,25061
ZWE,2020-07-07,592,25653
ZWE,2020-07-08,606,26259
ZWE,2020-07-09,580,26839
ZWE,2020-07-10,659,27498
ZWE,2020-07-11,394,27892
ZWE,2020-07-12,517,28409
ZWE,2020-07-13,412,28821
ZWE,2020-07-14,693,29514
ZWE,2020-07-15,603,30117
ZWE,2020-07-16,492,30609
ZWE,2020-07-17,979,31588
ZWE,2020-07-18,541,32129
ZWE,2020-07-19,802,32931
ZWE,2020-07-20,502,33433
ZWE,2020-07-21,592,34025
ZWE,2020-07-22,1076,35101
ZWE,2020-07-23,1248,36349
ZWE,2020-07-24,5055,41404
ZWE,2020-07-25,2096,43500
ZWE,2020-07-26,1339,44839
ZWE,2020-07-27,1485,46324
ZWE,2020-07-28,1169,47493
ZWE,2020-07-29,1791,49284
ZWE,2020-07-30,1340,50624
ZWE,2020-07-31,1001,51625
ZWE,2020-08-01,1445,53070
ZWE,2020-08-02,1608,54678
ZWE,2020-08-03,1449,56127
ZWE,2020-08-04,1080,57207
ZWE,2020-08-05,1660,58867
ZWE,2020-08-06,768,59635
ZWE,2020-08-07,961,60596
ZWE,2020-08-08,1212,61808
ZWE,2020-08-09,1293,63101
ZWE,2020-08-10,2816,65917
ZWE,2020-08-11,1795,67712
ZWE,2020-08-12,1411,69123
ZWE,2020-08-13,1108,70231
ZWE,2020-08-14,1211,71442
ZWE,2020-08-15,1389,72831
ZWE,2020-08-16,1546,74377
ZWE,2020-08-17,898,75275
ZWE,2020-08-18,1229,76504
ZWE,2020-08-19,1618,78122
ZWE,2020-08-20,1256,79378
ZWE,2020-08-21,1810,81188
ZWE,2020-08-22,1001,82189
ZWE,2020-08-23,852,83041
ZWE,2020-08-24,770,83811
ZWE,2020-08-25,1574,85385
ZWE,2020-08-26,878,86263
ZWE,2020-08-27,951,87214
ZWE,2020-08-28,1551,88765
ZWE,2020-08-29,1114,89879
ZWE,2020-08-30,602,90481
ZWE,2020-08-31,836,91317
ZWE,2020-09-01,1013,92330
ZWE,2020-09-02,939,93269
ZWE,2020-09-03,1095,94364
ZWE,2020-09-04,919,95283
ZWE,2020-09-05,0,95283
ZWE,2020-09-06,0,95283
ZWE,2020-09-07,416,95699
ZWE,2020-09-08,521,96220
ZWE,2020-09-09,1053,97273
ZWE,2020-09-10,969,98242
ZWE,2020-09-11,1051,99293
ZWE,2020-09-12,1189,100482
ZWE,2020-09-13,367,100849
ZWE,2020-09-14,349,101198
ZWE,2020-09-15,404,101602
ZWE,2020-09-16,647,102249
ZWE,2020-09-17,1011,103260
ZWE,2020-09-18,755,104015
ZWE,2020-09-19,539,104554
ZWE,2020-09-20,628,105182
ZWE,2020-09-21,263,105445
ZWE,2020-09-22,637,106082
ZWE,2020-09-23,630,106712
ZWE,2020-09-24,721,107433
ZWE,2020-09-25,667,108100
ZWE,2020-09-26,543,108643
ZWE,2020-09-27,238,108881
ZWE,2020-09-28,504,109385
ZWE,2020-09-29,467,109852
ZWE,2020-09-30,467,110319
ZWE,2020-10-01,1039,111358
ZWE,2020-10-02,692,112050
ZWE,2020-10-03,421,112471
ZWE,2020-10-04,217,112688
ZWE,2020-10-05,929,113617
ZWE,2020-10-06,899,114516
ZWE,2020-10-07,759,115275
ZWE,2020-10-08,929,116204
ZWE,2020-10-09,123,116327
ZWE,2020-10-10,604,116931
ZWE,2020-10-11,597,117528
ZWE,2020-10-12,481,118009
ZWE,2020-10-13,588,118597
ZWE,2020-10-14,615,119212
ZWE,2020-10-15,818,120030
ZWE,2020-10-16,615,120645
ZWE,2020-10-17,804,121449
ZWE,2020-10-18,263,121712
ZWE,2020-10-19,564,122276
ZWE,2020-10-20,791,123067
ZWE,2020-10-21,805,123872
ZWE,2020-10-22,827,124699
ZWE,2020-10-23,1039,125738
ZWE,2020-10-24,626,126364
ZWE,2020-10-25,816,127180
ZWE,2020-10-26,698,127878
ZWE,2020-10-27,1050,128928
ZWE,2020-10-28,571,129499
ZWE,2020-10-29,1143,130642
ZWE,2020-10-30,911,131553
ZWE,2020-10-31,681,132234
ZWE,2020-11-01,574,132808
ZWE,2020-11-02,610,133418
ZWE,2020-11-03,745,134163
ZWE,2020-11-04,854,135017
ZWE,2020-11-05,855,135872
ZWE,2020-11-06,756,136628
ZWE,2020-11-07,687,137315
ZWE,2020-11-08,582,137897
ZWE,2020-11-09,697,138594
ZWE,2020-11-10,1151,139745
ZWE,2020-11-11,613,140358
ZWE,2020-11-12,1086,141444
ZWE,2020-11-13,1092,142536
ZWE,2020-11-14,580,143116
ZWE,2020-11-15,960,144076
ZWE,2020-11-16,848,144924
ZWE,2020-11-17,875,145799
ZWE,2020-11-18,1246,147045
ZWE,2020-11-19,1123,148168
ZWE,2020-11-20,950,149118
ZWE,2020-11-21,604,149722
ZWE,2020-11-22,1404,151126
ZWE,2020-11-23,555,151681
ZWE,2020-11-24,923,152604
ZWE,2020-11-25,1073,153677
ZWE,2020-11-26,1770,155447
ZWE,2020-11-27,907,156354
ZWE,2020-11-28,1721,158075
ZWE,2020-11-29,965,159040
ZWE,2020-11-30,797,159837
ZWE,2020-12-01,1029,160866
ZWE,2020-12-02,1862,162728
ZWE,2020-12-03,1294,164022
ZWE,2020-12-04,1722,165744
ZWE,2020-12-05,1577,167321
ZWE,2020-12-06,548,167869
ZWE,2020-12-07,1270,169139
ZWE,2020-12-08,1965,171104
ZWE,2020-12-09,1541,172645
ZWE,2020-12-10,1703,174348
ZWE,2020-12-11,1444,175792
ZWE,2020-12-12,1364,177156
ZWE,2020-12-13,1187,178343
ZWE,2020-12-14,1626,179969
ZWE,2020-12-15,559,180528
ZWE,2020-12-16,1352,181880
ZWE,2020-12-17,1959,183839
ZWE,2020-12-18,2155,185994
ZWE,2020-12-19,1581,187575
ZWE,2020-12-20,2144,189719
ZWE,2020-12-21,1205,190924
ZWE,2020-12-22,1425,192349
ZWE,2020-12-23,1501,193850
ZWE,2020-12-24,1870,195720
ZWE,2020-12-25,1700,197420
ZWE,2020-12-26,1184,198604
ZWE,2020-12-27,1015,199619
ZWE,2020-12-28,951,200570
ZWE,2020-12-29,2373,202943
ZWE,2020-12-30,2462,205405
ZWE,2020-12-31,1677,207082
ZWE,2021-01-01,3679,210761
ZWE,2021-01-02,1834,212595
ZWE,2021-01-03,3313,215908
ZWE,2021-01-04,1874,217782
ZWE,2021-01-05,4880,222662
ZWE,2021-01-06,4696,227358
ZWE,2021-01-07,3826,231184
ZWE,2021-01-08,2746,233930
ZWE,2021-01-09,3010,236940
ZWE,2021-01-10,4936,241876
ZWE,2021-01-11,1518,243394
ZWE,2021-01-12,4462,247856
ZWE,2021-01-13,3507,251363
ZWE,2021-01-14,3106,254469
ZWE,2021-01-15,3386,257855
ZWE,2021-01-16,3570,261425
ZWE,2021-01-17,1485,262910
ZWE,2021-01-18,3829,266739
ZWE,2021-01-19,4725,271464
ZWE,2021-01-20,4418,275882
ZWE,2021-01-21,3257,279139
ZWE,2021-01-22,3829,282968
ZWE,2021-01-23,2545,285513
ZWE,2021-01-24,2311,287824
ZWE,2021-01-25,2374,290198
ZWE,2021-01-26,3061,293259
ZWE,2021-01-27,3666,296925
ZWE,2021-01-28,4164,301089
ZWE,2021-01-29,4252,305341
ZWE,2021-01-30,1985,307326
ZWE,2021-01-31,1762,309088
ZWE,2021-02-01,2433,311521
ZWE,2021-02-02,4160,315681
ZWE,2021-02-03,2829,318510
ZWE,2021-02-04,3076,321586
ZWE,2021-02-05,2645,324231
ZWE,2021-02-06,2086,326317
ZWE,2021-02-07,1064,327381
ZWE,2021-02-08,2557,329938
ZWE,2021-02-09,2447,332385
ZWE,2021-02-10,3561,335946
ZWE,2021-02-11,2237,338183
ZWE,2021-02-12,2081,340264
ZWE,2021-02-13,1318,341582
ZWE,2021-02-14,2079,343661
ZWE,2021-02-15,1481,345142
ZWE,2021-02-16,3130,348272
ZWE,2021-02-17,2063,350335
ZWE,2021-02-18,3978,354313
ZWE,2021-02-19,2385,356698
ZWE,2021-02-20,1436,358134
ZWE,2021-02-21,1212,359346
ZWE,2021-02-22,1643,360989
ZWE,2021-02-23,1873,362862
ZWE,2021-02-24,1804,364666
ZWE,2021-02-25,2965,367631
ZWE,2021-02-26,2141,369772
ZWE,2021-02-27,1302,371074
ZWE,2021-02-28,914,371988
ZWE,2021-03-01,2041,374029
ZWE,2021-03-02,2207,376236
ZWE,2021-03-03,1903,378139
ZWE,2021-03-04,2054,380193
ZWE,2021-03-05,1534,381727
ZWE,2021-03-06,1600,383327
ZWE,2021-03-07,535,383862
ZWE,2021-03-08,1764,385626
ZWE,2021-03-09,2056,387682
ZWE,2021-03-10,2164,389846
ZWE,2021-03-11,1706,391552
ZWE,2021-03-12,2109,393661
ZWE,2021-03-13,635,394296
ZWE,2021-03-14,1127,395423
ZWE,2021-03-15,1691,397114
ZWE,2021-03-16,2062,399176
ZWE,2021-03-17,1510,400686
ZWE,2021-03-18,2484,403170
ZWE,2021-03-19,2286,405456
ZWE,2021-03-20,744,406200
ZWE,2021-03-21,660,406860
ZWE,2021-03-22,2342,409202
ZWE,2021-03-23,1743,410945
ZWE,2021-03-24,3518,414463
ZWE,2021-03-25,1914,416377
ZWE,2021-03-26,3074,419451
ZWE,2021-03-27,1990,421441
ZWE,2021-03-28,1098,422539
ZWE,2021-03-29,1467,424006
ZWE,2021-03-30,2675,426681
ZWE,2021-03-31,1440,428121
ZWE,2021-04-01,2337,430458
ZWE,2021-04-02,1362,431820
ZWE,2021-04-03,1081,432901
ZWE,2021-04-04,1115,434016
ZWE,2021-04-05,1171,435187
ZWE,2021-04-06,1604,436791
ZWE,2021-04-07,3301,440092
ZWE,2021-04-08,1841,441933
ZWE,2021-04-09,2407,444340
ZWE,2021-04-10,2167,446507
ZWE,2021-04-11,1257,447764
ZWE,2021-04-12,1111,448875
ZWE,2021-04-13,1950,450825
ZWE,2021-04-14,2375,453200
ZWE,2021-04-15,2711,455911
ZWE,2021-04-16,2021,457932
ZWE,2021-04-17,2311,460243
ZWE,2021-04-18,1111,461354
ZWE,2021-04-19,1863,463217
ZWE,2021-04-20,2493,465710
ZWE,2021-04-21,1930,467640
ZWE,2021-04-22,1945,469585
ZWE,2021-04-23,1332,470917
ZWE,2021-04-24,1583,472500
ZWE,2021-04-25,1279,473779
ZWE,2021-04-26,1495,475274
ZWE,2021-04-27,2355,477629
ZWE,2021-04-28,2025,479654
ZWE,2021-04-29,2184,481838
ZWE,2021-04-30,1994,483832
ZWE,2021-05-01,1846,485678
ZWE,2021-05-02,1133,486811
ZWE,2021-05-03,1895,488706
ZWE,2021-05-04,1516,490222
ZWE,2021-05-05,2822,493044
ZWE,2021-05-06,3360,496404
ZWE,2021-05-07,1401,497805
ZWE,2021-05-08,1770,499575
ZWE,2021-05-09,1300,500875
ZWE,2021-05-10,2096,502971
ZWE,2021-05-11,2118,505089
ZWE,2021-05-12,1839,506928
ZWE,2021-05-13,2461,509389
ZWE,2021-05-14,1731,511120
ZWE,2021-05-15,2022,513142
ZWE,2021-05-16,910,514052
ZWE,2021-05-17,1834,515886
ZWE,2021-05-18,2154,518040
ZWE,2021-05-19,3113,521153
ZWE,2021-05-20,2134,523287
ZWE,2021-05-21,1842,525129
ZWE,2021-05-22,1590,526719
ZWE,2021-05-23,860,527579
ZWE,2021-05-24,2601,530180
ZWE,2021-05-25,1416,531596
ZWE,2021-05-26,1629,533225
ZWE,2021-05-27,2159,535384
ZWE,2021-05-28,1833,537217
ZWE,2021-05-29,2032,539249
ZWE,2021-05-30,762,540011
ZWE,2021-05-31,1638,541649
ZWE,2021-06-01,2376,544025
ZWE,2021-06-02,2582,546607
ZWE,2021-06-03,1817,548424
ZWE,2021-06-04,2291,550715
ZWE,2021-06-05,1932,552647
ZWE,2021-06-06,1048,553695
ZWE,2021-06-07,2119,555814
ZWE,2021-06-08,2983,558797
ZWE,2021-06-09,3427,562224
ZWE,2021-06-10,2841,565065
ZWE,2021-06-11,2633,567698
ZWE,2021-06-12,2637,570335
ZWE,2021-06-13,1363,571698
ZWE,2021-06-14,2921,574619
ZWE,2021-06-15,1999,576618
ZWE,2021-06-16,2125,578743
ZWE,2021-06-17,3538,582281
ZWE,2021-06-18,3819,586100
ZWE,2021-06-19,2577,588677
ZWE,2021-06-20,1200,589877
ZWE,2021-06-21,3120,592997
ZWE,2021-06-22,6523,599520
ZWE,2021-06-23,5716,605236
ZWE,2021-06-24,4888,610124
